[ASCII 1000Hz, Channels: 1, Samples: 4788, Flags: 0]                          
0.000000 
0.000000 
0.000000 
0.000000 
0.000000 
0.000000 
0.000000 
0.000000 
0.000000 
0.000000 
0.000000 
0.000000 
0.000000 
0.000000 
0.000000 
0.000000 
0.000000 
0.000000 
0.000000 
0.000000 
0.000000 
0.000000 
0.000000 
0.000000 
0.000000 
0.000000 
0.000000 
0.000000 
0.000000 
0.000000 
0.000000 
0.000000 
0.000000 
0.000000 
0.000000 
0.000000 
0.000000 
0.000000 
0.000000 
0.000000 
0.000000 
0.000000 
0.000000 
0.000000 
0.000000 
0.000000 
0.000000 
0.000000 
0.000000 
0.000000 
0.000000 
0.000000 
0.000000 
0.000000 
0.000000 
0.000000 
0.000000 
0.000000 
0.000000 
0.000000 
0.000000 
0.000000 
0.000000 
0.000000 
0.000000 
0.000000 
0.000000 
0.000000 
0.000000 
0.000000 
-0.000000 
0.000000 
-0.000000 
0.000000 
-0.000000 
0.000002 
0.000044 
0.000124 
0.000203 
0.000174 
0.000380 
0.000632 
0.000492 
0.000611 
0.000479 
0.001181 
0.001727 
0.001317 
0.001283 
0.002478 
0.002615 
0.003307 
0.004456 
0.004051 
0.003722 
0.004902 
0.005074 
0.006008 
0.005790 
0.005876 
0.007963 
0.006839 
0.005832 
0.006553 
0.009846 
0.009143 
0.010229 
0.013237 
0.017052 
0.015655 
0.017114 
0.018556 
0.027498 
0.024502 
0.017009 
0.017430 
0.023338 
0.021806 
0.035010 
0.058719 
0.063170 
0.116409 
0.136784 
0.129721 
0.167335 
0.151186 
0.128620 
0.156237 
0.110036 
0.113227 
0.162967 
0.121694 
0.143014 
0.168699 
0.136254 
0.164399 
0.176245 
0.155476 
0.178595 
0.187697 
0.180106 
0.192699 
0.178245 
0.172565 
0.197145 
0.173954 
0.171869 
0.186895 
0.157463 
0.191112 
0.172815 
0.142259 
0.159752 
0.139160 
0.148734 
0.175475 
0.158063 
0.170286 
0.163363 
0.177501 
0.202547 
0.181115 
0.181657 
0.161632 
0.157267 
0.189053 
0.197085 
0.194772 
0.173259 
0.170050 
0.215658 
0.176813 
0.156303 
0.180782 
0.151428 
0.194645 
0.182214 
0.147272 
0.179053 
0.146757 
0.151465 
0.182040 
0.146968 
0.150154 
0.148918 
0.162762 
0.184712 
0.149550 
0.125647 
0.117943 
0.114582 
0.104301 
0.082279 
0.076320 
0.054001 
0.046077 
0.049441 
0.035137 
0.025057 
0.032285 
0.041158 
0.029980 
0.024477 
0.034561 
0.025841 
0.020992 
0.022251 
0.025475 
0.019211 
0.019985 
0.026392 
0.017098 
0.022195 
0.025352 
0.017089 
0.022407 
0.020159 
0.017897 
0.021343 
0.017779 
0.019404 
0.019025 
0.017103 
0.015324 
0.014196 
0.015086 
0.012416 
0.016119 
0.017127 
0.015744 
0.012249 
0.014425 
0.013152 
0.010507 
0.010800 
0.011591 
0.019343 
0.021175 
0.024704 
0.027183 
0.023924 
0.024454 
0.054215 
0.071790 
0.063840 
0.065244 
0.064021 
0.058226 
0.067494 
0.061556 
0.055224 
0.041549 
0.049834 
0.055644 
0.090387 
0.129845 
0.098737 
0.116171 
0.179817 
0.145465 
0.137504 
0.163346 
0.156385 
0.185008 
0.167733 
0.190174 
0.174325 
0.164551 
0.180201 
0.159490 
0.187759 
0.174710 
0.186663 
0.198238 
0.169692 
0.197888 
0.173118 
0.176818 
0.179497 
0.177457 
0.205992 
0.181443 
0.179373 
0.164319 
0.138613 
0.149714 
0.154799 
0.181758 
0.172671 
0.145712 
0.149765 
0.140389 
0.152439 
0.149400 
0.122510 
0.126023 
0.112123 
0.096890 
0.114840 
0.100711 
0.114723 
0.129172 
0.096164 
0.101540 
0.100666 
0.094395 
0.098820 
0.108132 
0.099439 
0.106601 
0.124529 
0.095550 
0.101950 
0.141403 
0.154355 
0.136903 
0.153598 
0.154868 
0.133391 
0.130248 
0.118302 
0.118735 
0.128499 
0.129971 
0.109654 
0.137041 
0.154893 
0.115566 
0.122789 
0.108350 
0.100461 
0.131891 
0.118125 
0.092868 
0.106318 
0.105661 
0.104408 
0.109385 
0.090505 
0.095857 
0.080675 
0.078175 
0.084885 
0.086672 
0.085356 
0.106985 
0.123227 
0.121567 
0.133725 
0.128612 
0.137943 
0.142249 
0.135401 
0.120730 
0.115827 
0.127912 
0.120879 
0.136997 
0.136957 
0.108448 
0.146272 
0.174651 
0.147703 
0.138340 
0.113901 
0.104516 
0.126701 
0.138762 
0.112112 
0.100622 
0.094513 
0.098454 
0.091856 
0.102478 
0.111632 
0.122628 
0.105328 
0.106495 
0.142798 
0.158865 
0.133717 
0.163085 
0.187323 
0.165029 
0.160130 
0.127541 
0.145895 
0.132697 
0.133423 
0.129215 
0.109329 
0.147187 
0.147306 
0.162554 
0.147113 
0.106630 
0.097123 
0.107399 
0.134773 
0.174963 
0.174164 
0.122367 
0.128060 
0.137811 
0.133694 
0.140639 
0.127118 
0.122438 
0.110334 
0.101808 
0.101962 
0.098656 
0.110849 
0.113324 
0.116919 
0.094460 
0.094891 
0.089817 
0.123787 
0.118914 
0.107128 
0.126760 
0.100048 
0.136729 
0.107953 
0.175141 
0.195555 
0.202720 
0.218000 
0.200379 
0.216635 
0.195841 
0.224100 
0.217781 
0.218432 
0.245057 
0.231185 
0.255281 
0.262806 
0.246614 
0.248578 
0.236593 
0.255594 
0.225909 
0.239150 
0.250225 
0.224435 
0.252701 
0.218793 
0.233234 
0.237760 
0.205559 
0.252753 
0.228755 
0.234249 
0.247626 
0.212184 
0.243805 
0.214351 
0.221606 
0.217371 
0.198458 
0.233920 
0.201704 
0.209108 
0.201037 
0.190073 
0.212437 
0.177641 
0.174856 
0.163084 
0.174734 
0.196690 
0.154389 
0.157764 
0.163798 
0.144959 
0.150888 
0.129642 
0.124696 
0.128400 
0.096430 
0.095825 
0.090640 
0.097822 
0.088298 
0.086363 
0.117686 
0.095273 
0.109061 
0.095848 
0.107374 
0.116647 
0.100960 
0.107358 
0.092375 
0.107699 
0.084586 
0.089717 
0.089627 
0.082250 
0.097221 
0.078166 
0.088754 
0.075263 
0.078078 
0.059817 
0.081326 
0.085150 
0.098551 
0.086228 
0.070069 
0.067556 
0.050317 
0.061485 
0.048074 
0.053700 
0.053064 
0.049221 
0.054651 
0.040761 
0.050993 
0.049205 
0.051772 
0.045134 
0.033978 
0.031828 
0.030895 
0.023638 
0.031539 
0.030971 
0.027069 
0.024998 
0.019728 
0.019988 
0.016849 
0.021540 
0.023476 
0.021713 
0.019030 
0.015756 
0.019439 
0.019296 
0.015354 
0.012207 
0.010991 
0.016072 
0.015373 
0.012845 
0.012816 
0.010382 
0.008159 
0.006718 
0.006776 
0.006030 
0.004621 
0.003487 
0.003265 
0.003303 
0.002858 
0.002165 
0.002106 
0.002349 
0.001713 
0.002041 
0.002077 
0.002362 
0.001755 
0.001782 
0.002010 
0.001542 
0.001612 
0.001285 
0.001841 
0.001497 
0.001606 
0.001417 
0.001208 
0.001452 
0.001046 
0.001018 
0.000736 
0.000790 
0.000736 
0.000756 
0.000847 
0.001069 
0.000903 
0.001552 
0.001908 
0.002127 
0.002303 
0.002776 
0.003927 
0.003334 
0.003817 
0.005675 
0.006262 
0.004915 
0.005643 
0.007104 
0.006330 
0.006223 
0.006042 
0.004824 
0.004754 
0.004684 
0.005349 
0.004814 
0.005384 
0.006698 
0.008610 
0.009721 
0.009381 
0.011059 
0.009564 
0.006755 
0.007754 
0.008382 
0.008259 
0.009547 
0.009326 
0.008916 
0.011315 
0.011029 
0.009659 
0.012684 
0.014820 
0.012956 
0.012266 
0.015681 
0.015707 
0.011667 
0.009797 
0.010340 
0.014949 
0.014021 
0.016268 
0.013448 
0.013650 
0.012835 
0.010796 
0.010579 
0.011132 
0.011211 
0.015023 
0.013178 
0.013206 
0.018017 
0.015084 
0.014487 
0.012349 
0.015819 
0.020692 
0.017286 
0.016016 
0.017908 
0.014979 
0.013873 
0.018246 
0.015149 
0.012850 
0.013569 
0.012973 
0.011924 
0.012679 
0.010661 
0.009977 
0.010643 
0.011722 
0.014486 
0.011520 
0.012365 
0.014704 
0.014368 
0.016302 
0.015044 
0.017654 
0.016529 
0.013173 
0.011030 
0.012037 
0.012005 
0.015258 
0.014884 
0.017045 
0.021236 
0.025673 
0.019166 
0.017005 
0.016978 
0.015156 
0.016902 
0.016148 
0.012448 
0.010800 
0.011255 
0.014584 
0.018401 
0.013993 
0.015081 
0.017658 
0.014023 
0.015742 
0.013714 
0.014617 
0.014064 
0.015701 
0.013347 
0.011202 
0.010784 
0.012314 
0.013096 
0.009637 
0.008520 
0.008029 
0.007023 
0.006060 
0.009671 
0.010458 
0.007883 
0.007959 
0.008945 
0.007987 
0.007687 
0.007776 
0.007420 
0.007732 
0.006892 
0.008775 
0.009779 
0.007092 
0.006361 
0.005532 
0.004597 
0.003578 
0.003196 
0.003793 
0.003964 
0.004610 
0.003886 
0.004041 
0.004881 
0.004723 
0.005821 
0.004849 
0.003526 
0.002646 
0.002064 
0.002100 
0.002207 
0.001894 
0.002454 
0.002141 
0.001783 
0.001473 
0.001548 
0.001666 
0.001476 
0.001702 
0.001828 
0.001674 
0.001245 
0.000940 
0.000816 
0.000713 
0.000531 
0.000423 
0.000301 
0.000247 
0.000455 
0.000487 
0.000427 
0.000373 
0.000286 
0.000349 
0.000435 
0.000335 
0.000238 
0.000176 
0.000137 
0.000100 
0.000073 
0.000079 
0.000071 
0.000062 
0.000056 
0.000039 
0.000030 
0.000022 
0.000016 
0.000013 
0.000009 
0.000007 
0.000005 
0.000003 
0.000008 
0.000023 
0.000031 
0.000033 
0.000026 
0.000018 
0.000013 
0.000009 
0.000008 
0.000011 
0.000010 
0.000008 
0.000008 
0.000013 
0.000016 
0.000018 
0.000015 
0.000015 
0.000019 
0.000018 
0.000018 
0.000020 
0.000019 
0.000017 
0.000016 
0.000014 
0.000015 
0.000015 
0.000013 
0.000013 
0.000016 
0.000017 
0.000018 
0.000014 
0.000015 
0.000017 
0.000015 
0.000018 
0.000017 
0.000019 
0.000017 
0.000013 
0.000012 
0.000014 
0.000015 
0.000011 
0.000008 
0.000006 
0.000004 
0.000003 
0.000002 
0.000002 
0.000001 
0.000001 
0.000001 
0.000000 
0.000000 
0.000000 
0.000000 
0.000000 
0.000000 
0.000000 
-0.000000 
0.000000 
-0.000001 
0.000006 
0.000011 
0.000015 
0.000031 
0.000041 
0.000049 
0.000094 
0.000106 
0.000291 
0.000322 
0.000243 
0.000198 
0.000168 
0.000127 
0.000537 
0.004027 
0.008406 
0.021507 
0.038880 
0.049172 
0.095187 
0.086860 
0.069053 
0.060204 
0.063686 
0.064637 
0.073870 
0.099072 
0.086530 
0.059128 
0.067003 
0.107419 
0.117482 
0.178423 
0.168380 
0.165230 
0.177317 
0.156920 
0.137484 
0.143426 
0.151411 
0.146344 
0.114630 
0.126925 
0.128283 
0.132994 
0.126760 
0.140898 
0.158077 
0.151162 
0.170367 
0.167607 
0.180238 
0.191463 
0.219861 
0.223882 
0.214464 
0.210360 
0.213603 
0.233619 
0.238691 
0.251828 
0.248454 
0.239479 
0.233314 
0.250902 
0.230902 
0.239682 
0.243692 
0.251371 
0.250762 
0.239657 
0.272280 
0.246522 
0.260474 
0.266108 
0.277798 
0.279343 
0.266483 
0.272477 
0.264139 
0.245716 
0.244436 
0.231461 
0.234487 
0.258857 
0.235242 
0.248841 
0.230664 
0.246987 
0.250875 
0.224229 
0.253247 
0.235309 
0.258465 
0.242289 
0.232903 
0.266204 
0.249426 
0.266236 
0.259593 
0.264561 
0.248724 
0.254715 
0.233532 
0.250707 
0.244916 
0.236520 
0.236640 
0.211508 
0.237441 
0.205428 
0.235399 
0.211141 
0.222516 
0.219452 
0.209163 
0.218822 
0.191104 
0.229398 
0.205601 
0.226388 
0.227566 
0.223659 
0.218643 
0.220360 
0.220142 
0.200462 
0.214691 
0.203095 
0.215502 
0.220080 
0.235008 
0.225917 
0.212321 
0.234866 
0.211370 
0.233979 
0.218209 
0.239877 
0.227642 
0.224113 
0.243550 
0.216034 
0.240916 
0.223419 
0.241199 
0.221949 
0.225818 
0.236233 
0.227438 
0.244827 
0.214701 
0.241733 
0.225421 
0.226744 
0.210092 
0.210810 
0.220601 
0.203315 
0.220692 
0.205060 
0.232664 
0.212419 
0.230935 
0.227385 
0.224891 
0.240191 
0.230286 
0.244979 
0.233347 
0.250978 
0.232916 
0.245138 
0.245139 
0.232790 
0.257640 
0.228196 
0.244887 
0.246299 
0.257486 
0.265469 
0.229292 
0.251011 
0.244467 
0.243462 
0.253852 
0.216793 
0.255215 
0.238036 
0.235685 
0.254278 
0.216701 
0.264219 
0.236325 
0.222020 
0.263769 
0.206857 
0.231891 
0.234157 
0.210075 
0.258472 
0.211135 
0.207436 
0.220239 
0.183752 
0.221014 
0.194258 
0.184594 
0.227984 
0.169031 
0.217390 
0.240591 
0.191035 
0.229027 
0.218401 
0.199069 
0.212032 
0.176037 
0.185859 
0.161089 
0.115757 
0.160625 
0.130356 
0.100777 
0.107309 
0.076101 
0.057285 
0.044369 
0.030501 
0.026701 
0.039203 
0.028233 
0.025679 
0.041871 
0.035056 
0.026433 
0.044776 
0.041196 
0.031563 
0.043163 
0.035511 
0.036526 
0.049730 
0.040291 
0.033071 
0.037723 
0.027687 
0.040593 
0.049906 
0.032399 
0.044162 
0.051795 
0.037447 
0.044331 
0.056281 
0.039889 
0.046408 
0.049657 
0.032509 
0.048704 
0.048316 
0.031149 
0.045034 
0.044136 
0.029095 
0.040439 
0.050434 
0.035723 
0.040122 
0.052361 
0.035550 
0.042092 
0.051225 
0.033770 
0.029803 
0.052014 
0.044490 
0.031998 
0.045008 
0.040320 
0.027406 
0.048638 
0.053602 
0.032928 
0.064392 
0.068353 
0.039863 
0.097766 
0.103022 
0.065620 
0.082815 
0.076887 
0.048358 
0.079469 
0.095173 
0.059261 
0.071192 
0.085905 
0.054896 
0.083692 
0.102099 
0.069363 
0.059085 
0.076544 
0.057318 
0.047505 
0.094403 
0.084800 
0.054880 
0.085702 
0.105275 
0.068563 
0.062933 
0.086859 
0.068256 
0.043668 
0.058979 
0.077115 
0.052451 
0.039198 
0.068006 
0.071902 
0.047334 
0.038346 
0.063477 
0.057381 
0.036699 
0.038660 
0.060716 
0.048921 
0.032324 
0.040387 
0.048538 
0.034930 
0.025782 
0.018998 
0.033308 
0.034220 
0.023187 
0.016760 
0.018036 
0.019710 
0.014097 
0.010100 
0.008569 
0.008926 
0.006542 
0.004521 
0.008419 
0.008549 
0.005505 
0.004724 
0.007928 
0.006612 
0.004242 
0.005432 
0.008869 
0.006720 
0.004611 
0.004626 
0.005136 
0.003700 
0.002434 
0.003459 
0.004919 
0.003458 
0.002359 
0.003661 
0.004176 
0.002501 
0.002911 
0.005353 
0.008154 
0.015135 
0.012665 
0.016217 
0.019459 
0.014986 
0.012277 
0.010321 
0.028789 
0.052835 
0.053692 
0.040792 
0.029809 
0.023750 
0.030226 
0.033883 
0.035633 
0.030310 
0.021843 
0.024569 
0.025490 
0.024824 
0.018429 
0.019145 
0.029025 
0.026858 
0.026065 
0.024491 
0.026527 
0.028701 
0.032581 
0.033704 
0.034677 
0.033826 
0.031511 
0.047446 
0.049506 
0.055920 
0.068536 
0.062933 
0.061832 
0.059066 
0.059439 
0.058480 
0.057754 
0.048309 
0.051907 
0.084053 
0.075973 
0.069191 
0.068697 
0.084522 
0.094223 
0.080493 
0.058150 
0.051955 
0.072213 
0.082518 
0.069981 
0.054137 
0.071975 
0.095168 
0.075423 
0.065153 
0.075854 
0.091335 
0.086247 
0.068665 
0.056928 
0.079227 
0.094922 
0.072719 
0.053495 
0.039006 
0.055623 
0.061611 
0.046692 
0.040524 
0.046709 
0.049193 
0.046380 
0.035128 
0.033797 
0.038090 
0.037372 
0.046698 
0.046458 
0.061444 
0.067170 
0.078375 
0.067840 
0.061761 
0.075478 
0.074961 
0.066993 
0.066885 
0.056154 
0.049361 
0.045476 
0.068527 
0.060458 
0.053707 
0.059503 
0.050334 
0.053441 
0.051333 
0.048760 
0.050575 
0.052834 
0.047101 
0.042172 
0.039631 
0.036138 
0.028176 
0.024676 
0.035911 
0.037336 
0.038115 
0.037668 
0.040261 
0.047498 
0.055223 
0.047822 
0.043362 
0.038917 
0.047113 
0.054171 
0.047248 
0.041728 
0.055252 
0.053669 
0.057219 
0.053891 
0.046960 
0.048932 
0.051642 
0.051552 
0.051621 
0.048793 
0.051313 
0.050576 
0.065088 
0.074057 
0.055811 
0.060146 
0.079650 
0.085497 
0.094564 
0.097834 
0.076574 
0.071278 
0.064579 
0.051246 
0.055994 
0.051862 
0.040075 
0.048062 
0.054036 
0.044630 
0.042590 
0.041953 
0.044306 
0.041517 
0.045927 
0.056616 
0.048683 
0.044506 
0.040644 
0.048233 
0.055065 
0.045882 
0.038489 
0.035618 
0.035465 
0.030671 
0.027854 
0.040929 
0.043642 
0.027891 
0.066945 
0.088436 
0.058186 
0.069085 
0.114975 
0.094062 
0.065289 
0.103175 
0.107746 
0.069078 
0.069209 
0.095432 
0.074229 
0.048366 
0.081037 
0.101032 
0.066216 
0.058768 
0.110536 
0.098499 
0.061060 
0.089132 
0.118029 
0.079930 
0.064456 
0.115292 
0.111322 
0.070139 
0.086645 
0.127628 
0.094917 
0.069204 
0.119659 
0.127365 
0.080762 
0.092202 
0.139196 
0.107692 
0.077333 
0.117965 
0.129283 
0.085132 
0.089203 
0.137929 
0.113662 
0.079456 
0.118212 
0.134530 
0.089362 
0.091381 
0.135319 
0.111251 
0.076405 
0.113669 
0.127856 
0.084765 
0.080201 
0.124570 
0.106806 
0.072419 
0.102039 
0.120705 
0.081073 
0.080028 
0.121760 
0.100344 
0.070377 
0.104787 
0.118988 
0.080067 
0.091889 
0.134989 
0.103929 
0.108141 
0.213978 
0.200534 
0.144733 
0.166450 
0.154013 
0.106454 
0.139185 
0.159453 
0.108791 
0.125304 
0.188578 
0.142703 
0.110057 
0.169194 
0.161359 
0.105043 
0.147410 
0.173215 
0.114970 
0.118613 
0.168120 
0.131478 
0.100978 
0.146867 
0.138977 
0.091617 
0.125895 
0.151106 
0.101386 
0.096359 
0.136889 
0.113192 
0.082114 
0.126290 
0.130726 
0.087676 
0.098124 
0.140566 
0.114053 
0.088840 
0.131508 
0.130085 
0.087977 
0.107129 
0.136398 
0.102926 
0.082518 
0.116890 
0.112467 
0.075970 
0.096442 
0.127867 
0.096173 
0.075564 
0.101640 
0.091770 
0.060604 
0.073579 
0.086404 
0.057892 
0.056025 
0.096355 
0.081515 
0.053059 
0.080521 
0.092373 
0.058345 
0.058765 
0.097036 
0.076881 
0.049623 
0.076205 
0.090585 
0.059578 
0.048325 
0.082835 
0.075271 
0.047477 
0.051562 
0.084088 
0.064868 
0.041965 
0.053524 
0.079472 
0.057601 
0.038243 
0.051435 
0.069748 
0.049412 
0.033166 
0.041948 
0.062192 
0.044979 
0.030148 
0.034756 
0.060830 
0.046532 
0.031463 
0.031266 
0.048835 
0.038042 
0.025489 
0.029648 
0.033018 
0.022925 
0.016111 
0.018456 
0.022472 
0.016616 
0.011571 
0.016452 
0.022370 
0.026969 
0.023895 
0.031648 
0.042359 
0.034702 
0.028763 
0.028088 
0.031250 
0.029868 
0.031964 
0.038282 
0.033401 
0.037182 
0.058811 
0.069526 
0.064926 
0.065087 
0.061889 
0.089205 
0.116539 
0.102786 
0.107919 
0.092527 
0.122078 
0.143933 
0.159566 
0.134532 
0.106246 
0.094792 
0.108461 
0.115047 
0.147246 
0.149081 
0.153989 
0.139776 
0.130838 
0.167383 
0.148940 
0.126838 
0.151279 
0.155947 
0.137732 
0.112358 
0.105310 
0.127683 
0.140981 
0.129120 
0.122382 
0.122131 
0.127028 
0.099385 
0.084818 
0.069864 
0.080535 
0.091313 
0.073882 
0.082166 
0.103340 
0.078336 
0.083436 
0.137489 
0.120187 
0.087236 
0.114412 
0.118775 
0.083205 
0.098993 
0.097524 
0.069637 
0.100351 
0.094198 
0.077063 
0.129639 
0.110021 
0.087694 
0.127454 
0.092167 
0.100423 
0.126226 
0.090353 
0.158948 
0.142297 
0.121718 
0.165188 
0.121438 
0.161122 
0.144841 
0.132720 
0.175797 
0.131129 
0.169533 
0.161944 
0.173880 
0.182822 
0.154738 
0.182661 
0.164704 
0.185269 
0.184180 
0.179486 
0.177565 
0.174376 
0.210562 
0.193557 
0.178441 
0.171459 
0.180730 
0.185775 
0.219086 
0.234690 
0.241562 
0.213307 
0.220669 
0.235097 
0.237878 
0.237440 
0.230454 
0.237990 
0.196279 
0.199629 
0.198947 
0.179243 
0.191299 
0.174952 
0.180014 
0.168375 
0.202450 
0.177434 
0.205788 
0.228617 
0.218176 
0.209255 
0.214158 
0.195897 
0.194878 
0.207219 
0.225242 
0.218966 
0.232033 
0.212740 
0.223812 
0.218053 
0.222383 
0.204949 
0.215185 
0.219491 
0.222020 
0.218317 
0.230570 
0.229224 
0.220888 
0.222350 
0.222940 
0.216548 
0.219855 
0.222128 
0.226289 
0.215551 
0.213988 
0.222667 
0.224384 
0.227245 
0.223442 
0.219860 
0.208329 
0.219565 
0.220957 
0.219536 
0.222855 
0.215353 
0.218492 
0.201621 
0.195453 
0.188543 
0.174798 
0.156486 
0.130917 
0.106740 
0.091556 
0.065123 
0.057779 
0.045728 
0.034475 
0.026829 
0.028644 
0.025767 
0.024543 
0.020949 
0.019697 
0.017617 
0.017436 
0.017711 
0.019089 
0.017375 
0.027604 
0.032870 
0.036252 
0.052640 
0.064069 
0.075148 
0.088253 
0.091746 
0.106073 
0.115060 
0.121982 
0.131335 
0.142536 
0.156180 
0.171823 
0.193553 
0.204202 
0.229207 
0.221311 
0.222782 
0.209320 
0.203586 
0.202834 
0.198247 
0.195699 
0.204187 
0.227496 
0.263965 
0.255990 
0.225405 
0.209046 
0.177713 
0.168330 
0.179811 
0.193898 
0.196746 
0.214365 
0.219843 
0.220527 
0.220477 
0.211001 
0.192582 
0.170262 
0.179118 
0.176303 
0.169430 
0.172824 
0.174988 
0.162816 
0.155676 
0.161548 
0.151233 
0.147068 
0.151668 
0.157570 
0.159739 
0.159680 
0.155025 
0.152860 
0.141546 
0.131055 
0.117608 
0.106973 
0.101790 
0.091449 
0.081157 
0.070349 
0.058624 
0.050470 
0.041657 
0.035130 
0.024267 
0.021359 
0.018421 
0.016515 
0.015929 
0.017413 
0.018177 
0.020561 
0.018328 
0.017235 
0.014359 
0.012974 
0.016097 
0.015720 
0.015112 
0.012464 
0.009379 
0.009183 
0.008041 
0.007430 
0.006975 
0.006288 
0.006060 
0.006032 
0.006143 
0.006601 
0.006639 
0.006832 
0.006353 
0.005784 
0.005546 
0.005410 
0.005678 
0.004663 
0.003767 
0.003912 
0.003359 
0.002925 
0.002198 
0.001573 
0.001714 
0.004382 
0.005406 
0.019225 
0.042547 
0.050587 
0.043871 
0.033703 
0.028136 
0.029834 
0.029184 
0.037630 
0.046935 
0.040627 
0.045255 
0.051516 
0.076010 
0.096479 
0.071049 
0.069427 
0.073222 
0.056365 
0.048583 
0.042915 
0.043252 
0.037310 
0.044164 
0.065195 
0.068306 
0.076045 
0.076473 
0.074384 
0.086813 
0.098626 
0.087684 
0.079686 
0.072994 
0.062024 
0.061039 
0.048736 
0.041185 
0.040552 
0.042180 
0.044706 
0.039651 
0.033617 
0.034262 
0.028437 
0.025593 
0.020318 
0.017720 
0.019267 
0.018864 
0.017305 
0.014271 
0.012965 
0.011098 
0.009426 
0.008771 
0.007279 
0.006633 
0.008247 
0.007954 
0.006166 
0.006699 
0.007280 
0.006413 
0.006292 
0.006381 
0.006293 
0.006025 
0.004672 
0.004960 
0.003832 
0.008152 
0.012506 
0.009716 
0.007663 
0.005853 
0.005242 
0.005797 
0.004770 
0.003962 
0.007440 
0.007575 
0.007431 
0.007547 
0.008365 
0.008184 
0.011096 
0.012937 
0.013320 
0.020304 
0.022523 
0.030533 
0.030557 
0.026743 
0.024842 
0.024386 
0.026410 
0.026217 
0.027037 
0.028419 
0.033670 
0.037936 
0.039879 
0.036958 
0.036136 
0.039159 
0.032539 
0.031302 
0.030923 
0.041353 
0.043883 
0.038831 
0.048671 
0.038183 
0.034529 
0.036639 
0.039972 
0.063948 
0.087289 
0.146238 
0.185449 
0.211170 
0.241732 
0.271345 
0.261353 
0.245056 
0.231110 
0.215601 
0.193749 
0.182178 
0.164682 
0.173713 
0.191872 
0.194761 
0.221053 
0.225712 
0.232927 
0.232134 
0.232088 
0.234334 
0.257631 
0.254758 
0.245133 
0.236663 
0.245330 
0.246616 
0.239497 
0.256519 
0.288665 
0.308276 
0.314276 
0.309772 
0.295995 
0.289562 
0.273632 
0.267390 
0.257789 
0.250007 
0.250932 
0.231798 
0.239945 
0.243382 
0.245858 
0.236475 
0.246691 
0.239251 
0.230649 
0.215905 
0.217245 
0.202858 
0.207245 
0.207508 
0.215675 
0.212149 
0.201582 
0.203995 
0.203234 
0.185281 
0.165119 
0.172495 
0.162955 
0.165550 
0.152004 
0.161290 
0.153247 
0.139910 
0.150557 
0.157278 
0.162910 
0.170898 
0.175086 
0.150888 
0.159050 
0.165348 
0.164128 
0.155996 
0.164360 
0.165632 
0.182346 
0.179134 
0.188348 
0.167888 
0.174856 
0.152051 
0.143329 
0.136875 
0.144198 
0.121056 
0.128975 
0.123273 
0.150115 
0.136060 
0.131995 
0.120320 
0.102247 
0.128128 
0.109928 
0.108888 
0.096156 
0.075666 
0.103367 
0.093336 
0.071965 
0.058924 
0.043751 
0.037708 
0.041933 
0.031407 
0.025776 
0.032755 
0.026453 
0.019306 
0.020262 
0.019257 
0.014988 
0.009928 
0.014349 
0.022510 
0.016041 
0.011494 
0.010131 
0.010713 
0.007785 
0.005693 
0.004000 
0.004395 
0.004842 
0.004441 
0.004849 
0.003676 
0.002856 
0.004562 
0.006821 
0.004855 
0.004153 
0.004724 
0.004026 
0.002618 
0.003543 
0.004416 
0.003107 
0.002274 
0.002020 
0.001872 
0.001886 
0.002723 
0.002284 
0.001972 
0.001823 
0.001353 
0.001816 
0.002290 
0.001952 
0.002050 
0.001343 
0.001515 
0.001404 
0.001119 
0.000919 
0.000914 
0.000757 
0.000554 
0.000369 
0.000688 
0.000886 
0.000600 
0.000426 
0.000464 
0.000489 
0.000327 
0.000251 
0.000181 
0.000139 
0.000104 
0.000141 
0.000172 
0.000118 
0.000101 
0.000074 
0.000053 
0.000040 
0.000045 
0.000046 
0.000034 
0.000024 
0.000018 
0.000013 
0.000009 
0.000007 
0.000005 
0.000005 
0.000005 
0.000005 
0.000007 
0.000015 
0.000017 
0.000014 
0.000015 
0.000013 
0.000016 
0.000020 
0.000017 
0.000017 
0.000020 
0.000019 
0.000014 
0.000016 
0.000017 
0.000015 
0.000016 
0.000014 
0.000013 
0.000015 
0.000016 
0.000015 
0.000015 
0.000017 
0.000019 
0.000020 
0.000020 
0.000018 
0.000016 
0.000013 
0.000015 
0.000019 
0.000017 
0.000019 
0.000020 
0.000017 
0.000017 
0.000018 
0.000019 
0.000020 
0.000020 
0.000021 
0.000019 
0.000019 
0.000019 
0.000018 
0.000021 
0.000018 
0.000014 
0.000020 
0.000017 
0.000015 
0.000015 
0.000014 
0.000014 
0.000014 
0.000012 
0.000016 
0.000018 
0.000017 
0.000014 
0.000014 
0.000013 
0.000011 
0.000010 
0.000009 
0.000009 
0.000011 
0.000010 
0.000013 
0.000017 
0.000020 
0.000016 
0.000017 
0.000019 
0.000020 
0.000020 
0.000018 
0.000022 
0.000023 
0.000020 
0.000019 
0.000019 
0.000020 
0.000021 
0.000019 
0.000017 
0.000014 
0.000012 
0.000015 
0.000015 
0.000016 
0.000016 
0.000015 
0.000016 
0.000021 
0.000023 
0.000019 
0.000017 
0.000015 
0.000015 
0.000015 
0.000016 
0.000016 
0.000017 
0.000013 
0.000017 
0.000017 
0.000016 
0.000019 
0.000021 
0.000019 
0.000019 
0.000019 
0.000019 
0.000016 
0.000015 
0.000015 
0.000013 
0.000009 
0.000012 
0.000011 
0.000013 
0.000013 
0.000014 
0.000015 
0.000016 
0.000016 
0.000015 
0.000015 
0.000016 
0.000020 
0.000024 
0.000019 
0.000018 
0.000018 
0.000016 
0.000016 
0.000017 
0.000016 
0.000014 
0.000012 
0.000012 
0.000014 
0.000016 
0.000021 
0.000020 
0.000018 
0.000018 
0.000016 
0.000015 
0.000015 
0.000017 
0.000020 
0.000017 
0.000016 
0.000016 
0.000017 
0.000016 
0.000014 
0.000013 
0.000016 
0.000019 
0.000018 
0.000016 
0.000017 
0.000018 
0.000020 
0.000018 
0.000017 
0.000020 
0.000019 
0.000018 
0.000017 
0.000019 
0.000020 
0.000017 
0.000017 
0.000019 
0.000016 
0.000017 
0.000016 
0.000016 
0.000019 
0.000019 
0.000017 
0.000017 
0.000019 
0.000017 
0.000013 
0.000012 
0.000016 
0.000016 
0.000013 
0.000015 
0.000017 
0.000015 
0.000016 
0.000015 
0.000015 
0.000020 
0.000019 
0.000018 
0.000019 
0.000019 
0.000018 
0.000017 
0.000016 
0.000018 
0.000016 
0.000018 
0.000020 
0.000019 
0.000020 
0.000020 
0.000017 
0.000014 
0.000017 
0.000017 
0.000017 
0.000017 
0.000019 
0.000018 
0.000021 
0.000017 
0.000016 
0.000020 
0.000022 
0.000023 
0.000020 
0.000018 
0.000021 
0.000021 
0.000018 
0.000017 
0.000013 
0.000011 
0.000012 
0.000010 
0.000015 
0.000015 
0.000014 
0.000014 
0.000013 
0.000016 
0.000015 
0.000015 
0.000018 
0.000017 
0.000015 
0.000013 
0.000013 
0.000017 
0.000016 
0.000017 
0.000019 
0.000016 
0.000013 
0.000014 
0.000015 
0.000017 
0.000016 
0.000015 
0.000015 
0.000018 
0.000021 
0.000019 
0.000016 
0.000014 
0.000014 
0.000016 
0.000016 
0.000016 
0.000017 
0.000019 
0.000015 
0.000012 
0.000015 
0.000018 
0.000017 
0.000017 
0.000017 
0.000014 
0.000014 
0.000015 
0.000015 
0.000015 
0.000015 
0.000012 
0.000011 
0.000014 
0.000020 
0.000020 
0.000019 
0.000017 
0.000019 
0.000020 
0.000019 
0.000019 
0.000015 
0.000015 
0.000015 
0.000016 
0.000015 
0.000013 
0.000015 
0.000014 
0.000010 
0.000012 
0.000013 
0.000010 
0.000010 
0.000014 
0.000016 
0.000018 
0.000018 
0.000018 
0.000015 
0.000013 
0.000012 
0.000015 
0.000018 
0.000014 
0.000015 
0.000014 
0.000013 
0.000013 
0.000014 
0.000013 
0.000013 
0.000016 
0.000014 
0.000014 
0.000013 
0.000011 
0.000009 
0.000010 
0.000011 
0.000012 
0.000016 
0.000016 
0.000017 
0.000016 
0.000014 
0.000014 
0.000014 
0.000015 
0.000016 
0.000018 
0.000021 
0.000022 
0.000022 
0.000018 
0.000016 
0.000016 
0.000017 
0.000018 
0.000018 
0.000019 
0.000020 
0.000016 
0.000016 
0.000018 
0.000015 
0.000017 
0.000020 
0.000019 
0.000018 
0.000017 
0.000019 
0.000021 
0.000019 
0.000017 
0.000014 
0.000015 
0.000013 
0.000017 
0.000016 
0.000014 
0.000016 
0.000014 
0.000015 
0.000018 
0.000015 
0.000015 
0.000017 
0.000019 
0.000021 
0.000021 
0.000018 
0.000017 
0.000017 
0.000014 
0.000010 
0.000015 
0.000016 
0.000014 
0.000014 
0.000012 
0.000014 
0.000014 
0.000011 
0.000013 
0.000017 
0.000016 
0.000015 
0.000015 
0.000014 
0.000014 
0.000015 
0.000018 
0.000018 
0.000015 
0.000015 
0.000019 
0.000022 
0.000018 
0.000015 
0.000017 
0.000016 
0.000016 
0.000020 
0.000018 
0.000019 
0.000019 
0.000018 
0.000022 
0.000022 
0.000021 
0.000020 
0.000016 
0.000016 
0.000015 
0.000017 
0.000018 
0.000016 
0.000016 
0.000014 
0.000014 
0.000017 
0.000012 
0.000014 
0.000018 
0.000019 
0.000016 
0.000012 
0.000009 
0.000006 
0.000004 
0.000003 
0.000002 
0.000002 
0.000001 
0.000001 
0.000001 
0.000000 
0.000000 
0.000000 
0.000000 
0.000000 
0.000000 
0.000000 
0.000000 
0.000000 
0.000000 
-0.000000 
0.000000 
-0.000001 
0.000003 
0.000017 
0.000028 
0.000009 
0.000135 
0.000218 
0.000322 
0.000427 
0.000340 
0.000285 
0.000171 
0.000293 
0.001150 
0.003757 
0.006244 
0.012007 
0.019951 
0.029561 
0.039655 
0.028851 
0.021643 
0.027598 
0.043051 
0.040421 
0.046222 
0.061443 
0.056350 
0.095934 
0.093025 
0.130308 
0.228010 
0.166832 
0.171677 
0.191218 
0.151405 
0.133459 
0.169340 
0.139240 
0.153476 
0.218159 
0.158690 
0.267675 
0.238392 
0.241081 
0.328450 
0.233818 
0.315833 
0.251588 
0.264568 
0.322661 
0.232638 
0.355309 
0.278716 
0.264107 
0.318333 
0.212149 
0.271410 
0.245946 
0.169813 
0.232725 
0.211886 
0.185968 
0.268973 
0.227651 
0.176193 
0.207719 
0.236037 
0.208048 
0.224680 
0.245127 
0.209942 
0.210665 
0.247828 
0.214172 
0.196830 
0.243031 
0.219372 
0.203078 
0.245110 
0.211595 
0.208350 
0.243927 
0.179630 
0.198185 
0.226607 
0.138762 
0.215136 
0.230499 
0.152096 
0.228626 
0.204814 
0.143009 
0.203311 
0.164286 
0.140213 
0.186115 
0.146633 
0.138542 
0.169665 
0.127138 
0.126592 
0.151884 
0.120243 
0.105866 
0.102606 
0.081295 
0.059690 
0.058763 
0.054324 
0.039009 
0.043142 
0.037411 
0.023503 
0.038406 
0.057993 
0.039884 
0.032843 
0.041386 
0.031354 
0.021959 
0.017589 
0.015642 
0.013396 
0.012931 
0.008555 
0.010073 
0.010787 
0.007197 
0.005521 
0.004326 
0.007192 
0.008792 
0.007413 
0.006997 
0.006931 
0.006364 
0.004263 
0.005270 
0.005984 
0.004321 
0.003138 
0.003793 
0.004464 
0.003173 
0.003420 
0.005324 
0.004208 
0.002804 
0.003257 
0.004143 
0.003312 
0.002622 
0.002437 
0.003030 
0.003035 
0.001775 
0.003858 
0.004512 
0.003301 
0.003978 
0.003640 
0.003773 
0.002856 
0.002103 
0.001851 
0.001347 
0.000981 
0.001026 
0.001145 
0.001374 
0.001379 
0.000956 
0.001003 
0.000839 
0.000580 
0.000431 
0.000309 
0.000225 
0.000163 
0.000118 
0.000086 
0.000062 
0.000045 
0.000032 
0.000026 
0.000023 
0.000017 
0.000012 
0.000010 
0.000010 
0.000007 
0.000007 
0.000008 
0.000005 
0.000004 
0.000005 
0.000006 
0.000010 
0.000012 
0.000008 
0.000008 
0.000006 
0.000004 
0.000003 
0.000002 
0.000002 
0.000001 
0.000001 
0.000001 
0.000000 
0.000000 
0.000000 
0.000000 
0.000000 
0.000000 
0.000000 
0.000000 
0.000000 
0.000000 
0.000000 
0.000000 
-0.000000 
0.000002 
0.000024 
0.000170 
0.000627 
0.001035 
0.000870 
0.003130 
0.005141 
0.012739 
0.017676 
0.017545 
0.026348 
0.039407 
0.063638 
0.084264 
0.075945 
0.064742 
0.087612 
0.129257 
0.089556 
0.130448 
0.125817 
0.101635 
0.152604 
0.110213 
0.119617 
0.145207 
0.093591 
0.134399 
0.141810 
0.099591 
0.132619 
0.111255 
0.105447 
0.128220 
0.114088 
0.115250 
0.139018 
0.110572 
0.107929 
0.125538 
0.106627 
0.120583 
0.127904 
0.146326 
0.135619 
0.143124 
0.157799 
0.135807 
0.167459 
0.157273 
0.143644 
0.162290 
0.149785 
0.154072 
0.149354 
0.133433 
0.141113 
0.116773 
0.118441 
0.125381 
0.121142 
0.112874 
0.110309 
0.117431 
0.111270 
0.112592 
0.106670 
0.109767 
0.097996 
0.093506 
0.107459 
0.104849 
0.102627 
0.092176 
0.093990 
0.097739 
0.076603 
0.088409 
0.073599 
0.078869 
0.088158 
0.071449 
0.092014 
0.082227 
0.092108 
0.089978 
0.079468 
0.095414 
0.082110 
0.081541 
0.073118 
0.075233 
0.073030 
0.076241 
0.103960 
0.076372 
0.077966 
0.063186 
0.057455 
0.071015 
0.051260 
0.065512 
0.050190 
0.055411 
0.061094 
0.045639 
0.060188 
0.044879 
0.058395 
0.056845 
0.050599 
0.061825 
0.046441 
0.061181 
0.048290 
0.054781 
0.054891 
0.046098 
0.051904 
0.039103 
0.049619 
0.038019 
0.042071 
0.046453 
0.034338 
0.039745 
0.029017 
0.035996 
0.039537 
0.033356 
0.043091 
0.030004 
0.041928 
0.036377 
0.037807 
0.052636 
0.040956 
0.055121 
0.040897 
0.046824 
0.041029 
0.039140 
0.054264 
0.037598 
0.048353 
0.043061 
0.038460 
0.053409 
0.037757 
0.045501 
0.043734 
0.035094 
0.053246 
0.037583 
0.041512 
0.047933 
0.032473 
0.047409 
0.040945 
0.031534 
0.027675 
0.019246 
0.014155 
0.010529 
0.007899 
0.006711 
0.004898 
0.009217 
0.008815 
0.008481 
0.009132 
0.006333 
0.006736 
0.004729 
0.006659 
0.006526 
0.005652 
0.007347 
0.005040 
0.004634 
0.003866 
0.002835 
0.003358 
0.002457 
0.002634 
0.002463 
0.002008 
0.002707 
0.001928 
0.003067 
0.002620 
0.002885 
0.003191 
0.002575 
0.003135 
0.002219 
0.003091 
0.002662 
0.002229 
0.002698 
0.001943 
0.002465 
0.003041 
0.003284 
0.004846 
0.007763 
0.022824 
0.022358 
0.029313 
0.023800 
0.024365 
0.118516 
0.145551 
0.198882 
0.259424 
0.264529 
0.257160 
0.290267 
0.297900 
0.289754 
0.305660 
0.303881 
0.295314 
0.282163 
0.318092 
0.296183 
0.296166 
0.295834 
0.335458 
0.307551 
0.308878 
0.270598 
0.287609 
0.253131 
0.257790 
0.244974 
0.270585 
0.259674 
0.278930 
0.271803 
0.253370 
0.230455 
0.219595 
0.235770 
0.215103 
0.230364 
0.204767 
0.225380 
0.190229 
0.221102 
0.175607 
0.218662 
0.177219 
0.196794 
0.193511 
0.199434 
0.229119 
0.194213 
0.245427 
0.193589 
0.203147 
0.182222 
0.205310 
0.195146 
0.171126 
0.228152 
0.196445 
0.229644 
0.235665 
0.213604 
0.248970 
0.227698 
0.232263 
0.256187 
0.223309 
0.221968 
0.213811 
0.219325 
0.202920 
0.231793 
0.216932 
0.203858 
0.222332 
0.208026 
0.204045 
0.197994 
0.202907 
0.217296 
0.199479 
0.224221 
0.222571 
0.215441 
0.222380 
0.203941 
0.247180 
0.238904 
0.215849 
0.226909 
0.206010 
0.241766 
0.220655 
0.199031 
0.220157 
0.190633 
0.211544 
0.206129 
0.203651 
0.239093 
0.221722 
0.253163 
0.230951 
0.231985 
0.279391 
0.226047 
0.272792 
0.255441 
0.237006 
0.293985 
0.234960 
0.273073 
0.257212 
0.240864 
0.278665 
0.233962 
0.275751 
0.254269 
0.229627 
0.246299 
0.205866 
0.229113 
0.219726 
0.225868 
0.214397 
0.205369 
0.197196 
0.155072 
0.156814 
0.157436 
0.150698 
0.116921 
0.100185 
0.081634 
0.057903 
0.046997 
0.032810 
0.029984 
0.034023 
0.024298 
0.021001 
0.030163 
0.024781 
0.019490 
0.017545 
0.017810 
0.013407 
0.009596 
0.010542 
0.010917 
0.009306 
0.012527 
0.014045 
0.012341 
0.013261 
0.011138 
0.009691 
0.011744 
0.008480 
0.007758 
0.008066 
0.006974 
0.008890 
0.007643 
0.008278 
0.008665 
0.006430 
0.006871 
0.005318 
0.005442 
0.005559 
0.003765 
0.003043 
0.002236 
0.001610 
0.001173 
0.000848 
0.000616 
0.000446 
0.000324 
0.000235 
0.000170 
0.000123 
0.000089 
0.000065 
0.000047 
0.000034 
0.000025 
0.000018 
0.000013 
0.000009 
0.000007 
0.000005 
0.000004 
0.000003 
0.000002 
0.000001 
0.000001 
0.000001 
-0.000000 
0.000003 
0.000020 
0.000032 
0.000094 
0.000139 
0.000197 
0.000458 
0.000320 
0.000494 
0.000618 
0.000428 
0.000537 
0.000423 
0.000389 
0.000320 
0.000348 
0.000338 
0.001298 
0.003851 
0.006870 
0.007708 
0.021376 
0.029805 
0.029719 
0.024722 
0.022164 
0.030218 
0.033265 
0.029141 
0.021051 
0.022231 
0.020928 
0.013727 
0.020478 
0.025459 
0.024101 
0.043157 
0.050589 
0.043730 
0.071195 
0.081972 
0.052349 
0.100558 
0.137768 
0.093613 
0.102735 
0.155628 
0.122006 
0.090963 
0.152838 
0.158047 
0.101017 
0.152176 
0.177757 
0.111099 
0.131169 
0.197987 
0.142093 
0.116785 
0.192685 
0.166518 
0.106612 
0.167238 
0.201462 
0.127820 
0.140657 
0.207847 
0.157027 
0.114137 
0.195186 
0.197592 
0.121407 
0.160581 
0.220684 
0.152137 
0.117207 
0.196451 
0.183854 
0.112723 
0.143645 
0.226913 
0.167777 
0.116888 
0.184496 
0.191914 
0.121036 
0.120534 
0.181707 
0.140334 
0.089888 
0.145407 
0.175252 
0.112985 
0.096353 
0.176395 
0.157498 
0.100424 
0.111328 
0.161971 
0.120826 
0.078479 
0.123849 
0.160279 
0.108852 
0.078435 
0.134182 
0.143575 
0.094679 
0.075601 
0.127919 
0.118536 
0.077525 
0.069621 
0.113243 
0.094984 
0.063168 
0.058781 
0.113369 
0.098039 
0.065901 
0.056053 
0.108070 
0.101004 
0.067983 
0.053776 
0.095953 
0.093190 
0.064371 
0.045011 
0.079410 
0.085992 
0.058350 
0.040904 
0.043566 
0.062858 
0.044520 
0.032948 
0.022931 
0.020940 
0.023083 
0.016117 
0.012005 
0.008499 
0.006939 
0.030524 
0.032369 
0.021711 
0.015582 
0.015422 
0.020846 
0.015039 
0.010920 
0.008017 
0.005584 
0.004990 
0.006312 
0.003793 
0.008435 
0.011879 
0.007800 
0.006153 
0.007123 
0.005801 
0.003977 
0.006484 
0.006226 
0.003812 
0.004517 
0.007123 
0.005244 
0.003549 
0.003765 
0.005428 
0.003915 
0.002858 
0.002054 
0.003105 
0.002945 
0.001976 
0.001506 
0.001571 
0.001294 
0.000903 
0.000684 
0.000527 
0.000294 
0.001314 
0.001824 
0.001208 
0.000909 
0.000679 
0.000972 
0.000804 
0.000788 
0.000735 
0.000506 
0.000352 
0.000448 
0.000498 
0.000340 
0.000237 
0.000254 
0.000299 
0.000389 
0.000450 
0.000298 
0.000240 
0.000305 
0.000269 
0.000184 
0.000138 
0.000098 
0.000072 
0.000052 
0.000037 
0.000028 
0.000021 
0.000079 
0.000249 
0.000373 
0.000405 
0.000400 
0.000342 
0.000214 
0.000431 
0.001155 
0.003143 
0.013374 
0.032107 
0.051890 
0.062703 
0.051533 
0.037253 
0.037317 
0.039507 
0.020553 
0.053623 
0.109020 
0.075762 
0.059807 
0.114668 
0.109084 
0.075458 
0.052770 
0.132667 
0.144848 
0.098370 
0.065390 
0.105269 
0.148643 
0.102970 
0.070852 
0.076760 
0.156053 
0.122811 
0.090295 
0.061857 
0.123933 
0.146224 
0.114935 
0.112514 
0.081585 
0.129605 
0.107053 
0.097812 
0.083701 
0.086679 
0.136930 
0.103637 
0.090957 
0.071258 
0.089789 
0.114926 
0.080192 
0.066675 
0.043000 
0.084899 
0.099952 
0.065703 
0.050937 
0.033187 
0.065421 
0.069221 
0.045385 
0.034582 
0.027439 
0.018905 
0.037498 
0.039720 
0.026891 
0.018208 
0.022850 
0.047438 
0.036420 
0.026245 
0.018400 
0.016988 
0.023415 
0.017314 
0.012479 
0.009093 
0.006621 
0.006694 
0.005457 
0.003583 
0.004107 
0.004433 
0.003148 
0.001980 
0.003024 
0.009024 
0.007414 
0.005169 
0.003791 
0.003346 
0.002634 
0.002497 
0.003125 
0.002390 
0.003203 
0.002507 
0.002164 
0.001500 
0.003061 
0.004031 
0.002640 
0.002010 
0.001433 
0.002156 
0.001918 
0.001291 
0.001533 
0.001351 
0.001451 
0.009152 
0.011330 
0.014643 
0.018380 
0.012148 
0.022225 
0.038073 
0.046043 
0.040762 
0.041060 
0.041235 
0.044001 
0.094509 
0.106715 
0.089776 
0.056268 
0.074506 
0.120442 
0.099391 
0.075923 
0.052980 
0.077972 
0.089744 
0.067787 
0.047518 
0.043916 
0.074131 
0.073327 
0.054166 
0.041877 
0.072613 
0.100289 
0.085305 
0.060356 
0.067223 
0.085865 
0.079988 
0.060524 
0.052202 
0.067281 
0.076417 
0.061565 
0.064255 
0.084353 
0.081755 
0.062501 
0.065837 
0.104875 
0.113661 
0.079947 
0.074626 
0.113988 
0.105405 
0.076244 
0.075575 
0.113368 
0.114104 
0.089976 
0.093007 
0.119839 
0.094863 
0.075519 
0.085837 
0.114552 
0.110715 
0.075842 
0.077680 
0.134743 
0.138299 
0.132196 
0.131917 
0.137658 
0.129626 
0.133604 
0.156359 
0.140732 
0.131420 
0.138270 
0.130398 
0.119966 
0.132788 
0.111858 
0.083719 
0.111569 
0.128028 
0.096135 
0.101154 
0.175568 
0.156087 
0.119267 
0.151830 
0.158044 
0.114185 
0.141042 
0.183926 
0.132634 
0.136029 
0.169428 
0.118366 
0.116169 
0.150211 
0.109794 
0.092581 
0.127534 
0.104203 
0.080493 
0.114961 
0.098318 
0.067955 
0.103580 
0.099248 
0.063348 
0.084005 
0.082514 
0.052072 
0.072652 
0.076291 
0.047235 
0.075053 
0.086736 
0.055976 
0.086908 
0.090347 
0.060929 
0.088559 
0.079749 
0.060401 
0.081629 
0.059847 
0.067633 
0.077578 
0.051029 
0.084908 
0.078684 
0.065723 
0.097624 
0.066591 
0.084424 
0.097837 
0.068055 
0.103860 
0.083936 
0.078983 
0.097107 
0.067025 
0.086572 
0.069582 
0.071844 
0.085534 
0.063401 
0.091780 
0.068221 
0.079737 
0.081939 
0.066963 
0.088706 
0.062582 
0.084449 
0.071230 
0.068900 
0.078156 
0.058688 
0.075299 
0.054552 
0.064354 
0.061284 
0.046163 
0.056957 
0.040298 
0.051903 
0.045500 
0.043839 
0.052350 
0.038992 
0.049322 
0.035753 
0.037427 
0.033706 
0.027860 
0.028238 
0.020472 
0.019830 
0.015134 
0.018275 
0.017283 
0.013422 
0.034795 
0.081265 
0.063370 
0.076689 
0.111980 
0.149134 
0.234624 
0.264433 
0.246285 
0.255740 
0.283519 
0.276612 
0.245427 
0.201033 
0.200915 
0.197098 
0.206709 
0.213266 
0.230530 
0.232187 
0.230403 
0.212063 
0.220108 
0.216290 
0.216219 
0.201518 
0.207109 
0.204685 
0.222156 
0.209212 
0.203472 
0.186827 
0.188253 
0.176858 
0.173928 
0.167418 
0.170168 
0.168567 
0.173510 
0.174598 
0.197409 
0.195756 
0.186717 
0.192388 
0.198773 
0.222936 
0.222048 
0.223715 
0.227164 
0.229111 
0.223438 
0.221795 
0.229414 
0.218672 
0.242362 
0.237676 
0.217634 
0.210050 
0.201869 
0.193346 
0.189130 
0.201094 
0.180203 
0.172903 
0.183495 
0.187368 
0.166824 
0.170607 
0.156038 
0.153904 
0.132858 
0.138010 
0.134968 
0.127246 
0.118928 
0.114849 
0.122514 
0.120461 
0.133253 
0.127560 
0.127286 
0.135187 
0.143935 
0.145658 
0.142896 
0.141829 
0.138881 
0.152178 
0.156049 
0.160539 
0.182184 
0.193491 
0.189823 
0.201333 
0.198834 
0.205071 
0.212058 
0.210874 
0.212627 
0.221071 
0.215568 
0.222708 
0.220717 
0.221022 
0.212244 
0.226767 
0.203236 
0.215556 
0.193908 
0.199375 
0.197942 
0.215880 
0.176093 
0.200706 
0.180516 
0.210773 
0.188520 
0.210046 
0.188354 
0.211901 
0.208494 
0.224690 
0.222874 
0.222771 
0.229224 
0.206197 
0.239176 
0.209422 
0.240777 
0.262109 
0.253619 
0.296149 
0.306587 
0.305381 
0.286498 
0.268697 
0.268000 
0.274506 
0.245343 
0.268672 
0.246027 
0.262924 
0.249275 
0.253082 
0.248947 
0.227897 
0.234118 
0.224406 
0.231102 
0.231695 
0.224185 
0.218545 
0.234291 
0.204064 
0.178288 
0.174871 
0.173097 
0.171818 
0.181083 
0.160312 
0.173028 
0.189934 
0.184512 
0.174376 
0.160180 
0.148471 
0.139144 
0.122481 
0.092432 
0.067932 
0.049094 
0.035679 
0.026302 
0.020714 
0.022095 
0.017512 
0.013464 
0.014522 
0.014030 
0.015961 
0.012811 
0.011295 
0.012512 
0.011522 
0.011857 
0.012534 
0.011517 
0.010684 
0.007669 
0.006709 
0.007375 
0.007498 
0.006666 
0.006739 
0.008202 
0.006910 
0.006506 
0.005705 
0.005682 
0.007143 
0.005834 
0.005507 
0.007119 
0.005611 
0.005743 
0.004213 
0.003301 
0.002678 
0.003135 
0.003601 
0.003710 
0.003381 
0.002881 
0.002490 
0.002147 
0.002010 
0.002004 
0.001866 
0.002007 
0.002434 
0.001908 
0.002111 
0.001496 
0.002142 
0.002309 
0.002858 
0.002659 
0.002214 
0.002005 
0.001578 
0.001134 
0.002073 
0.002062 
0.002262 
0.002020 
0.001459 
0.001188 
0.000963 
0.001105 
0.000963 
0.000708 
0.000756 
0.000760 
0.000831 
0.000959 
0.001116 
0.001222 
0.000986 
0.000881 
0.000723 
0.000597 
0.000812 
0.000765 
0.001001 
0.000799 
0.000549 
0.000497 
0.000708 
0.000762 
0.001048 
0.000983 
0.000946 
0.000752 
0.000808 
0.001082 
0.002144 
0.004286 
0.011001 
0.021829 
0.024309 
0.027140 
0.031083 
0.035635 
0.035704 
0.042692 
0.098926 
0.114101 
0.135897 
0.145683 
0.156296 
0.165634 
0.188912 
0.188208 
0.197299 
0.184694 
0.188839 
0.180933 
0.185601 
0.181934 
0.195563 
0.202958 
0.212447 
0.213672 
0.221276 
0.225336 
0.227564 
0.216572 
0.227518 
0.217964 
0.234405 
0.225028 
0.244961 
0.220129 
0.232208 
0.218346 
0.220478 
0.218542 
0.232407 
0.231994 
0.235297 
0.227354 
0.225304 
0.219363 
0.196736 
0.200338 
0.188315 
0.202424 
0.189402 
0.198691 
0.209660 
0.218160 
0.209290 
0.218033 
0.191582 
0.205908 
0.205476 
0.216274 
0.198048 
0.217596 
0.221504 
0.214897 
0.206700 
0.203190 
0.197436 
0.200260 
0.197871 
0.190627 
0.191891 
0.191060 
0.198606 
0.192493 
0.193549 
0.193459 
0.198354 
0.183668 
0.155124 
0.139282 
0.109098 
0.087889 
0.069778 
0.051724 
0.050165 
0.041363 
0.043535 
0.037996 
0.037522 
0.044295 
0.035345 
0.043278 
0.038229 
0.045303 
0.045942 
0.053277 
0.047449 
0.066473 
0.058472 
0.073709 
0.068315 
0.082346 
0.103204 
0.112072 
0.148370 
0.172253 
0.177677 
0.174526 
0.199408 
0.183275 
0.192300 
0.185565 
0.202122 
0.200540 
0.211533 
0.196446 
0.195635 
0.194089 
0.179796 
0.202328 
0.196393 
0.201986 
0.209663 
0.214294 
0.211526 
0.210262 
0.212906 
0.211453 
0.222366 
0.219509 
0.205136 
0.207759 
0.200503 
0.209634 
0.210929 
0.202262 
0.197565 
0.208092 
0.198827 
0.204348 
0.199255 
0.197379 
0.194002 
0.185794 
0.189161 
0.186349 
0.185744 
0.175438 
0.168595 
0.157543 
0.158930 
0.163527 
0.169603 
0.171346 
0.160652 
0.162117 
0.157785 
0.158484 
0.169476 
0.161685 
0.155889 
0.147266 
0.146762 
0.146347 
0.153294 
0.157638 
0.161771 
0.160067 
0.153771 
0.157983 
0.153818 
0.161824 
0.152923 
0.152705 
0.154861 
0.153547 
0.152858 
0.149920 
0.146883 
0.140080 
0.139479 
0.132212 
0.132194 
0.134237 
0.135874 
0.134317 
0.129328 
0.129512 
0.126898 
0.124342 
0.113918 
0.106867 
0.100205 
0.088742 
0.078842 
0.063619 
0.050714 
0.040089 
0.034955 
0.035219 
0.033144 
0.032133 
0.029844 
0.031938 
0.031184 
0.029738 
0.029498 
0.028618 
0.029110 
0.025200 
0.027604 
0.026888 
0.030217 
0.028795 
0.031998 
0.028780 
0.029648 
0.028099 
0.029335 
0.029364 
0.027050 
0.028221 
0.029869 
0.029726 
0.027199 
0.030495 
0.027139 
0.032881 
0.030289 
0.034351 
0.030659 
0.035690 
0.031127 
0.037304 
0.032898 
0.038876 
0.033609 
0.039670 
0.034011 
0.039518 
0.031847 
0.035633 
0.029014 
0.028882 
0.023816 
0.027997 
0.024169 
0.026969 
0.022255 
0.026378 
0.023876 
0.026438 
0.026733 
0.025203 
0.029522 
0.021695 
0.021540 
0.017322 
0.021956 
0.016547 
0.018746 
0.016379 
0.011945 
0.008654 
0.008444 
0.018617 
0.014662 
0.010809 
0.007674 
0.007239 
0.008026 
0.007105 
0.009206 
0.005616 
0.009138 
0.012506 
0.022066 
0.032394 
0.037233 
0.049058 
0.091570 
0.165290 
0.204492 
0.231396 
0.236824 
0.249046 
0.224487 
0.252034 
0.263227 
0.294749 
0.274529 
0.269464 
0.272999 
0.285121 
0.346995 
0.323650 
0.341924 
0.327610 
0.283206 
0.314989 
0.265148 
0.276891 
0.303573 
0.260634 
0.227926 
0.281469 
0.269737 
0.226936 
0.206267 
0.205550 
0.227569 
0.221461 
0.214368 
0.233690 
0.218813 
0.213948 
0.220442 
0.198005 
0.229707 
0.238287 
0.221192 
0.241122 
0.229757 
0.216824 
0.231675 
0.221141 
0.226623 
0.234826 
0.214955 
0.223879 
0.223042 
0.217864 
0.234757 
0.229693 
0.215452 
0.216896 
0.215211 
0.213977 
0.214527 
0.213921 
0.207855 
0.206283 
0.207572 
0.203136 
0.222186 
0.226861 
0.212018 
0.218177 
0.211423 
0.211778 
0.234639 
0.207525 
0.227917 
0.238083 
0.219841 
0.236771 
0.219584 
0.224351 
0.249488 
0.232601 
0.243008 
0.243531 
0.234466 
0.241897 
0.239149 
0.234941 
0.242609 
0.230307 
0.240485 
0.242269 
0.225855 
0.224994 
0.212656 
0.225750 
0.221998 
0.209322 
0.221387 
0.216010 
0.230236 
0.233847 
0.229723 
0.236174 
0.222783 
0.218603 
0.225010 
0.204275 
0.207266 
0.198285 
0.201488 
0.205956 
0.199974 
0.221988 
0.201324 
0.212218 
0.193866 
0.195361 
0.200314 
0.196799 
0.237555 
0.216522 
0.232427 
0.225552 
0.212932 
0.221773 
0.202802 
0.216207 
0.203635 
0.208407 
0.216138 
0.210092 
0.220695 
0.219760 
0.217128 
0.210050 
0.202719 
0.201576 
0.211652 
0.208678 
0.203391 
0.207351 
0.205844 
0.243603 
0.218075 
0.237364 
0.214993 
0.242767 
0.235359 
0.243371 
0.240289 
0.228397 
0.232343 
0.232998 
0.241183 
0.235593 
0.261040 
0.230514 
0.287174 
0.236721 
0.279748 
0.226542 
0.274096 
0.224851 
0.278928 
0.233666 
0.271722 
0.238733 
0.274158 
0.237958 
0.273334 
0.240186 
0.268829 
0.241821 
0.273598 
0.245961 
0.284601 
0.254814 
0.287219 
0.246007 
0.283323 
0.248285 
0.266542 
0.246494 
0.278234 
0.241157 
0.263795 
0.243996 
0.255060 
0.238849 
0.248710 
0.244985 
0.243030 
0.244797 
0.236124 
0.256187 
0.241141 
0.240520 
0.222463 
0.231909 
0.221582 
0.217740 
0.220680 
0.212025 
0.216340 
0.202316 
0.211405 
0.209003 
0.218398 
0.210595 
0.209523 
0.194752 
0.199853 
0.191269 
0.179578 
0.180129 
0.165058 
0.156657 
0.164805 
0.167920 
0.166816 
0.157457 
0.162682 
0.155469 
0.139503 
0.142728 
0.140867 
0.141710 
0.137551 
0.143727 
0.136082 
0.142981 
0.143270 
0.145767 
0.142417 
0.126052 
0.107291 
0.088959 
0.087050 
0.067074 
0.057166 
0.056205 
0.050865 
0.072441 
0.062390 
0.052945 
0.046437 
0.075521 
0.118255 
0.104734 
0.086462 
0.078616 
0.089693 
0.082830 
0.067822 
0.064397 
0.049647 
0.044821 
0.035694 
0.031820 
0.047593 
0.045427 
0.045177 
0.051353 
0.040333 
0.031274 
0.024241 
0.034641 
0.034798 
0.032474 
0.025006 
0.019261 
0.019994 
0.025808 
0.038639 
0.037163 
0.029188 
0.025722 
0.022042 
0.020985 
0.020919 
0.017187 
0.020519 
0.018579 
0.019320 
0.016933 
0.015746 
0.015196 
0.013877 
0.012463 
0.009460 
0.008250 
0.009016 
0.008754 
0.011170 
0.009638 
0.008924 
0.007276 
0.005530 
0.006304 
0.006965 
0.005888 
0.005697 
0.004509 
0.005462 
0.005439 
0.004591 
0.004396 
0.004663 
0.004406 
0.003391 
0.002977 
0.002635 
0.002747 
0.002708 
0.002715 
0.002478 
0.002086 
0.001787 
0.001511 
0.001357 
0.001598 
0.001566 
0.001237 
0.001273 
0.001280 
0.001084 
0.001149 
0.001055 
0.001035 
0.000908 
0.000859 
0.000869 
0.000817 
0.000680 
0.000772 
0.000829 
0.000678 
0.000628 
0.000681 
0.000596 
0.000479 
0.000385 
0.000310 
0.000241 
0.000193 
0.000169 
0.000139 
0.000187 
0.000150 
0.000119 
0.000107 
0.000113 
0.000127 
0.000127 
0.000097 
0.000077 
0.000085 
0.000092 
0.000101 
0.000103 
0.000077 
0.000065 
0.000064 
0.000061 
0.000055 
0.000060 
0.000064 
0.000049 
0.000042 
0.000040 
0.000031 
0.000024 
0.000021 
0.000021 
0.000018 
0.000017 
0.000020 
0.000017 
0.000012 
0.000007 
0.000016 
0.000031 
0.000030 
0.000031 
0.000031 
0.000031 
0.000031 
0.000031 
0.000030 
0.000031 
0.000026 
0.000019 
0.000014 
0.000010 
0.000007 
0.000005 
0.000004 
0.000003 
0.000002 
0.000001 
0.000001 
0.000001 
0.000001 
