[ASCII 1000Hz, Channels: 1, Samples: 2088, Flags: 0]                          
0.000000 
0.000000 
0.000000 
0.000000 
0.000000 
0.000000 
0.000000 
0.000000 
0.000000 
0.000000 
0.000000 
0.000000 
0.000000 
0.000000 
0.000000 
0.000000 
0.000000 
0.000000 
0.000000 
0.000000 
0.000000 
0.000000 
0.000000 
0.000000 
0.000000 
0.000000 
0.000000 
0.000000 
0.000000 
0.000000 
0.000000 
0.000000 
0.000000 
0.000000 
0.000000 
0.000000 
0.000000 
0.000000 
0.000000 
0.000000 
0.000000 
0.000000 
0.000000 
0.000000 
0.000000 
0.000000 
0.000000 
0.000000 
0.000000 
0.000000 
0.000000 
0.000000 
0.000000 
0.000000 
0.000000 
0.000000 
0.000000 
0.000000 
0.000000 
0.000000 
0.000000 
0.000000 
0.000000 
0.000000 
0.000000 
0.000000 
0.000000 
0.000000 
0.000000 
0.000000 
-0.000000 
0.000000 
0.000000 
-0.000000 
0.000000 
-0.000000 
0.000007 
0.000027 
0.000049 
0.000069 
0.000081 
0.000126 
0.000206 
0.000240 
0.000226 
0.000326 
0.000245 
0.000674 
0.001172 
0.000765 
0.000654 
0.001145 
0.000948 
0.000614 
0.000652 
0.000471 
0.001335 
0.002687 
0.001439 
0.003180 
0.010625 
0.009205 
0.008172 
0.054851 
0.050967 
0.038964 
0.080355 
0.068532 
0.046472 
0.037381 
0.078571 
0.085031 
0.059811 
0.046135 
0.119729 
0.127953 
0.084086 
0.067989 
0.149097 
0.146896 
0.103729 
0.067636 
0.120787 
0.175682 
0.126836 
0.082855 
0.114524 
0.193095 
0.145199 
0.098223 
0.099448 
0.197244 
0.163469 
0.111397 
0.093127 
0.194581 
0.180506 
0.122300 
0.093840 
0.176823 
0.173463 
0.119369 
0.081871 
0.185439 
0.219918 
0.147677 
0.106308 
0.183658 
0.236354 
0.205210 
0.143367 
0.206888 
0.268704 
0.200913 
0.141937 
0.198789 
0.255562 
0.180206 
0.122409 
0.189137 
0.234409 
0.158149 
0.117160 
0.208050 
0.224252 
0.144882 
0.127693 
0.242241 
0.214973 
0.134282 
0.160123 
0.254241 
0.189984 
0.122120 
0.192001 
0.254259 
0.174019 
0.136037 
0.225967 
0.222863 
0.145017 
0.152299 
0.248833 
0.198875 
0.131334 
0.185224 
0.230298 
0.159220 
0.125277 
0.200967 
0.194869 
0.122761 
0.152702 
0.214091 
0.153735 
0.111360 
0.152857 
0.152658 
0.096595 
0.111565 
0.163377 
0.122357 
0.089198 
0.139916 
0.138740 
0.088811 
0.098444 
0.150956 
0.119677 
0.086105 
0.138597 
0.153547 
0.101258 
0.115384 
0.161107 
0.125443 
0.094333 
0.140940 
0.150221 
0.099878 
0.114092 
0.152412 
0.111054 
0.091399 
0.139910 
0.126910 
0.083641 
0.124205 
0.149296 
0.098909 
0.104360 
0.150071 
0.115496 
0.089218 
0.143193 
0.140288 
0.092094 
0.121900 
0.147315 
0.098344 
0.104118 
0.148465 
0.111662 
0.090440 
0.145934 
0.129507 
0.087231 
0.127811 
0.139294 
0.090055 
0.108488 
0.138972 
0.095620 
0.090673 
0.137591 
0.107642 
0.082187 
0.131096 
0.122974 
0.081270 
0.116662 
0.135958 
0.088453 
0.102582 
0.141559 
0.101603 
0.086283 
0.135572 
0.118837 
0.080567 
0.121873 
0.132362 
0.084758 
0.101478 
0.139524 
0.099001 
0.085913 
0.133936 
0.112207 
0.075935 
0.119477 
0.131221 
0.083084 
0.096236 
0.137197 
0.097723 
0.079849 
0.128771 
0.115506 
0.075283 
0.110293 
0.125964 
0.080258 
0.087257 
0.130243 
0.098508 
0.072710 
0.121264 
0.125023 
0.079434 
0.099838 
0.129235 
0.089023 
0.074852 
0.122666 
0.106330 
0.070778 
0.113574 
0.126220 
0.080692 
0.087253 
0.138078 
0.111130 
0.072238 
0.138412 
0.151492 
0.094528 
0.131971 
0.194735 
0.130022 
0.114435 
0.189236 
0.145080 
0.118441 
0.177232 
0.166537 
0.145011 
0.184897 
0.176904 
0.147026 
0.177778 
0.188659 
0.148119 
0.169196 
0.209712 
0.174930 
0.156167 
0.193924 
0.173334 
0.141626 
0.176489 
0.185732 
0.144052 
0.154882 
0.184934 
0.152479 
0.137211 
0.187701 
0.183991 
0.142541 
0.162893 
0.177248 
0.133392 
0.128790 
0.180089 
0.161371 
0.128981 
0.171511 
0.165711 
0.123157 
0.138463 
0.168581 
0.130450 
0.115964 
0.153040 
0.132845 
0.095753 
0.120891 
0.133151 
0.092069 
0.088842 
0.115941 
0.088236 
0.073662 
0.102224 
0.084682 
0.055090 
0.087439 
0.112742 
0.077850 
0.064286 
0.120009 
0.113666 
0.071066 
0.094554 
0.132640 
0.094546 
0.070249 
0.122632 
0.121951 
0.075263 
0.089939 
0.138945 
0.103813 
0.071680 
0.124378 
0.132644 
0.083053 
0.084319 
0.144500 
0.115679 
0.073119 
0.110660 
0.136262 
0.090447 
0.068064 
0.130051 
0.125642 
0.078836 
0.078217 
0.142129 
0.113577 
0.071145 
0.092860 
0.143813 
0.103132 
0.065769 
0.106614 
0.147390 
0.100925 
0.066666 
0.121884 
0.150469 
0.100806 
0.070600 
0.126343 
0.148433 
0.100788 
0.070679 
0.143080 
0.169977 
0.115218 
0.082234 
0.157538 
0.178572 
0.121171 
0.085978 
0.154412 
0.183931 
0.126635 
0.088851 
0.147846 
0.182888 
0.128514 
0.087986 
0.136032 
0.174586 
0.125137 
0.084480 
0.117645 
0.185302 
0.141663 
0.097129 
0.102731 
0.171508 
0.148485 
0.100329 
0.091372 
0.153150 
0.152523 
0.106315 
0.079221 
0.118137 
0.146449 
0.106422 
0.074455 
0.091933 
0.145834 
0.121496 
0.083202 
0.076728 
0.127431 
0.126464 
0.084982 
0.070715 
0.093432 
0.094363 
0.066992 
0.053308 
0.083286 
0.079726 
0.056521 
0.038111 
0.056657 
0.070620 
0.049050 
0.033010 
0.045107 
0.069589 
0.051167 
0.034164 
0.038777 
0.066564 
0.049598 
0.035522 
0.026689 
0.049095 
0.049007 
0.028920 
0.043436 
0.065052 
0.044459 
0.033175 
0.023796 
0.017600 
0.017706 
0.015945 
0.010219 
0.012055 
0.017973 
0.013480 
0.008979 
0.012047 
0.020100 
0.016005 
0.011073 
0.009381 
0.010183 
0.007960 
0.004454 
0.014334 
0.027479 
0.020564 
0.014808 
0.015049 
0.011453 
0.012317 
0.024068 
0.022723 
0.015453 
0.018457 
0.041100 
0.045445 
0.062232 
0.095772 
0.080804 
0.070652 
0.088622 
0.083757 
0.132121 
0.152268 
0.126587 
0.112021 
0.110092 
0.143538 
0.152258 
0.148494 
0.178336 
0.232393 
0.258589 
0.265670 
0.278327 
0.276893 
0.273416 
0.271442 
0.262820 
0.241466 
0.261971 
0.250865 
0.239837 
0.225158 
0.238829 
0.237856 
0.215504 
0.223271 
0.237205 
0.214246 
0.182908 
0.211189 
0.231686 
0.203988 
0.191687 
0.205161 
0.215324 
0.216687 
0.220582 
0.219693 
0.210439 
0.219459 
0.214775 
0.223536 
0.234822 
0.235112 
0.250200 
0.252797 
0.229897 
0.244025 
0.250351 
0.234967 
0.254437 
0.236436 
0.214371 
0.265009 
0.224480 
0.170474 
0.203121 
0.242065 
0.217980 
0.223747 
0.244422 
0.192331 
0.192196 
0.240198 
0.192660 
0.171797 
0.241249 
0.219094 
0.184798 
0.232280 
0.204169 
0.164489 
0.205170 
0.200491 
0.166255 
0.208822 
0.203646 
0.158287 
0.208535 
0.204323 
0.165541 
0.201272 
0.213123 
0.177097 
0.202492 
0.210941 
0.197792 
0.219754 
0.211318 
0.191834 
0.214533 
0.219387 
0.199448 
0.207109 
0.211004 
0.218658 
0.200275 
0.160986 
0.207338 
0.175853 
0.160683 
0.181357 
0.129587 
0.166336 
0.175541 
0.137364 
0.176765 
0.141658 
0.154911 
0.183827 
0.133187 
0.155281 
0.137126 
0.122306 
0.162558 
0.126114 
0.125409 
0.135114 
0.105783 
0.079028 
0.068260 
0.048540 
0.042452 
0.055724 
0.039285 
0.032739 
0.035991 
0.029394 
0.022671 
0.019424 
0.026868 
0.022050 
0.014891 
0.026357 
0.030786 
0.020094 
0.024832 
0.025547 
0.018297 
0.016858 
0.024722 
0.021470 
0.014933 
0.018639 
0.021899 
0.015358 
0.014513 
0.020966 
0.015229 
0.011182 
0.015853 
0.017819 
0.012754 
0.011609 
0.017341 
0.016184 
0.010566 
0.014389 
0.018937 
0.013030 
0.012028 
0.018586 
0.017053 
0.011337 
0.015190 
0.018589 
0.012750 
0.011564 
0.019288 
0.016673 
0.011710 
0.017910 
0.020533 
0.013468 
0.015288 
0.016649 
0.011134 
0.009088 
0.020629 
0.018758 
0.014106 
0.029852 
0.027274 
0.040828 
0.051714 
0.064841 
0.101478 
0.099761 
0.134987 
0.114285 
0.153831 
0.165851 
0.143980 
0.175584 
0.141911 
0.166347 
0.146668 
0.153242 
0.149983 
0.135789 
0.174932 
0.139882 
0.176742 
0.159806 
0.172038 
0.188886 
0.163991 
0.199059 
0.167584 
0.206146 
0.198698 
0.197962 
0.218068 
0.192442 
0.216459 
0.172704 
0.215499 
0.187320 
0.184094 
0.183672 
0.158851 
0.182255 
0.147906 
0.186482 
0.155113 
0.171515 
0.156444 
0.144814 
0.157447 
0.137093 
0.155350 
0.131141 
0.153687 
0.148916 
0.164121 
0.169969 
0.167891 
0.173161 
0.160845 
0.164535 
0.156347 
0.166167 
0.165837 
0.166749 
0.174257 
0.159120 
0.173908 
0.159754 
0.164487 
0.140137 
0.158349 
0.150013 
0.139228 
0.131758 
0.117441 
0.130065 
0.099051 
0.113621 
0.082479 
0.105295 
0.094691 
0.079275 
0.079480 
0.054695 
0.044224 
0.037059 
0.025706 
0.029901 
0.033662 
0.023999 
0.041848 
0.033035 
0.039827 
0.043423 
0.037261 
0.048412 
0.037762 
0.046120 
0.047108 
0.039657 
0.051948 
0.039628 
0.052345 
0.048897 
0.044382 
0.053248 
0.041840 
0.054211 
0.043144 
0.045094 
0.046604 
0.038982 
0.050005 
0.037203 
0.046122 
0.041333 
0.036961 
0.042908 
0.034831 
0.044076 
0.034996 
0.041261 
0.038483 
0.039289 
0.038529 
0.036545 
0.046213 
0.039299 
0.042720 
0.032492 
0.044729 
0.041440 
0.043252 
0.044790 
0.039068 
0.052815 
0.040535 
0.057123 
0.044013 
0.055814 
0.064159 
0.065640 
0.069904 
0.062705 
0.090210 
0.081663 
0.111574 
0.117860 
0.116375 
0.146723 
0.150917 
0.198101 
0.194933 
0.193149 
0.174544 
0.160435 
0.151868 
0.149343 
0.151008 
0.148953 
0.157788 
0.156592 
0.151302 
0.149519 
0.159919 
0.153037 
0.158529 
0.141623 
0.142024 
0.114985 
0.141325 
0.125022 
0.139801 
0.123555 
0.148191 
0.133099 
0.147859 
0.136400 
0.142730 
0.121790 
0.144290 
0.134339 
0.133240 
0.120615 
0.128687 
0.111636 
0.123794 
0.114351 
0.122877 
0.118718 
0.109477 
0.099356 
0.091264 
0.076521 
0.065755 
0.057367 
0.054080 
0.057378 
0.049632 
0.054351 
0.046678 
0.054912 
0.045994 
0.054205 
0.044249 
0.051602 
0.043922 
0.053552 
0.044348 
0.053439 
0.044215 
0.049315 
0.041379 
0.045587 
0.039426 
0.050851 
0.042959 
0.050586 
0.043982 
0.048279 
0.041679 
0.047852 
0.041888 
0.049487 
0.043458 
0.049931 
0.044584 
0.051670 
0.045842 
0.050160 
0.045606 
0.049316 
0.047497 
0.053489 
0.048546 
0.049530 
0.046992 
0.047198 
0.049229 
0.049207 
0.052678 
0.049439 
0.053857 
0.051035 
0.055915 
0.051583 
0.056627 
0.053518 
0.056051 
0.054086 
0.058498 
0.066617 
0.077261 
0.085654 
0.100927 
0.119586 
0.129773 
0.164068 
0.163286 
0.181495 
0.178516 
0.176308 
0.171849 
0.155166 
0.164982 
0.164449 
0.183068 
0.168848 
0.161925 
0.164538 
0.167793 
0.167552 
0.175909 
0.161968 
0.153780 
0.175302 
0.176458 
0.178822 
0.180683 
0.174389 
0.184153 
0.178702 
0.185111 
0.177045 
0.182285 
0.167306 
0.176305 
0.153149 
0.136009 
0.110881 
0.096251 
0.081958 
0.070511 
0.066305 
0.058467 
0.052262 
0.047650 
0.041779 
0.043949 
0.035866 
0.032862 
0.029374 
0.028090 
0.026503 
0.026384 
0.023409 
0.021601 
0.021753 
0.020414 
0.017800 
0.013964 
0.012682 
0.010386 
0.008762 
0.007341 
0.006831 
0.005710 
0.005198 
0.005003 
0.005057 
0.004279 
0.003784 
0.002642 
0.001948 
0.001742 
0.001650 
0.002157 
0.002945 
0.003818 
0.004357 
0.004480 
0.004357 
0.004386 
0.004027 
0.004404 
0.003854 
0.003838 
0.003213 
0.002859 
0.002656 
0.002582 
0.002026 
0.001567 
0.001816 
0.001626 
0.002417 
0.004086 
0.007928 
0.006964 
0.056030 
0.096165 
0.096976 
0.091858 
0.066602 
0.049795 
0.036696 
0.029428 
0.027642 
0.028759 
0.033592 
0.029739 
0.030547 
0.035905 
0.042257 
0.044692 
0.045272 
0.043023 
0.034284 
0.027921 
0.020907 
0.015899 
0.013144 
0.011212 
0.009931 
0.007411 
0.005435 
0.005302 
0.005141 
0.004253 
0.003077 
0.002237 
0.001620 
0.001174 
0.000852 
0.000617 
0.000449 
0.000321 
0.000255 
0.000297 
0.000251 
0.000177 
0.000131 
0.000094 
0.000068 
0.000049 
0.000036 
0.000026 
0.000019 
0.000014 
0.000010 
0.000007 
0.000005 
0.000004 
0.000003 
0.000002 
0.000001 
0.000001 
0.000001 
0.000001 
0.000000 
0.000001 
0.000009 
0.000030 
0.000050 
0.000075 
0.000073 
0.000390 
0.002663 
0.007276 
0.016913 
0.024214 
0.033495 
0.034906 
0.033443 
0.040160 
0.036444 
0.027744 
0.029543 
0.027190 
0.025934 
0.048513 
0.057974 
0.075765 
0.140738 
0.139513 
0.192736 
0.213390 
0.216970 
0.210424 
0.226351 
0.220051 
0.196929 
0.194873 
0.208856 
0.214803 
0.204525 
0.217001 
0.208236 
0.209837 
0.216450 
0.210880 
0.230053 
0.228315 
0.215226 
0.230902 
0.205792 
0.204731 
0.238397 
0.188040 
0.219407 
0.213888 
0.203825 
0.221316 
0.177745 
0.178991 
0.148432 
0.118891 
0.147153 
0.109532 
0.112002 
0.112718 
0.094494 
0.144239 
0.132018 
0.102582 
0.109557 
0.111759 
0.121631 
0.104607 
0.119184 
0.161154 
0.153880 
0.113099 
0.142257 
0.121077 
0.102728 
0.095328 
0.098368 
0.112784 
0.093424 
0.111514 
0.140253 
0.112929 
0.097975 
0.112353 
0.113356 
0.142335 
0.132872 
0.118830 
0.121879 
0.102344 
0.118955 
0.112134 
0.115491 
0.108825 
0.105135 
0.098933 
0.111007 
0.141634 
0.131965 
0.095029 
0.075285 
0.079027 
0.082217 
0.134146 
0.153945 
0.139189 
0.134155 
0.167955 
0.137658 
0.138552 
0.121465 
0.131378 
0.159206 
0.157317 
0.160850 
0.171141 
0.144587 
0.121732 
0.129944 
0.121218 
0.097695 
0.120527 
0.133289 
0.146273 
0.196252 
0.151890 
0.166085 
0.173084 
0.129748 
0.159974 
0.161111 
0.115994 
0.150555 
0.143617 
0.125243 
0.174191 
0.152265 
0.141586 
0.160845 
0.144534 
0.198072 
0.198085 
0.204883 
0.227427 
0.212865 
0.216061 
0.213871 
0.194523 
0.201272 
0.240044 
0.206543 
0.240887 
0.234189 
0.221991 
0.233887 
0.249306 
0.278417 
0.267133 
0.282130 
0.280919 
0.254069 
0.259747 
0.222457 
0.239567 
0.249735 
0.253443 
0.252556 
0.227705 
0.232215 
0.222010 
0.218019 
0.220290 
0.211407 
0.204273 
0.207432 
0.214145 
0.185703 
0.169854 
0.167893 
0.161583 
0.141310 
0.133970 
0.131247 
0.133083 
0.134230 
0.100837 
0.107759 
0.090606 
0.065498 
0.059265 
0.068871 
0.069507 
0.102439 
0.109440 
0.092311 
0.090671 
0.079047 
0.067096 
0.077042 
0.072707 
0.088284 
0.083680 
0.063565 
0.060383 
0.066726 
0.073726 
0.074760 
0.071202 
0.066972 
0.058956 
0.055111 
0.060635 
0.073207 
0.065313 
0.063534 
0.067656 
0.063900 
0.082761 
0.066302 
0.055606 
0.064801 
0.063836 
0.062528 
0.085002 
0.090597 
0.092534 
0.072930 
0.057758 
0.060219 
0.071101 
0.073504 
0.079413 
0.078787 
0.089922 
0.085857 
0.099764 
0.094483 
0.069663 
0.065634 
0.085224 
0.078801 
0.085766 
0.079480 
0.063114 
0.079915 
0.131758 
0.122254 
0.100989 
0.094663 
0.081070 
0.114637 
0.122264 
0.144135 
0.139563 
0.128457 
0.119653 
0.088948 
0.095959 
0.104216 
0.100797 
0.085014 
0.086696 
0.083959 
0.084889 
0.076756 
0.068985 
0.067196 
0.066828 
0.070702 
0.086442 
0.104604 
0.118777 
0.103397 
0.114099 
0.109734 
0.096365 
0.098422 
0.119946 
0.122853 
0.091177 
0.095007 
0.075549 
0.062563 
0.052387 
0.051392 
0.056140 
0.064165 
0.069988 
0.081911 
0.089603 
0.104337 
0.117753 
0.142923 
0.126517 
0.144654 
0.146329 
0.149726 
0.148059 
0.188440 
0.182018 
0.199462 
0.195644 
0.221404 
0.211368 
0.215605 
0.208562 
0.205275 
0.219802 
0.206068 
0.223907 
0.204246 
0.248104 
0.213860 
0.259115 
0.214582 
0.220979 
0.190547 
0.211759 
0.194940 
0.178834 
0.175519 
0.167185 
0.171648 
0.157575 
0.179031 
0.156548 
0.190108 
0.172576 
0.220312 
0.182042 
0.221112 
0.195604 
0.226674 
0.203915 
0.256467 
0.243324 
0.265135 
0.234939 
0.234808 
0.228070 
0.241333 
0.217664 
0.217207 
0.238988 
0.229419 
0.214086 
0.206129 
0.206566 
0.186409 
0.178416 
0.181388 
0.174488 
0.159592 
0.158786 
0.142691 
0.131392 
0.123406 
0.127985 
0.125812 
0.123258 
0.115714 
0.109932 
0.119265 
0.107205 
0.100175 
0.103523 
0.118278 
0.100776 
0.100620 
0.093306 
0.097265 
0.093571 
0.092116 
0.096236 
0.090562 
0.089946 
0.084785 
0.093657 
0.081029 
0.063880 
0.065230 
0.073769 
0.070573 
0.069186 
0.073285 
0.071126 
0.061768 
0.054591 
0.052150 
0.044985 
0.037391 
0.035953 
0.041428 
0.053552 
0.048279 
0.051844 
0.046712 
0.049959 
0.046571 
0.052209 
0.045643 
0.048242 
0.044409 
0.047053 
0.046177 
0.054254 
0.047296 
0.051120 
0.046675 
0.051034 
0.045474 
0.048140 
0.044977 
0.056006 
0.046522 
0.054349 
0.045479 
0.059727 
0.048083 
0.061754 
0.050223 
0.065284 
0.053714 
0.064851 
0.055571 
0.061097 
0.058085 
0.056478 
0.058491 
0.054237 
0.065635 
0.053320 
0.068149 
0.052394 
0.074549 
0.059382 
0.074416 
0.066941 
0.072266 
0.075904 
0.068221 
0.080437 
0.064398 
0.081996 
0.064426 
0.079393 
0.064538 
0.081961 
0.075718 
0.091538 
0.105776 
0.127766 
0.149956 
0.193314 
0.172676 
0.206653 
0.218794 
0.205667 
0.251029 
0.223130 
0.237261 
0.283757 
0.255245 
0.261140 
0.296914 
0.266175 
0.288148 
0.304437 
0.258225 
0.261646 
0.252334 
0.220208 
0.254171 
0.218204 
0.210056 
0.239213 
0.195127 
0.226622 
0.217571 
0.204184 
0.258999 
0.207748 
0.227667 
0.239055 
0.211728 
0.269360 
0.218425 
0.251517 
0.269872 
0.235661 
0.301226 
0.239431 
0.257291 
0.250112 
0.233786 
0.274511 
0.236207 
0.270450 
0.244386 
0.244630 
0.245957 
0.224572 
0.254742 
0.227520 
0.224266 
0.210822 
0.207331 
0.207818 
0.203501 
0.196669 
0.202612 
0.200123 
0.181359 
0.203040 
0.186230 
0.194343 
0.216748 
0.207077 
0.201624 
0.192579 
0.192148 
0.207210 
0.203687 
0.212244 
0.213646 
0.215218 
0.209313 
0.207049 
0.215924 
0.211434 
0.233300 
0.209872 
0.210056 
0.224191 
0.225855 
0.223827 
0.236590 
0.241244 
0.228889 
0.250597 
0.242185 
0.228773 
0.234507 
0.238987 
0.235779 
0.246802 
0.240383 
0.252946 
0.249172 
0.234874 
0.239489 
0.246842 
0.249766 
0.250153 
0.256775 
0.255711 
0.264480 
0.259525 
0.273540 
0.272049 
0.272012 
0.262009 
0.277292 
0.280288 
0.280558 
0.281763 
0.272507 
0.285442 
0.268522 
0.302617 
0.272622 
0.296139 
0.268056 
0.292064 
0.264050 
0.281353 
0.259663 
0.278605 
0.251217 
0.294743 
0.256079 
0.263303 
0.241315 
0.277923 
0.242590 
0.262233 
0.246649 
0.288512 
0.258843 
0.273545 
0.251952 
0.273856 
0.251640 
0.259130 
0.255027 
0.276392 
0.268207 
0.279396 
0.276331 
0.278394 
0.296767 
0.271968 
0.285375 
0.289343 
0.291478 
0.287613 
0.270902 
0.272414 
0.270598 
0.236936 
0.205746 
0.175759 
0.149835 
0.140819 
0.126311 
0.137568 
0.161662 
0.162540 
0.142890 
0.127539 
0.115089 
0.117289 
0.136979 
0.142679 
0.145167 
0.155833 
0.139589 
0.120768 
0.110923 
0.117006 
0.122827 
0.130099 
0.130045 
0.126465 
0.100504 
0.121452 
0.124601 
0.131321 
0.116383 
0.126687 
0.128603 
0.121733 
0.098180 
0.090286 
0.094544 
0.089895 
0.114612 
0.117211 
0.098918 
0.084111 
0.073894 
0.109194 
0.103680 
0.081106 
0.067221 
0.050983 
0.068127 
0.082280 
0.088616 
0.076636 
0.055119 
0.048328 
0.060771 
0.054946 
0.055857 
0.079353 
0.071807 
0.055049 
0.047529 
0.040035 
0.039128 
0.052646 
0.055565 
0.044857 
0.033402 
0.034338 
0.035070 
0.026699 
0.025231 
0.035800 
0.031765 
0.031692 
0.027048 
0.026438 
0.029662 
0.025745 
0.021309 
0.021838 
0.022202 
0.019298 
0.020004 
0.022081 
0.019802 
0.016163 
0.013270 
0.014342 
0.014735 
0.011442 
0.011735 
0.008710 
0.010194 
0.014532 
0.011643 
0.008747 
0.009563 
0.007911 
0.006593 
0.006190 
0.004486 
0.004181 
0.003672 
0.003638 
0.003388 
0.003674 
0.003822 
0.004017 
0.004039 
0.002840 
0.002632 
0.002124 
0.001534 
0.001837 
0.001797 
0.001451 
0.001312 
0.001266 
0.001072 
0.000689 
0.001156 
0.001252 
0.001381 
0.001201 
0.000969 
0.001220 
0.000916 
0.000776 
0.000895 
0.000682 
0.000757 
0.000810 
0.000587 
0.000550 
0.000540 
0.000473 
0.000494 
0.000662 
0.000628 
0.000799 
0.000763 
0.000531 
0.000526 
0.000703 
0.001153 
0.001458 
0.001040 
0.000987 
0.001223 
0.001424 
0.001457 
0.001606 
0.001382 
0.001138 
0.001122 
0.000992 
0.000996 
0.001438 
0.001412 
0.001212 
0.002031 
0.002222 
0.002307 
0.001968 
0.001597 
0.001560 
0.001342 
0.001589 
0.002084 
0.001730 
0.001538 
0.001761 
0.002043 
0.002710 
0.001949 
0.001481 
0.001456 
0.001225 
0.001671 
0.002272 
0.002038 
0.001519 
0.001163 
0.001022 
0.001102 
0.001104 
0.000815 
0.000728 
0.000972 
0.000997 
0.001247 
0.001387 
0.001116 
0.000841 
0.000928 
0.001230 
0.001271 
0.001050 
0.000862 
0.000844 
0.001064 
0.001153 
0.000863 
0.000718 
0.000648 
0.000818 
0.001353 
0.001281 
0.001213 
0.001456 
0.001300 
0.000897 
0.000779 
0.001071 
0.000981 
0.000842 
0.000692 
0.000568 
0.000443 
0.000583 
0.000691 
0.000581 
0.000592 
0.000869 
0.000797 
0.000548 
0.000421 
0.000371 
0.000395 
0.000413 
0.000454 
0.000431 
0.000322 
0.000223 
0.000233 
0.000371 
0.000513 
0.000385 
0.000300 
0.000307 
0.000289 
0.000389 
0.000289 
0.000258 
0.000401 
0.000385 
0.000288 
0.000191 
0.000278 
0.000407 
0.000288 
0.000325 
0.000507 
0.000391 
0.000269 
0.000304 
0.000296 
0.000209 
0.000220 
0.000200 
0.000175 
0.000196 
0.000187 
0.000170 
0.000152 
0.000129 
0.000119 
0.000172 
0.000156 
0.000118 
0.000109 
0.000103 
0.000074 
0.000057 
0.000062 
0.000049 
0.000083 
0.000153 
0.000128 
0.000091 
0.000070 
0.000070 
0.000083 
0.000087 
0.000073 
0.000062 
0.000057 
0.000047 
0.000038 
0.000028 
0.000065 
0.000081 
0.000064 
0.000047 
0.000034 
0.000025 
0.000019 
0.000032 
0.000039 
0.000029 
0.000025 
0.000020 
0.000018 
0.000019 
0.000018 
0.000018 
0.000017 
0.000012 
0.000009 
0.000006 
0.000005 
0.000003 
0.000002 
0.000002 
0.000001 
0.000001 
0.000001 
0.000000 
0.000000 
0.000000 
0.000000 
0.000000 
0.000000 
0.000000 
0.000000 
0.000000 
0.000000 
0.000000 
0.000000 
0.000000 
0.000000 
0.000000 
0.000000 
0.000000 
0.000000 
0.000000 
0.000000 
0.000000 
0.000000 
0.000000 
0.000000 
0.000000 
0.000000 
0.000000 
0.000000 
0.000000 
0.000000 
0.000000 
0.000000 
0.000000 
