[ASCII 1000Hz, Channels: 1, Samples: 4896, Flags: 0]                          
0.000000 
0.000000 
0.000000 
0.000000 
0.000000 
0.000000 
0.000000 
0.000000 
0.000000 
0.000000 
0.000000 
0.000000 
0.000000 
0.000000 
0.000000 
0.000000 
0.000000 
0.000000 
0.000000 
0.000000 
0.000000 
0.000000 
0.000000 
0.000000 
0.000000 
0.000000 
0.000000 
0.000000 
0.000000 
0.000000 
0.000000 
0.000000 
0.000000 
0.000000 
0.000000 
0.000000 
0.000000 
0.000000 
0.000000 
0.000000 
0.000000 
0.000000 
0.000000 
0.000000 
0.000000 
0.000000 
0.000000 
0.000000 
0.000000 
0.000000 
0.000000 
0.000000 
0.000000 
0.000000 
0.000000 
0.000000 
0.000000 
-0.000000 
-0.000000 
0.000000 
-0.000000 
0.000000 
-0.000001 
0.000007 
0.000030 
0.000033 
0.000023 
0.000017 
0.000012 
0.000009 
0.000006 
0.000005 
0.000003 
0.000002 
0.000003 
-0.000002 
0.000021 
0.000090 
0.000115 
0.000079 
0.000141 
0.000283 
0.000393 
0.000366 
0.000427 
0.000306 
0.000405 
0.000616 
0.000749 
0.000978 
0.001289 
0.001491 
0.001508 
0.001562 
0.001620 
0.001716 
0.001913 
0.002238 
0.001841 
0.001709 
0.004714 
0.007677 
0.008446 
0.008659 
0.006941 
0.005280 
0.004672 
0.005835 
0.008312 
0.008535 
0.006611 
0.008835 
0.008343 
0.006162 
0.005143 
0.006515 
0.011108 
0.010695 
0.011180 
0.014060 
0.014724 
0.013535 
0.013720 
0.012825 
0.012714 
0.014082 
0.015183 
0.022401 
0.023408 
0.016405 
0.017689 
0.026875 
0.031383 
0.026789 
0.029147 
0.036644 
0.029445 
0.021255 
0.049948 
0.061691 
0.062646 
0.089183 
0.093826 
0.069893 
0.104530 
0.138374 
0.126484 
0.095487 
0.112273 
0.145691 
0.119086 
0.116428 
0.153171 
0.167652 
0.122376 
0.135082 
0.173757 
0.148514 
0.130909 
0.174127 
0.183284 
0.152838 
0.163872 
0.186064 
0.181625 
0.150518 
0.163159 
0.196116 
0.175548 
0.173492 
0.190623 
0.196695 
0.167344 
0.175726 
0.191319 
0.163307 
0.187823 
0.218818 
0.189462 
0.186654 
0.228268 
0.238104 
0.220661 
0.240186 
0.248563 
0.219491 
0.237034 
0.250015 
0.256485 
0.252457 
0.253579 
0.294213 
0.271478 
0.210008 
0.263727 
0.274056 
0.213484 
0.227947 
0.277965 
0.239400 
0.227991 
0.268810 
0.243616 
0.210577 
0.253811 
0.261319 
0.220814 
0.223664 
0.236324 
0.203102 
0.173147 
0.198044 
0.186418 
0.140524 
0.119967 
0.112397 
0.078503 
0.060884 
0.080518 
0.066946 
0.041488 
0.075168 
0.087350 
0.054594 
0.051115 
0.082488 
0.064386 
0.045149 
0.034756 
0.067750 
0.068976 
0.045594 
0.037086 
0.061017 
0.051823 
0.035084 
0.029217 
0.024819 
0.024252 
0.021653 
0.017432 
0.021751 
0.028396 
0.019040 
0.016397 
0.018727 
0.020209 
0.019851 
0.012645 
0.013266 
0.019871 
0.014743 
0.010326 
0.019838 
0.019586 
0.012181 
0.013173 
0.017489 
0.013041 
0.009750 
0.010740 
0.026737 
0.046568 
0.059077 
0.075082 
0.080488 
0.076186 
0.057099 
0.064688 
0.064392 
0.053313 
0.053393 
0.065302 
0.084719 
0.138129 
0.193040 
0.208641 
0.195952 
0.198081 
0.210392 
0.204489 
0.219871 
0.242471 
0.238204 
0.243675 
0.240837 
0.233831 
0.225914 
0.220467 
0.216719 
0.217739 
0.229780 
0.220429 
0.217335 
0.209583 
0.211306 
0.221569 
0.212424 
0.214390 
0.218604 
0.221327 
0.206254 
0.206387 
0.213066 
0.234865 
0.223975 
0.213714 
0.216733 
0.221214 
0.214209 
0.202206 
0.193689 
0.187703 
0.180584 
0.186363 
0.178156 
0.173140 
0.157069 
0.142049 
0.143567 
0.155026 
0.141550 
0.133144 
0.137015 
0.130062 
0.140012 
0.140869 
0.140905 
0.149557 
0.151644 
0.156740 
0.183462 
0.188166 
0.186015 
0.173883 
0.181877 
0.184799 
0.198819 
0.197428 
0.190543 
0.200124 
0.195751 
0.189285 
0.186170 
0.178185 
0.170459 
0.154944 
0.142841 
0.139120 
0.135716 
0.134853 
0.130631 
0.123343 
0.116321 
0.104157 
0.119773 
0.114087 
0.108691 
0.094282 
0.082290 
0.077641 
0.082331 
0.076000 
0.083838 
0.074918 
0.066367 
0.068020 
0.069549 
0.080029 
0.094765 
0.082010 
0.064366 
0.058108 
0.049284 
0.052712 
0.054849 
0.053964 
0.052621 
0.045902 
0.046655 
0.048429 
0.050755 
0.056038 
0.049763 
0.043566 
0.038867 
0.033947 
0.034005 
0.033396 
0.025643 
0.027870 
0.026053 
0.025648 
0.021826 
0.022431 
0.023190 
0.024278 
0.025297 
0.024581 
0.025417 
0.025727 
0.025178 
0.021279 
0.019361 
0.021196 
0.018774 
0.017200 
0.017636 
0.018125 
0.017456 
0.017862 
0.021860 
0.021762 
0.021531 
0.022151 
0.018359 
0.015083 
0.016326 
0.016051 
0.016307 
0.014259 
0.013018 
0.012438 
0.014947 
0.016468 
0.021352 
0.026384 
0.027735 
0.027468 
0.024936 
0.032776 
0.032560 
0.052865 
0.092070 
0.100025 
0.093262 
0.065258 
0.089255 
0.118204 
0.151919 
0.184386 
0.208851 
0.240461 
0.234946 
0.191056 
0.179327 
0.184692 
0.191077 
0.181326 
0.175497 
0.175445 
0.175914 
0.174037 
0.177306 
0.179672 
0.180652 
0.173197 
0.184418 
0.192978 
0.207888 
0.193886 
0.205938 
0.201816 
0.204359 
0.190505 
0.206198 
0.194670 
0.184420 
0.178619 
0.190550 
0.182943 
0.183060 
0.173449 
0.185460 
0.188444 
0.182842 
0.183685 
0.170966 
0.164920 
0.173772 
0.172578 
0.154371 
0.162484 
0.154430 
0.147116 
0.141100 
0.141317 
0.133047 
0.126651 
0.116959 
0.116661 
0.095402 
0.086175 
0.062405 
0.047070 
0.040543 
0.032329 
0.029830 
0.024999 
0.029670 
0.025879 
0.029072 
0.024448 
0.025509 
0.019999 
0.017694 
0.014171 
0.012746 
0.009219 
0.008187 
0.008408 
0.008000 
0.009496 
0.007848 
0.009646 
0.010208 
0.010015 
0.008113 
0.008363 
0.010190 
0.009560 
0.009341 
0.007937 
0.006689 
0.005842 
0.005870 
0.005449 
0.005517 
0.004879 
0.004544 
0.003999 
0.003758 
0.003125 
0.003085 
0.002442 
0.002757 
0.003020 
0.003388 
0.004124 
0.004359 
0.004685 
0.005079 
0.004926 
0.004647 
0.004152 
0.004353 
0.004019 
0.010511 
0.010011 
0.006963 
0.005726 
0.004294 
0.004752 
0.006642 
0.008235 
0.012041 
0.019461 
0.037854 
0.048609 
0.041889 
0.036234 
0.028906 
0.024575 
0.023536 
0.022994 
0.022719 
0.027613 
0.032186 
0.035463 
0.028521 
0.021889 
0.033927 
0.042102 
0.035796 
0.028870 
0.044008 
0.051994 
0.035997 
0.028216 
0.028599 
0.042781 
0.052083 
0.046343 
0.038740 
0.031526 
0.032878 
0.047974 
0.058146 
0.051842 
0.044592 
0.035785 
0.036176 
0.030433 
0.043674 
0.068899 
0.074621 
0.076853 
0.101902 
0.091899 
0.109540 
0.147113 
0.145701 
0.162399 
0.176833 
0.158539 
0.207197 
0.209846 
0.185727 
0.233381 
0.222755 
0.192200 
0.238335 
0.230491 
0.188057 
0.225125 
0.218094 
0.160068 
0.193217 
0.220481 
0.165912 
0.152025 
0.214066 
0.199482 
0.144532 
0.170705 
0.198895 
0.152921 
0.109767 
0.142289 
0.145637 
0.101826 
0.075356 
0.059321 
0.075883 
0.076072 
0.061218 
0.045792 
0.043755 
0.026984 
0.074469 
0.095361 
0.070532 
0.056942 
0.040694 
0.029562 
0.021611 
0.015093 
0.013169 
0.011742 
0.017739 
0.035306 
0.029900 
0.023383 
0.017878 
0.012896 
0.009331 
0.006979 
0.005881 
0.004735 
0.003802 
0.003186 
0.003370 
0.003276 
0.003552 
0.003222 
0.004773 
0.003943 
0.003640 
0.003063 
0.002634 
0.001959 
0.002033 
0.001844 
0.001545 
0.001766 
0.001379 
0.001653 
0.001431 
0.000874 
0.001145 
0.002174 
0.001573 
0.001143 
0.000832 
0.000686 
0.000541 
0.000383 
0.000281 
0.000202 
0.000149 
0.000103 
0.000097 
0.000117 
0.000083 
0.000061 
0.000044 
0.000038 
0.000029 
0.000021 
0.000015 
0.000011 
0.000008 
0.000006 
0.000004 
0.000003 
0.000002 
0.000002 
0.000001 
0.000001 
0.000001 
0.000000 
0.000001 
-0.000000 
0.000005 
0.000008 
0.000009 
0.000014 
0.000012 
0.000017 
0.000020 
0.000017 
0.000018 
0.000020 
0.000018 
0.000015 
0.000016 
0.000018 
0.000018 
0.000020 
0.000016 
0.000016 
0.000018 
0.000020 
0.000019 
0.000018 
0.000019 
0.000017 
0.000019 
0.000015 
0.000016 
0.000015 
0.000017 
0.000015 
0.000015 
0.000020 
0.000017 
0.000013 
0.000017 
0.000018 
0.000017 
0.000016 
0.000019 
0.000016 
0.000019 
0.000018 
0.000017 
0.000014 
0.000015 
0.000019 
0.000018 
0.000017 
0.000020 
0.000019 
0.000017 
0.000019 
0.000016 
0.000012 
0.000016 
0.000015 
0.000016 
0.000018 
0.000017 
0.000018 
0.000018 
0.000019 
0.000016 
0.000015 
0.000014 
0.000012 
0.000014 
0.000014 
0.000015 
0.000016 
0.000015 
0.000015 
0.000014 
0.000014 
0.000015 
0.000017 
0.000022 
0.000020 
0.000016 
0.000017 
0.000019 
0.000020 
0.000018 
0.000016 
0.000015 
0.000015 
0.000018 
0.000018 
0.000016 
0.000017 
0.000019 
0.000017 
0.000016 
0.000014 
0.000016 
0.000017 
0.000014 
0.000015 
0.000016 
0.000017 
0.000022 
0.000020 
0.000018 
0.000016 
0.000017 
0.000016 
0.000012 
0.000009 
0.000015 
0.000019 
0.000020 
0.000019 
0.000016 
0.000016 
0.000016 
0.000013 
0.000013 
0.000015 
0.000017 
0.000015 
0.000019 
0.000020 
0.000017 
0.000013 
0.000015 
0.000018 
0.000014 
0.000015 
0.000017 
0.000014 
0.000010 
0.000008 
0.000009 
0.000011 
0.000011 
0.000010 
0.000009 
0.000006 
0.000007 
0.000011 
0.000010 
0.000010 
0.000010 
0.000011 
0.000014 
0.000012 
0.000013 
0.000014 
0.000014 
0.000013 
0.000019 
0.000041 
0.000030 
0.000055 
0.000093 
0.000077 
0.000068 
0.000048 
0.000097 
0.000108 
0.000072 
0.000054 
0.000039 
0.000028 
0.000020 
0.000015 
0.000017 
0.000018 
0.000021 
0.000024 
0.000028 
0.000042 
0.000064 
0.000130 
0.000115 
0.002193 
0.004636 
0.009709 
0.019366 
0.016820 
0.015665 
0.054766 
0.077613 
0.205924 
0.230481 
0.267814 
0.260915 
0.266299 
0.283734 
0.279542 
0.270401 
0.216390 
0.272483 
0.219571 
0.244093 
0.241519 
0.238540 
0.278097 
0.248750 
0.297958 
0.263229 
0.254510 
0.247125 
0.218280 
0.243308 
0.244183 
0.214630 
0.233543 
0.280478 
0.235839 
0.219127 
0.237016 
0.205606 
0.200392 
0.234008 
0.227652 
0.213403 
0.228910 
0.214735 
0.190767 
0.204299 
0.208579 
0.182239 
0.170346 
0.177808 
0.191530 
0.167026 
0.169146 
0.178129 
0.163774 
0.158567 
0.174855 
0.173006 
0.146835 
0.148408 
0.158778 
0.153034 
0.155137 
0.172435 
0.161673 
0.166629 
0.144500 
0.121298 
0.172679 
0.162288 
0.103648 
0.149949 
0.181997 
0.116293 
0.134740 
0.176625 
0.129246 
0.113094 
0.122099 
0.101291 
0.070972 
0.060441 
0.052762 
0.037149 
0.028192 
0.037332 
0.034115 
0.027763 
0.028590 
0.032463 
0.027953 
0.023338 
0.015772 
0.025847 
0.028620 
0.018879 
0.015394 
0.011643 
0.015831 
0.016425 
0.013129 
0.014354 
0.016199 
0.012669 
0.011837 
0.016731 
0.015758 
0.014201 
0.011617 
0.010513 
0.013339 
0.011237 
0.008995 
0.012518 
0.011429 
0.007487 
0.006857 
0.006246 
0.004204 
0.003550 
0.004141 
0.003022 
0.002505 
0.002058 
0.001690 
0.001757 
0.001684 
0.002302 
0.003108 
0.004049 
0.003807 
0.003619 
0.004806 
0.005305 
0.003786 
0.003473 
0.003625 
0.003176 
0.002713 
0.002207 
0.002522 
0.003011 
0.001960 
0.002198 
0.002442 
0.002463 
0.002086 
0.001560 
0.002185 
0.002108 
0.001574 
0.001950 
0.002545 
0.002003 
0.001813 
0.002392 
0.002545 
0.002721 
0.002117 
0.001763 
0.001708 
0.001353 
0.001052 
0.000870 
0.000586 
0.001150 
0.001383 
0.001061 
0.000969 
0.001023 
0.001142 
0.001286 
0.001567 
0.001724 
0.001900 
0.001916 
0.001878 
0.001803 
0.001719 
0.001565 
0.001498 
0.001487 
0.001260 
0.001195 
0.001403 
0.001227 
0.001039 
0.000978 
0.000875 
0.000784 
0.000758 
0.000691 
0.000612 
0.000609 
0.000613 
0.000610 
0.000601 
0.000599 
0.000504 
0.000459 
0.000555 
0.000618 
0.000698 
0.000836 
0.000827 
0.000691 
0.000647 
0.000640 
0.000444 
0.000329 
0.000236 
0.000172 
0.000124 
0.000090 
0.000065 
0.000048 
0.000035 
0.000024 
0.000021 
0.000019 
0.000212 
0.000779 
0.000869 
0.001222 
0.002642 
0.004582 
0.015685 
0.015892 
0.023730 
0.038123 
0.039159 
0.061981 
0.080515 
0.084904 
0.078135 
0.095199 
0.088483 
0.098169 
0.085709 
0.123604 
0.106481 
0.140951 
0.164762 
0.127223 
0.185813 
0.186373 
0.156266 
0.194216 
0.156391 
0.163238 
0.190437 
0.160149 
0.179717 
0.181314 
0.169490 
0.166619 
0.159715 
0.179614 
0.177228 
0.173268 
0.167219 
0.155063 
0.158469 
0.144769 
0.135359 
0.127433 
0.109205 
0.106231 
0.109203 
0.101730 
0.101026 
0.087758 
0.087034 
0.087891 
0.102188 
0.105234 
0.105674 
0.104070 
0.096702 
0.100031 
0.100008 
0.098399 
0.105230 
0.083965 
0.096763 
0.099268 
0.090822 
0.113977 
0.100507 
0.123036 
0.114632 
0.130556 
0.137649 
0.129890 
0.140191 
0.117117 
0.125306 
0.103623 
0.103690 
0.099656 
0.114160 
0.109380 
0.112363 
0.105900 
0.123736 
0.116351 
0.128537 
0.131214 
0.144530 
0.147783 
0.161333 
0.162604 
0.172732 
0.153340 
0.140548 
0.116587 
0.103712 
0.087369 
0.079727 
0.069372 
0.071670 
0.052616 
0.038918 
0.044975 
0.050089 
0.050837 
0.051768 
0.051522 
0.049123 
0.048455 
0.045106 
0.047966 
0.043044 
0.040491 
0.039306 
0.045855 
0.044813 
0.046860 
0.046373 
0.045859 
0.045366 
0.042987 
0.041699 
0.037296 
0.039853 
0.036356 
0.038144 
0.034763 
0.033965 
0.031574 
0.034051 
0.030343 
0.030259 
0.029061 
0.029065 
0.028560 
0.027834 
0.027810 
0.025670 
0.024372 
0.022307 
0.022281 
0.020333 
0.018329 
0.014584 
0.012024 
0.010075 
0.009118 
0.008251 
0.008422 
0.011942 
0.012315 
0.012460 
0.011218 
0.009695 
0.007459 
0.005741 
0.004217 
0.003503 
0.002932 
0.003621 
0.003704 
0.003489 
0.003043 
0.002456 
0.002350 
0.002080 
0.001836 
0.001627 
0.001784 
0.002356 
0.001919 
0.001654 
0.001618 
0.001584 
0.001513 
0.001435 
0.001780 
0.001526 
0.001162 
0.000867 
0.000626 
0.000455 
0.000330 
0.000239 
0.000173 
0.000126 
0.000091 
0.000066 
0.000051 
0.000044 
0.000065 
0.000397 
0.001153 
0.001780 
0.002327 
0.003526 
0.009272 
0.026028 
0.035592 
0.063233 
0.070436 
0.152817 
0.216802 
0.273932 
0.277282 
0.265476 
0.279915 
0.283538 
0.260720 
0.259817 
0.260312 
0.265136 
0.272048 
0.273445 
0.284121 
0.294492 
0.285819 
0.288395 
0.289893 
0.273188 
0.267920 
0.259372 
0.254674 
0.243914 
0.262984 
0.255667 
0.253458 
0.265655 
0.261645 
0.271406 
0.262879 
0.266249 
0.265287 
0.258493 
0.267630 
0.266912 
0.274201 
0.275448 
0.283618 
0.272385 
0.286978 
0.289947 
0.302015 
0.289118 
0.270594 
0.266563 
0.277699 
0.265229 
0.281723 
0.268402 
0.299767 
0.296450 
0.302033 
0.284433 
0.315593 
0.297127 
0.311467 
0.297584 
0.288173 
0.270416 
0.265552 
0.264176 
0.283271 
0.268728 
0.287991 
0.286843 
0.287829 
0.276167 
0.267156 
0.283869 
0.276218 
0.273673 
0.261346 
0.264478 
0.262831 
0.273299 
0.259981 
0.262475 
0.247940 
0.256004 
0.246918 
0.252547 
0.232065 
0.243131 
0.244645 
0.241139 
0.230847 
0.212771 
0.200026 
0.222885 
0.237471 
0.244360 
0.255286 
0.262014 
0.234609 
0.209092 
0.203865 
0.204961 
0.192312 
0.191661 
0.200409 
0.194995 
0.186910 
0.185664 
0.182835 
0.169377 
0.162173 
0.148102 
0.134627 
0.125307 
0.128109 
0.121331 
0.116775 
0.115880 
0.110449 
0.119385 
0.115309 
0.097087 
0.080000 
0.062445 
0.045716 
0.035263 
0.028000 
0.020891 
0.017407 
0.015704 
0.013252 
0.012477 
0.010501 
0.010581 
0.009770 
0.008682 
0.009790 
0.009137 
0.011358 
0.012026 
0.014280 
0.013702 
0.011927 
0.009844 
0.007281 
0.008006 
0.010374 
0.014266 
0.015501 
0.016762 
0.017131 
0.016256 
0.014509 
0.012424 
0.010267 
0.008724 
0.008019 
0.008265 
0.009020 
0.008715 
0.008400 
0.007609 
0.007483 
0.006584 
0.006343 
0.005751 
0.006013 
0.005627 
0.005402 
0.004291 
0.003478 
0.002654 
0.002290 
0.003020 
0.003220 
0.003734 
0.004253 
0.004183 
0.003749 
0.003559 
0.003494 
0.003138 
0.003855 
0.003564 
0.003536 
0.003236 
0.003189 
0.002710 
0.002143 
0.002044 
0.001758 
0.001587 
0.001251 
0.001609 
0.001974 
0.001626 
0.001306 
0.001124 
0.001272 
0.001349 
0.001224 
0.001594 
0.002197 
0.002612 
0.002677 
0.001757 
0.004787 
0.008536 
0.012610 
0.018155 
0.017925 
0.016499 
0.019502 
0.029349 
0.036030 
0.037618 
0.057431 
0.064097 
0.073491 
0.075150 
0.097953 
0.110453 
0.119742 
0.133398 
0.126040 
0.130316 
0.139371 
0.157789 
0.171171 
0.182942 
0.199658 
0.201620 
0.201449 
0.186976 
0.175882 
0.163171 
0.152583 
0.148576 
0.157886 
0.158934 
0.168864 
0.159206 
0.152225 
0.165731 
0.157257 
0.152363 
0.139269 
0.161187 
0.146850 
0.146472 
0.138432 
0.152038 
0.152427 
0.162668 
0.153217 
0.145816 
0.157236 
0.150056 
0.156145 
0.145714 
0.167543 
0.154250 
0.154408 
0.143315 
0.152964 
0.145282 
0.156288 
0.153583 
0.152303 
0.155073 
0.151838 
0.156190 
0.142217 
0.155376 
0.150590 
0.157191 
0.153151 
0.174686 
0.171193 
0.180276 
0.166220 
0.178439 
0.162908 
0.171510 
0.170762 
0.171504 
0.171955 
0.172066 
0.166750 
0.156137 
0.155842 
0.147480 
0.151815 
0.137471 
0.136989 
0.123424 
0.125666 
0.108827 
0.108658 
0.101182 
0.111326 
0.104717 
0.110085 
0.110639 
0.111324 
0.107359 
0.101457 
0.099502 
0.096383 
0.099002 
0.086957 
0.087489 
0.079670 
0.081810 
0.070037 
0.069481 
0.064221 
0.060123 
0.054758 
0.055359 
0.049966 
0.052459 
0.052470 
0.058210 
0.057488 
0.056294 
0.052802 
0.047671 
0.053003 
0.052253 
0.051261 
0.046747 
0.047011 
0.043145 
0.044185 
0.040875 
0.046892 
0.045203 
0.046984 
0.044324 
0.045870 
0.045774 
0.052003 
0.047428 
0.048698 
0.054876 
0.052647 
0.057299 
0.062511 
0.068936 
0.067980 
0.081849 
0.069350 
0.079508 
0.062571 
0.080109 
0.066360 
0.103050 
0.094924 
0.087181 
0.083526 
0.076703 
0.097272 
0.075709 
0.104994 
0.079005 
0.108456 
0.095279 
0.105495 
0.112374 
0.097858 
0.116701 
0.094547 
0.125022 
0.094359 
0.118864 
0.097979 
0.108631 
0.111470 
0.098560 
0.112466 
0.087180 
0.110976 
0.087697 
0.118745 
0.105361 
0.108245 
0.107620 
0.112503 
0.123439 
0.114182 
0.112577 
0.114905 
0.128521 
0.129739 
0.136667 
0.126200 
0.139409 
0.132107 
0.149123 
0.147450 
0.150560 
0.159962 
0.152648 
0.165470 
0.168050 
0.175285 
0.186464 
0.186861 
0.196105 
0.199557 
0.204239 
0.200899 
0.203160 
0.203636 
0.196442 
0.198842 
0.189953 
0.172798 
0.173278 
0.167011 
0.178407 
0.163620 
0.164228 
0.165510 
0.141993 
0.173151 
0.148557 
0.165626 
0.177241 
0.161367 
0.187739 
0.155859 
0.176629 
0.178161 
0.167759 
0.199854 
0.178803 
0.193985 
0.176172 
0.167459 
0.187625 
0.159310 
0.197202 
0.185372 
0.177015 
0.198523 
0.172442 
0.175643 
0.164816 
0.151279 
0.147402 
0.129028 
0.158656 
0.146700 
0.141291 
0.159303 
0.133263 
0.150767 
0.132953 
0.123023 
0.126231 
0.089625 
0.143693 
0.129196 
0.106316 
0.127954 
0.083691 
0.105274 
0.096538 
0.084878 
0.141192 
0.099039 
0.110811 
0.117231 
0.102491 
0.111681 
0.082302 
0.099960 
0.103929 
0.090435 
0.129315 
0.112138 
0.120543 
0.122138 
0.095015 
0.126304 
0.117918 
0.093820 
0.098344 
0.120795 
0.141094 
0.113873 
0.097927 
0.100039 
0.101274 
0.124939 
0.110719 
0.101172 
0.116828 
0.099403 
0.105774 
0.112771 
0.110733 
0.149800 
0.132657 
0.161389 
0.160823 
0.137952 
0.186138 
0.181831 
0.159520 
0.175065 
0.146829 
0.166969 
0.149472 
0.114729 
0.138300 
0.136798 
0.127312 
0.155901 
0.154766 
0.122186 
0.140953 
0.137932 
0.165274 
0.174360 
0.136783 
0.148439 
0.159020 
0.133443 
0.151239 
0.128510 
0.140490 
0.142936 
0.112771 
0.117984 
0.139075 
0.115121 
0.161648 
0.185904 
0.156999 
0.186370 
0.160683 
0.150201 
0.145788 
0.110797 
0.099434 
0.089128 
0.074389 
0.099848 
0.111078 
0.086719 
0.072187 
0.073917 
0.058348 
0.053255 
0.074953 
0.069515 
0.054331 
0.059897 
0.053541 
0.046167 
0.078718 
0.076049 
0.062010 
0.062669 
0.055055 
0.038024 
0.047292 
0.056092 
0.035497 
0.035077 
0.053299 
0.040430 
0.030249 
0.025230 
0.022604 
0.020914 
0.023733 
0.023474 
0.018434 
0.015274 
0.013685 
0.011416 
0.010352 
0.009916 
0.010256 
0.008824 
0.010165 
0.009360 
0.006680 
0.005079 
0.004037 
0.005238 
0.004807 
0.003614 
0.002569 
0.002833 
0.002615 
0.001764 
0.001649 
0.001309 
0.000885 
0.001183 
0.001744 
0.001443 
0.001419 
0.001583 
0.001611 
0.001714 
0.001396 
0.001030 
0.001374 
0.001460 
0.001317 
0.001973 
0.002270 
0.002699 
0.003313 
0.003352 
0.003783 
0.004112 
0.003292 
0.004223 
0.005051 
0.006136 
0.008137 
0.007731 
0.005983 
0.006533 
0.008319 
0.008622 
0.008420 
0.007443 
0.007230 
0.006805 
0.008140 
0.007853 
0.007512 
0.009743 
0.010933 
0.010938 
0.007702 
0.009163 
0.011949 
0.010372 
0.012636 
0.013518 
0.011652 
0.011909 
0.013222 
0.014123 
0.016327 
0.016794 
0.015673 
0.014587 
0.014953 
0.015113 
0.012193 
0.012378 
0.012290 
0.011316 
0.010014 
0.010961 
0.012317 
0.014521 
0.012930 
0.016226 
0.015829 
0.011605 
0.011407 
0.013936 
0.016056 
0.013312 
0.011532 
0.014652 
0.015630 
0.012959 
0.010973 
0.010588 
0.015795 
0.022557 
0.019468 
0.015724 
0.016207 
0.016952 
0.017364 
0.020556 
0.027180 
0.025553 
0.023214 
0.020151 
0.021811 
0.021670 
0.015912 
0.015704 
0.016100 
0.013324 
0.011912 
0.013760 
0.013424 
0.013602 
0.016864 
0.015769 
0.013510 
0.009818 
0.014524 
0.021205 
0.018627 
0.018757 
0.018461 
0.017536 
0.015892 
0.014545 
0.016333 
0.016312 
0.014805 
0.016037 
0.015897 
0.012521 
0.010839 
0.010167 
0.011592 
0.014688 
0.016949 
0.019529 
0.015610 
0.013490 
0.014505 
0.016211 
0.013911 
0.011155 
0.011859 
0.010548 
0.008950 
0.010596 
0.011055 
0.010774 
0.012851 
0.013067 
0.012419 
0.016685 
0.017559 
0.012511 
0.011525 
0.012545 
0.011986 
0.014110 
0.014526 
0.012347 
0.010537 
0.008231 
0.007778 
0.007410 
0.007042 
0.007485 
0.008469 
0.008559 
0.008526 
0.007934 
0.011292 
0.011204 
0.010729 
0.010920 
0.008688 
0.007045 
0.005930 
0.007311 
0.008895 
0.010664 
0.010372 
0.007942 
0.007302 
0.007864 
0.007772 
0.006784 
0.006700 
0.005525 
0.005660 
0.005386 
0.005264 
0.004431 
0.003368 
0.004692 
0.005846 
0.005513 
0.006364 
0.006123 
0.005163 
0.004512 
0.003790 
0.003817 
0.003368 
0.005236 
0.005345 
0.004291 
0.003609 
0.002919 
0.002815 
0.002619 
0.002492 
0.002036 
0.002332 
0.002687 
0.002958 
0.003672 
0.004258 
0.004334 
0.003708 
0.002801 
0.002679 
0.002851 
0.002448 
0.002145 
0.002445 
0.002322 
0.001995 
0.001774 
0.002165 
0.002419 
0.003133 
0.003039 
0.002370 
0.001907 
0.001347 
0.001401 
0.001371 
0.001096 
0.000973 
0.001200 
0.001722 
0.001573 
0.001880 
0.001850 
0.001422 
0.001120 
0.001188 
0.001233 
0.001043 
0.000959 
0.000797 
0.000684 
0.000737 
0.000715 
0.000578 
0.000516 
0.000576 
0.000547 
0.000619 
0.000473 
0.000434 
0.000399 
0.000320 
0.000368 
0.000400 
0.000373 
0.000331 
0.000304 
0.000209 
0.000155 
0.000113 
0.000086 
0.000064 
0.000047 
0.000034 
0.000030 
0.000024 
0.000017 
0.000012 
0.000009 
0.000007 
0.000005 
0.000003 
0.000002 
0.000002 
0.000001 
0.000001 
0.000001 
0.000001 
-0.000000 
0.000007 
0.000014 
0.000014 
0.000014 
0.000015 
0.000014 
0.000015 
0.000017 
0.000017 
0.000017 
0.000017 
0.000019 
0.000022 
0.000018 
0.000017 
0.000016 
0.000018 
0.000016 
0.000011 
0.000014 
0.000017 
0.000017 
0.000022 
0.000022 
0.000019 
0.000017 
0.000014 
0.000014 
0.000015 
0.000012 
0.000010 
0.000010 
0.000012 
0.000015 
0.000017 
0.000016 
0.000019 
0.000017 
0.000011 
0.000011 
0.000012 
0.000009 
0.000009 
0.000014 
0.000018 
0.000017 
0.000016 
0.000016 
0.000015 
0.000014 
0.000018 
0.000015 
0.000014 
0.000016 
0.000018 
0.000019 
0.000020 
0.000017 
0.000015 
0.000014 
0.000013 
0.000015 
0.000016 
0.000013 
0.000010 
0.000012 
0.000015 
0.000014 
0.000013 
0.000017 
0.000016 
0.000017 
0.000013 
0.000013 
0.000014 
0.000016 
0.000018 
0.000015 
0.000016 
0.000018 
0.000017 
0.000015 
0.000017 
0.000020 
0.000018 
0.000017 
0.000018 
0.000017 
0.000014 
0.000011 
0.000016 
0.000015 
0.000010 
0.000014 
0.000017 
0.000012 
0.000009 
0.000006 
0.000005 
0.000003 
0.000002 
0.000002 
0.000001 
0.000001 
0.000001 
0.000000 
0.000000 
0.000000 
0.000000 
0.000000 
0.000000 
0.000000 
-0.000000 
0.000002 
0.000007 
0.000022 
0.000043 
0.000113 
0.000429 
0.001198 
0.002893 
0.002248 
0.019354 
0.032727 
0.040587 
0.071775 
0.085978 
0.067995 
0.049711 
0.043844 
0.041800 
0.056589 
0.102799 
0.187708 
0.189369 
0.131357 
0.111878 
0.081327 
0.081939 
0.101910 
0.077235 
0.067819 
0.065747 
0.088146 
0.102903 
0.077655 
0.065769 
0.064626 
0.083102 
0.071470 
0.077672 
0.110909 
0.092279 
0.084866 
0.090849 
0.084617 
0.102871 
0.092822 
0.140945 
0.121016 
0.198965 
0.197994 
0.275879 
0.292443 
0.300523 
0.308259 
0.310733 
0.321491 
0.338611 
0.335574 
0.310471 
0.310102 
0.232254 
0.228075 
0.227470 
0.210050 
0.234684 
0.201863 
0.239953 
0.263919 
0.215540 
0.225962 
0.234348 
0.257390 
0.302595 
0.299924 
0.237987 
0.249743 
0.248745 
0.226582 
0.263772 
0.257311 
0.226695 
0.274771 
0.270482 
0.231934 
0.237119 
0.212085 
0.197966 
0.201528 
0.165735 
0.168038 
0.186133 
0.172969 
0.174539 
0.194124 
0.200252 
0.180277 
0.189454 
0.205656 
0.184991 
0.189371 
0.250726 
0.227402 
0.209452 
0.254677 
0.221429 
0.167365 
0.185071 
0.179591 
0.146532 
0.128951 
0.103714 
0.077683 
0.073275 
0.063235 
0.045737 
0.055448 
0.055667 
0.048248 
0.036543 
0.031726 
0.023536 
0.016506 
0.021773 
0.043826 
0.038727 
0.028866 
0.039960 
0.052164 
0.039336 
0.033308 
0.052015 
0.049459 
0.032829 
0.074762 
0.090984 
0.074243 
0.127275 
0.151075 
0.121922 
0.154735 
0.169927 
0.149594 
0.182644 
0.189051 
0.173760 
0.207631 
0.191289 
0.177981 
0.208040 
0.200166 
0.174809 
0.190828 
0.190770 
0.170475 
0.185043 
0.176871 
0.161622 
0.173655 
0.145136 
0.135062 
0.156093 
0.141757 
0.136308 
0.156367 
0.140794 
0.146661 
0.151662 
0.128112 
0.141122 
0.143243 
0.132574 
0.145887 
0.119865 
0.128760 
0.147647 
0.130712 
0.146297 
0.134560 
0.110547 
0.111342 
0.099987 
0.070769 
0.079743 
0.070901 
0.049453 
0.056242 
0.044998 
0.031237 
0.026303 
0.021201 
0.013745 
0.015110 
0.033410 
0.027663 
0.017977 
0.027854 
0.029464 
0.019308 
0.015781 
0.015111 
0.011418 
0.008171 
0.006017 
0.004798 
0.007581 
0.009629 
0.006210 
0.007014 
0.006721 
0.004630 
0.003777 
0.003808 
0.003977 
0.003112 
0.003196 
0.002948 
0.003202 
0.004346 
0.003204 
0.002723 
0.004009 
0.004108 
0.002609 
0.003635 
0.004675 
0.003193 
0.002392 
0.002856 
0.003400 
0.002143 
0.002587 
0.002777 
0.002325 
0.001846 
0.001926 
0.002636 
0.002092 
0.001828 
0.001812 
0.001489 
0.001132 
0.000717 
0.001893 
0.005604 
0.008830 
0.012831 
0.010606 
0.040639 
0.056601 
0.052120 
0.056981 
0.095604 
0.088780 
0.062416 
0.046713 
0.034711 
0.026645 
0.025652 
0.022796 
0.036396 
0.030593 
0.055537 
0.071861 
0.057343 
0.108082 
0.077160 
0.116912 
0.124702 
0.125894 
0.145871 
0.123579 
0.158054 
0.152028 
0.179086 
0.165214 
0.190431 
0.193579 
0.199076 
0.210361 
0.229979 
0.222046 
0.235229 
0.235618 
0.232287 
0.253989 
0.237498 
0.263402 
0.254335 
0.261568 
0.281123 
0.228965 
0.270027 
0.241133 
0.247490 
0.290016 
0.225736 
0.290525 
0.287585 
0.265662 
0.322266 
0.297786 
0.289456 
0.343687 
0.291309 
0.273889 
0.276429 
0.224688 
0.262404 
0.241529 
0.226131 
0.257129 
0.211772 
0.233852 
0.258288 
0.207997 
0.238375 
0.253011 
0.201884 
0.240589 
0.227399 
0.188500 
0.211982 
0.181185 
0.200211 
0.231048 
0.183658 
0.199943 
0.204718 
0.172152 
0.216488 
0.202956 
0.169484 
0.200794 
0.179976 
0.167969 
0.202591 
0.177661 
0.165786 
0.197132 
0.165695 
0.172315 
0.200802 
0.160053 
0.191243 
0.212415 
0.178137 
0.222720 
0.223407 
0.179128 
0.218161 
0.210927 
0.188063 
0.218263 
0.196513 
0.186113 
0.221398 
0.214081 
0.200898 
0.235284 
0.240147 
0.223066 
0.250911 
0.250858 
0.237581 
0.253606 
0.243508 
0.249702 
0.265517 
0.246429 
0.251028 
0.254365 
0.231934 
0.245033 
0.254265 
0.245188 
0.242846 
0.257634 
0.243260 
0.247252 
0.277142 
0.255350 
0.251708 
0.264203 
0.246197 
0.249732 
0.263048 
0.225827 
0.223455 
0.241876 
0.225280 
0.230023 
0.246542 
0.230158 
0.242053 
0.242721 
0.214774 
0.227048 
0.239024 
0.212446 
0.226382 
0.237760 
0.214009 
0.216802 
0.224579 
0.197410 
0.208153 
0.218467 
0.192226 
0.201218 
0.208971 
0.186032 
0.207270 
0.221153 
0.182440 
0.179911 
0.183554 
0.166959 
0.173649 
0.181971 
0.166532 
0.159162 
0.174163 
0.169570 
0.170261 
0.172448 
0.164500 
0.173756 
0.174782 
0.161145 
0.155959 
0.179056 
0.166965 
0.153481 
0.176496 
0.161899 
0.140270 
0.166270 
0.151182 
0.127875 
0.150233 
0.132414 
0.100914 
0.093133 
0.073450 
0.051666 
0.056286 
0.046984 
0.032937 
0.033125 
0.026156 
0.017256 
0.026861 
0.035056 
0.034566 
0.024418 
0.029643 
0.043259 
0.029233 
0.029207 
0.039546 
0.028728 
0.019801 
0.024422 
0.036059 
0.030308 
0.020026 
0.033157 
0.034417 
0.022053 
0.020616 
0.027709 
0.028596 
0.020673 
0.017197 
0.029951 
0.025826 
0.016831 
0.017106 
0.026476 
0.021206 
0.014213 
0.014463 
0.025511 
0.022573 
0.014663 
0.015229 
0.028436 
0.022825 
0.015527 
0.014145 
0.025406 
0.023013 
0.015144 
0.013871 
0.026590 
0.023344 
0.015234 
0.014517 
0.025721 
0.020995 
0.013681 
0.015761 
0.022812 
0.017050 
0.011953 
0.015243 
0.015838 
0.010318 
0.010042 
0.014615 
0.011654 
0.007738 
0.009387 
0.011690 
0.008088 
0.006957 
0.005379 
0.008988 
0.008177 
0.005500 
0.004156 
0.002995 
0.002050 
0.007773 
0.007832 
0.005854 
0.005218 
0.005324 
0.012082 
0.013469 
0.016132 
0.025312 
0.032025 
0.038487 
0.042921 
0.073486 
0.095580 
0.117937 
0.166016 
0.177424 
0.212930 
0.230871 
0.235937 
0.255302 
0.254756 
0.273637 
0.271703 
0.268376 
0.280718 
0.254375 
0.270555 
0.265018 
0.252400 
0.260276 
0.235041 
0.252599 
0.248885 
0.244067 
0.262484 
0.230263 
0.245191 
0.236677 
0.231236 
0.246303 
0.215344 
0.264242 
0.239635 
0.233893 
0.253353 
0.221233 
0.262261 
0.239056 
0.245055 
0.254820 
0.228685 
0.271553 
0.237244 
0.241256 
0.242396 
0.215591 
0.247845 
0.206217 
0.217716 
0.191885 
0.172082 
0.207857 
0.167735 
0.210305 
0.189883 
0.199058 
0.217198 
0.181886 
0.213576 
0.176582 
0.204533 
0.188668 
0.176212 
0.212965 
0.163774 
0.214788 
0.184455 
0.201082 
0.214863 
0.176019 
0.232348 
0.175272 
0.209575 
0.194915 
0.191631 
0.224732 
0.167115 
0.223008 
0.177224 
0.209370 
0.203409 
0.183723 
0.240120 
0.171471 
0.247601 
0.194808 
0.210593 
0.207807 
0.179061 
0.237479 
0.177533 
0.250152 
0.196926 
0.224090 
0.212804 
0.188574 
0.226834 
0.170737 
0.238326 
0.176820 
0.225059 
0.193415 
0.195085 
0.203959 
0.173496 
0.224293 
0.180701 
0.232993 
0.180733 
0.224871 
0.189657 
0.209128 
0.205789 
0.195435 
0.223124 
0.183084 
0.229793 
0.195545 
0.230077 
0.212182 
0.235194 
0.215697 
0.230938 
0.199564 
0.201957 
0.201609 
0.214923 
0.216106 
0.205671 
0.201149 
0.205099 
0.186989 
0.194359 
0.183451 
0.181620 
0.164366 
0.184267 
0.209377 
0.230367 
0.226310 
0.242843 
0.237964 
0.225343 
0.209154 
0.210826 
0.190380 
0.169584 
0.187923 
0.179929 
0.193424 
0.186230 
0.195171 
0.191690 
0.188236 
0.189147 
0.187032 
0.195709 
0.182864 
0.182463 
0.165043 
0.157593 
0.138588 
0.123039 
0.098130 
0.079872 
0.071308 
0.057891 
0.046371 
0.036275 
0.027672 
0.026237 
0.024767 
0.026588 
0.021826 
0.019220 
0.018104 
0.023948 
0.018849 
0.016279 
0.014403 
0.016281 
0.012828 
0.011230 
0.008895 
0.012198 
0.010676 
0.010536 
0.010791 
0.011320 
0.009955 
0.010990 
0.011947 
0.011467 
0.011242 
0.009525 
0.008784 
0.007119 
0.007618 
0.010912 
0.012090 
0.011921 
0.014238 
0.014234 
0.013004 
0.013170 
0.014701 
0.014176 
0.013339 
0.014320 
0.012473 
0.012172 
0.013995 
0.013836 
0.016742 
0.016600 
0.024041 
0.023351 
0.020272 
0.016888 
0.016307 
0.020764 
0.020513 
0.019573 
0.021549 
0.026185 
0.027943 
0.028845 
0.043455 
0.052995 
0.057995 
0.049779 
0.051955 
0.048372 
0.074671 
0.094453 
0.110868 
0.122227 
0.156822 
0.163849 
0.188232 
0.191017 
0.226212 
0.231548 
0.249862 
0.241275 
0.242582 
0.235624 
0.238979 
0.234689 
0.238185 
0.240570 
0.229939 
0.184787 
0.165611 
0.155700 
0.140608 
0.142663 
0.134671 
0.129676 
0.123682 
0.137200 
0.138503 
0.139588 
0.144674 
0.170405 
0.160701 
0.154711 
0.188162 
0.196084 
0.205717 
0.202178 
0.217778 
0.200029 
0.197222 
0.210158 
0.198075 
0.197285 
0.186617 
0.164800 
0.151204 
0.147085 
0.145442 
0.134993 
0.143014 
0.134938 
0.125901 
0.136318 
0.128124 
0.142207 
0.138367 
0.124086 
0.136373 
0.118684 
0.106205 
0.108093 
0.091527 
0.115588 
0.113667 
0.107253 
0.137432 
0.126664 
0.106233 
0.119296 
0.095352 
0.084403 
0.097068 
0.087104 
0.071762 
0.083436 
0.073341 
0.061343 
0.081704 
0.072509 
0.056193 
0.078910 
0.074536 
0.054499 
0.079935 
0.091112 
0.065405 
0.089150 
0.111714 
0.080694 
0.081574 
0.096983 
0.070128 
0.062661 
0.094499 
0.079418 
0.055172 
0.084767 
0.093401 
0.061743 
0.068866 
0.090843 
0.066652 
0.059517 
0.099164 
0.088229 
0.058718 
0.061354 
0.072972 
0.051460 
0.042912 
0.062377 
0.056249 
0.038065 
0.035295 
0.047041 
0.038737 
0.025903 
0.037067 
0.041539 
0.028460 
0.021529 
0.032611 
0.033460 
0.022044 
0.020368 
0.030181 
0.025114 
0.017472 
0.028552 
0.030253 
0.020189 
0.018841 
0.028186 
0.023482 
0.015700 
0.023981 
0.031440 
0.020288 
0.026300 
0.042729 
0.028767 
0.030691 
0.053058 
0.040894 
0.038832 
0.069215 
0.059354 
0.045707 
0.068803 
0.069156 
0.051247 
0.072686 
0.076808 
0.055369 
0.070694 
0.075651 
0.056798 
0.062588 
0.072585 
0.056500 
0.059980 
0.081388 
0.077232 
0.070908 
0.096009 
0.098626 
0.079403 
0.095762 
0.110685 
0.096542 
0.124389 
0.132706 
0.119688 
0.141644 
0.159300 
0.152352 
0.154653 
0.184501 
0.186321 
0.168676 
0.197964 
0.206459 
0.191088 
0.216605 
0.221728 
0.216857 
0.229628 
0.230417 
0.232370 
0.248501 
0.241759 
0.237854 
0.241755 
0.247448 
0.258025 
0.236076 
0.250397 
0.254625 
0.224808 
0.257989 
0.251517 
0.220147 
0.256283 
0.243216 
0.223342 
0.246265 
0.218671 
0.211844 
0.233752 
0.217319 
0.210507 
0.198250 
0.159028 
0.150400 
0.126147 
0.098561 
0.093042 
0.068270 
0.056479 
0.059374 
0.046018 
0.040324 
0.046368 
0.037766 
0.038919 
0.043976 
0.036454 
0.059771 
0.057436 
0.059542 
0.084963 
0.072815 
0.094586 
0.123121 
0.118797 
0.145218 
0.150070 
0.149991 
0.178749 
0.164010 
0.184387 
0.202356 
0.185800 
0.226473 
0.207639 
0.213046 
0.255020 
0.225875 
0.254158 
0.265090 
0.255258 
0.293304 
0.288695 
0.290550 
0.305365 
0.298152 
0.315265 
0.311852 
0.312410 
0.326104 
0.323655 
0.333707 
0.319268 
0.336102 
0.313092 
0.315544 
0.309528 
0.280288 
0.272432 
0.234943 
0.251555 
0.228416 
0.238881 
0.236446 
0.243083 
0.228866 
0.172667 
0.136723 
0.159289 
0.173651 
0.148855 
0.147826 
0.160480 
0.153362 
0.151210 
0.156431 
0.168419 
0.177032 
0.165931 
0.141346 
0.129832 
0.131488 
0.123028 
0.109943 
0.109345 
0.096252 
0.083860 
0.078843 
0.068761 
0.067679 
0.056250 
0.051823 
0.047898 
0.041375 
0.034406 
0.032907 
0.033171 
0.026865 
0.026172 
0.029690 
0.035538 
0.034543 
0.034138 
0.035832 
0.028709 
0.036581 
0.051463 
0.058453 
0.046025 
0.044101 
0.046230 
0.052845 
0.043205 
0.037037 
0.029924 
0.030828 
0.036754 
0.028223 
0.032011 
0.033538 
0.028349 
0.034431 
0.033494 
0.035789 
0.036064 
0.035078 
0.035458 
0.037494 
0.037599 
0.033253 
0.035310 
0.034791 
0.033274 
0.029093 
0.028182 
0.027728 
0.028405 
0.029104 
0.025257 
0.021769 
0.023489 
0.021852 
0.020812 
0.025440 
0.026634 
0.025613 
0.044196 
0.046524 
0.040561 
0.034924 
0.037782 
0.038284 
0.045597 
0.042143 
0.038667 
0.049853 
0.062508 
0.067092 
0.069338 
0.066569 
0.051871 
0.042020 
0.038939 
0.077188 
0.076833 
0.053743 
0.040724 
0.029044 
0.021357 
0.015479 
0.011232 
0.008108 
0.006075 
0.004644 
0.003327 
0.002446 
0.001918 
0.002388 
0.003414 
0.003571 
0.003544 
0.003013 
0.002269 
0.001624 
0.001213 
0.000832 
0.001280 
0.001405 
0.001310 
0.001107 
0.001138 
0.001405 
0.001325 
0.001146 
0.000940 
0.000840 
0.000715 
0.000588 
0.000415 
0.000319 
0.000326 
0.000296 
0.000231 
0.000164 
0.000120 
0.000087 
0.000063 
0.000046 
0.000033 
0.000024 
0.000017 
0.000013 
0.000009 
0.000007 
0.000005 
0.000003 
0.000003 
0.000002 
0.000001 
0.000001 
0.000002 
-0.000001 
0.000028 
-0.000017 
0.000482 
0.001897 
0.001661 
0.003069 
0.007602 
0.022121 
0.048306 
0.063146 
0.054741 
0.039067 
0.029959 
0.032653 
0.026118 
0.031568 
0.048230 
0.073460 
0.099167 
0.088834 
0.102345 
0.118325 
0.141518 
0.143686 
0.151725 
0.155656 
0.154306 
0.164971 
0.161824 
0.178984 
0.181138 
0.204150 
0.212190 
0.230047 
0.239159 
0.246854 
0.252459 
0.270204 
0.252835 
0.254192 
0.240881 
0.239187 
0.235801 
0.219925 
0.240436 
0.237834 
0.243263 
0.240056 
0.258249 
0.255832 
0.265378 
0.249128 
0.248557 
0.243095 
0.235725 
0.232325 
0.209275 
0.212153 
0.208032 
0.194342 
0.190401 
0.202123 
0.190890 
0.183860 
0.193282 
0.186294 
0.185788 
0.175563 
0.191420 
0.178519 
0.184291 
0.171789 
0.181807 
0.178129 
0.185032 
0.183862 
0.185847 
0.186989 
0.187349 
0.193266 
0.188107 
0.203767 
0.192684 
0.200491 
0.193358 
0.204531 
0.192516 
0.194263 
0.189077 
0.198233 
0.204459 
0.198743 
0.203961 
0.203312 
0.201313 
0.183552 
0.194794 
0.192617 
0.210767 
0.201494 
0.213477 
0.212611 
0.211180 
0.215280 
0.218502 
0.214222 
0.207232 
0.221770 
0.215362 
0.217398 
0.222232 
0.219051 
0.215602 
0.223990 
0.237114 
0.228152 
0.223963 
0.223477 
0.226018 
0.222053 
0.220565 
0.218403 
0.210385 
0.215308 
0.217416 
0.222944 
0.226747 
0.216095 
0.211705 
0.208751 
0.204744 
0.207620 
0.210244 
0.222209 
0.208461 
0.219767 
0.219265 
0.229310 
0.225241 
0.225589 
0.227658 
0.239554 
0.228041 
0.219517 
0.213698 
0.194196 
0.188980 
0.182889 
0.176894 
0.178019 
0.180359 
0.182805 
0.170165 
0.164913 
0.162086 
0.150183 
0.139950 
0.130096 
0.120730 
0.100421 
0.087800 
0.078614 
0.068968 
0.059339 
0.052800 
0.045750 
0.040797 
0.034759 
0.031174 
0.028878 
0.030305 
0.032730 
0.034979 
0.036996 
0.038926 
0.038234 
0.036780 
0.038001 
0.034498 
0.033481 
0.029547 
0.028576 
0.030973 
0.028200 
0.034022 
0.032935 
0.035719 
0.032088 
0.033005 
0.031136 
0.035170 
0.036511 
0.041431 
0.044784 
0.044075 
0.046308 
0.055745 
0.072243 
0.094944 
0.110560 
0.127604 
0.136608 
0.172151 
0.180546 
0.205755 
0.212825 
0.217700 
0.224920 
0.219594 
0.231025 
0.218911 
0.213445 
0.207044 
0.203803 
0.201266 
0.188420 
0.186607 
0.176017 
0.187046 
0.201279 
0.214558 
0.233473 
0.224199 
0.216655 
0.202833 
0.189184 
0.206515 
0.204761 
0.203081 
0.199347 
0.193285 
0.191623 
0.200357 
0.204343 
0.211701 
0.214134 
0.225422 
0.231238 
0.237414 
0.234003 
0.236518 
0.256842 
0.251514 
0.262194 
0.254950 
0.245531 
0.245606 
0.240866 
0.250315 
0.238607 
0.243764 
0.209333 
0.189552 
0.171026 
0.153328 
0.130635 
0.117479 
0.102881 
0.092647 
0.083842 
0.070961 
0.056742 
0.050595 
0.046828 
0.040788 
0.031652 
0.025309 
0.023921 
0.023469 
0.018824 
0.016523 
0.016951 
0.016777 
0.015154 
0.013504 
0.011728 
0.009738 
0.011253 
0.015056 
0.013015 
0.011881 
0.013082 
0.015013 
0.015161 
0.017313 
0.019402 
0.022783 
0.020302 
0.023296 
0.023415 
0.028968 
0.049939 
0.069711 
0.074966 
0.075440 
0.103320 
0.101682 
0.113162 
0.122262 
0.128408 
0.154198 
0.158061 
0.162472 
0.167386 
0.173908 
0.182135 
0.189909 
0.206349 
0.196413 
0.193925 
0.193309 
0.197329 
0.193063 
0.178200 
0.164873 
0.161365 
0.147216 
0.145479 
0.159942 
0.179764 
0.173418 
0.181074 
0.177744 
0.168697 
0.175336 
0.181948 
0.186168 
0.184957 
0.189347 
0.199970 
0.196284 
0.186639 
0.186849 
0.195553 
0.195574 
0.192164 
0.191682 
0.190679 
0.205636 
0.208764 
0.205019 
0.212636 
0.219588 
0.213286 
0.197772 
0.195891 
0.200654 
0.195446 
0.196067 
0.202019 
0.204409 
0.200233 
0.199260 
0.194860 
0.197850 
0.191891 
0.192225 
0.192501 
0.178057 
0.186754 
0.193900 
0.201368 
0.194589 
0.196465 
0.202276 
0.196553 
0.178676 
0.175514 
0.177852 
0.171472 
0.180696 
0.180376 
0.179120 
0.185546 
0.167797 
0.181179 
0.184149 
0.178001 
0.176138 
0.160256 
0.157949 
0.152058 
0.147941 
0.150549 
0.156117 
0.156128 
0.144995 
0.151339 
0.166595 
0.160440 
0.169700 
0.155356 
0.150377 
0.156423 
0.145402 
0.137439 
0.142013 
0.145516 
0.167430 
0.176694 
0.170856 
0.173219 
0.169594 
0.181271 
0.181099 
0.181294 
0.167793 
0.169413 
0.165223 
0.178311 
0.192064 
0.199132 
0.199219 
0.210753 
0.226020 
0.231507 
0.238999 
0.245018 
0.245047 
0.236003 
0.220247 
0.203590 
0.189464 
0.176524 
0.163543 
0.144947 
0.129048 
0.115913 
0.107464 
0.105956 
0.102564 
0.093901 
0.094353 
0.090493 
0.085026 
0.082352 
0.075713 
0.067424 
0.064272 
0.052340 
0.046149 
0.048528 
0.042175 
0.046670 
0.038444 
0.050278 
0.050058 
0.060641 
0.073063 
0.070919 
0.071958 
0.064008 
0.060687 
0.048865 
0.046866 
0.054157 
0.047338 
0.048909 
0.041614 
0.039831 
0.033560 
0.050568 
0.051978 
0.040234 
0.033606 
0.032697 
0.039364 
0.033271 
0.025451 
0.026310 
0.030787 
0.028998 
0.034228 
0.035827 
0.029226 
0.025292 
0.027516 
0.035191 
0.032623 
0.036578 
0.035294 
0.029218 
0.026675 
0.032594 
0.036919 
0.030401 
0.028964 
0.024982 
0.025665 
0.040282 
0.038604 
0.028890 
0.024320 
0.022012 
0.025347 
0.032118 
0.036747 
0.037247 
0.030313 
0.029191 
0.040279 
0.038102 
0.043373 
0.040005 
0.049120 
0.052754 
0.062307 
0.065467 
0.047669 
0.065895 
0.089629 
0.084211 
0.074997 
0.064757 
0.076133 
0.062949 
0.056182 
0.056525 
0.071433 
0.077923 
0.072546 
0.068709 
0.060632 
0.047287 
0.044169 
0.035876 
0.034990 
0.044428 
0.035584 
0.030934 
0.044282 
0.035312 
0.035993 
0.054623 
0.045681 
0.044261 
0.053131 
0.053142 
0.049067 
0.044562 
0.050461 
0.053573 
0.056974 
0.062966 
0.073705 
0.084034 
0.092761 
0.105518 
0.114884 
0.121911 
0.120664 
0.115781 
0.099162 
0.080556 
0.061623 
0.046470 
0.035101 
0.032999 
0.028231 
0.025074 
0.023904 
0.022290 
0.022443 
0.023268 
0.024481 
0.024046 
0.024095 
0.024741 
0.024295 
0.024063 
0.024211 
0.022518 
0.019993 
0.020457 
0.020434 
0.023545 
0.024303 
0.024402 
0.025127 
0.025545 
0.025078 
0.024248 
0.023659 
0.025128 
0.025010 
0.027329 
0.029559 
0.031889 
0.033299 
0.033487 
0.034020 
0.035035 
0.036110 
0.037638 
0.037543 
0.037878 
0.040817 
0.043825 
0.046150 
0.045822 
0.047126 
0.047474 
0.047116 
0.047741 
0.048187 
0.048234 
0.050673 
0.047692 
0.052323 
0.056761 
0.068997 
0.081051 
0.095843 
0.114830 
0.138389 
0.155543 
0.185792 
0.189884 
0.189144 
0.178300 
0.162759 
0.155329 
0.161545 
0.171483 
0.173284 
0.178109 
0.182720 
0.187667 
0.192976 
0.189089 
0.202304 
0.201390 
0.198357 
0.208900 
0.211844 
0.211721 
0.205242 
0.208228 
0.208266 
0.216626 
0.213520 
0.211805 
0.207930 
0.202088 
0.207256 
0.205666 
0.208728 
0.203555 
0.204304 
0.209772 
0.206333 
0.204632 
0.199143 
0.198072 
0.198076 
0.197304 
0.203556 
0.203388 
0.201230 
0.203682 
0.202309 
0.201984 
0.206582 
0.205006 
0.203017 
0.209594 
0.213572 
0.208311 
0.207266 
0.216527 
0.213305 
0.219273 
0.226309 
0.224246 
0.227327 
0.228778 
0.232296 
0.232871 
0.232714 
0.249919 
0.249629 
0.241341 
0.237459 
0.232203 
0.239389 
0.257878 
0.267657 
0.272941 
0.264929 
0.265492 
0.263769 
0.267895 
0.283320 
0.281240 
0.270859 
0.272420 
0.269437 
0.277686 
0.280334 
0.275659 
0.286614 
0.284314 
0.276840 
0.285041 
0.280430 
0.288228 
0.290148 
0.293790 
0.290775 
0.295984 
0.295279 
0.288015 
0.290625 
0.279636 
0.277489 
0.279918 
0.285255 
0.296323 
0.287729 
0.278515 
0.276774 
0.281767 
0.286378 
0.276132 
0.276644 
0.270357 
0.271317 
0.266435 
0.273662 
0.280048 
0.274839 
0.277132 
0.286879 
0.280042 
0.271068 
0.270730 
0.270165 
0.277448 
0.275181 
0.271051 
0.281821 
0.281006 
0.270907 
0.272972 
0.282044 
0.281319 
0.279294 
0.281702 
0.278250 
0.273722 
0.268222 
0.267380 
0.268298 
0.270010 
0.275119 
0.266912 
0.261177 
0.269007 
0.267694 
0.264623 
0.257734 
0.253408 
0.254696 
0.249897 
0.263578 
0.262958 
0.256293 
0.260718 
0.258585 
0.252022 
0.253442 
0.252746 
0.250722 
0.249412 
0.246742 
0.241852 
0.243403 
0.253648 
0.248723 
0.244540 
0.243307 
0.234639 
0.242769 
0.238836 
0.241913 
0.247197 
0.239977 
0.232364 
0.226628 
0.230591 
0.231205 
0.223567 
0.221476 
0.228875 
0.227615 
0.230541 
0.242118 
0.245735 
0.253563 
0.265809 
0.267940 
0.269222 
0.273833 
0.264931 
0.267145 
0.262457 
0.257598 
0.261586 
0.262597 
0.260711 
0.257683 
0.252002 
0.247046 
0.248166 
0.253216 
0.262588 
0.257743 
0.256609 
0.254698 
0.261920 
0.261880 
0.260104 
0.261779 
0.270291 
0.266530 
0.259694 
0.255540 
0.252511 
0.252842 
0.260229 
0.262813 
0.254755 
0.248479 
0.249870 
0.248464 
0.250185 
0.254525 
0.258415 
0.254942 
0.253240 
0.259834 
0.257249 
0.250726 
0.251326 
0.246642 
0.251528 
0.251192 
0.251460 
0.247638 
0.243887 
0.242312 
0.239048 
0.239385 
0.247016 
0.245135 
0.238217 
0.245766 
0.240140 
0.229902 
0.233162 
0.232132 
0.235106 
0.242381 
0.232499 
0.232256 
0.238795 
0.231267 
0.232211 
0.234074 
0.227746 
0.217005 
0.224250 
0.230204 
0.230541 
0.235336 
0.235628 
0.223486 
0.228953 
0.235592 
0.227698 
0.225626 
0.226383 
0.219534 
0.221851 
0.219722 
0.218321 
0.220083 
0.223197 
0.226312 
0.233568 
0.233765 
0.226915 
0.227695 
0.225348 
0.220156 
0.222800 
0.220793 
0.215296 
0.218172 
0.223712 
0.230451 
0.226416 
0.220211 
0.227348 
0.223851 
0.220980 
0.235099 
0.230160 
0.221334 
0.211280 
0.203689 
0.211872 
0.224517 
0.228282 
0.218961 
0.227588 
0.223839 
0.223823 
0.226628 
0.225352 
0.218784 
0.216077 
0.215399 
0.215472 
0.218622 
0.217141 
0.224274 
0.230400 
0.224820 
0.221479 
0.225249 
0.218519 
0.219667 
0.230926 
0.216475 
0.215269 
0.217801 
0.223502 
0.210520 
0.215101 
0.217264 
0.210236 
0.214240 
0.214109 
0.208218 
0.213510 
0.219878 
0.217286 
0.214442 
0.225854 
0.232710 
0.231505 
0.226661 
0.226140 
0.227948 
0.229225 
0.230834 
0.235608 
0.232413 
0.234614 
0.240049 
0.227501 
0.210556 
0.199482 
0.199319 
0.190648 
0.195022 
0.198769 
0.189665 
0.186215 
0.178336 
0.169551 
0.157576 
0.149410 
0.156592 
0.146239 
0.146054 
0.153323 
0.146409 
0.132406 
0.145758 
0.160869 
0.172378 
0.176249 
0.166666 
0.168128 
0.172301 
0.165749 
0.177301 
0.189443 
0.183016 
0.178661 
0.177963 
0.181536 
0.178467 
0.175235 
0.194922 
0.221083 
0.234972 
0.240142 
0.253004 
0.271262 
0.269395 
0.260328 
0.242204 
0.226038 
0.205064 
0.181662 
0.158534 
0.138583 
0.119264 
0.099991 
0.084190 
0.068272 
0.052959 
0.041410 
0.033610 
0.028380 
0.024199 
0.022751 
0.019354 
0.017992 
0.015469 
0.014741 
0.015217 
0.016525 
0.017929 
0.017045 
0.014314 
0.012233 
0.011537 
0.012107 
0.010976 
0.010680 
0.012326 
0.011813 
0.010230 
0.010771 
0.011704 
0.011883 
0.010662 
0.009617 
0.011427 
0.011131 
0.011392 
0.011284 
0.009863 
0.010981 
0.012974 
0.012182 
0.010165 
0.008054 
0.006804 
0.007819 
0.008928 
0.009054 
0.009178 
0.009517 
0.010931 
0.010038 
0.008328 
0.009168 
0.012215 
0.012341 
0.010127 
0.010607 
0.011603 
0.008466 
0.008159 
0.007953 
0.011536 
0.011391 
0.008137 
0.009504 
0.009459 
0.009128 
0.010131 
0.010177 
0.012628 
0.012360 
0.012732 
0.014798 
0.014808 
0.012777 
0.011249 
0.013317 
0.011573 
0.014472 
0.020450 
0.017274 
0.018358 
0.018112 
0.019715 
0.022500 
0.026007 
0.023836 
0.020752 
0.020160 
0.022662 
0.020795 
0.025462 
0.024216 
0.023073 
0.026151 
0.026000 
0.022467 
0.020191 
0.019772 
0.020114 
0.021502 
0.034035 
0.033943 
0.030815 
0.025895 
0.022332 
0.019499 
0.016936 
0.019458 
0.020435 
0.014933 
0.011656 
0.012051 
0.010139 
0.007983 
0.006699 
0.008153 
0.008985 
0.007985 
0.011314 
0.028366 
0.047604 
0.057977 
0.061901 
0.060864 
0.063873 
0.070007 
0.073508 
0.082382 
0.091265 
0.104330 
0.120376 
0.135774 
0.156147 
0.164340 
0.167877 
0.179859 
0.181502 
0.180556 
0.182978 
0.181299 
0.181885 
0.181094 
0.182914 
0.185038 
0.192393 
0.193960 
0.202673 
0.224007 
0.232983 
0.242738 
0.251034 
0.253705 
0.261691 
0.272880 
0.284582 
0.287036 
0.286550 
0.285590 
0.304225 
0.310356 
0.311752 
0.319306 
0.318903 
0.314172 
0.306696 
0.297421 
0.291417 
0.287932 
0.286052 
0.273384 
0.268982 
0.266300 
0.261475 
0.261074 
0.255355 
0.249401 
0.239757 
0.241901 
0.236367 
0.226788 
0.232771 
0.216903 
0.209748 
0.215755 
0.214949 
0.213255 
0.204750 
0.192594 
0.186780 
0.177553 
0.163091 
0.145388 
0.140477 
0.140434 
0.134840 
0.124905 
0.114038 
0.096390 
0.088098 
0.078307 
0.068032 
0.067428 
0.061126 
0.063743 
0.065203 
0.053293 
0.045414 
0.043855 
0.038891 
0.041543 
0.048615 
0.047130 
0.039607 
0.047494 
0.054171 
0.056091 
0.070015 
0.056853 
0.060234 
0.060798 
0.061377 
0.055284 
0.052371 
0.049880 
0.049180 
0.047259 
0.047155 
0.045033 
0.046779 
0.046208 
0.044040 
0.037218 
0.052548 
0.050661 
0.042423 
0.039839 
0.047998 
0.049887 
0.060965 
0.066017 
0.046553 
0.036410 
0.033715 
0.037970 
0.043952 
0.049339 
0.038278 
0.031076 
0.028756 
0.032165 
0.025440 
0.030513 
0.031359 
0.047301 
0.049428 
0.043164 
0.040053 
0.030300 
0.030114 
0.030677 
0.030549 
0.028381 
0.032851 
0.030132 
0.029395 
0.034646 
0.038271 
0.044455 
0.053816 
0.056839 
0.048782 
0.041130 
0.036061 
0.034401 
0.028284 
0.026340 
0.020816 
0.024764 
0.022659 
0.018471 
0.017996 
0.020969 
0.020232 
0.015538 
0.017811 
0.019424 
0.015580 
0.016111 
0.014026 
0.013727 
0.016900 
0.018894 
0.016981 
0.014523 
0.013457 
0.010841 
0.012537 
0.010256 
0.008471 
0.009101 
0.008198 
0.008782 
0.008343 
0.007973 
0.010081 
0.007955 
0.006654 
0.005684 
0.005424 
0.005183 
0.004127 
0.003915 
0.003794 
0.003967 
0.004957 
0.003731 
0.003140 
0.003481 
0.003507 
0.002481 
0.002138 
0.002334 
0.001881 
0.001821 
0.001851 
0.001741 
0.001704 
0.001569 
0.001200 
0.000936 
0.000884 
0.001193 
0.001007 
0.001095 
0.001134 
0.000775 
0.000695 
0.000729 
0.000573 
0.000480 
0.000337 
0.000254 
0.000263 
0.000337 
0.000299 
0.000208 
0.000163 
0.000129 
0.000099 
0.000109 
0.000143 
0.000123 
0.000110 
0.000113 
0.000089 
0.000063 
0.000051 
0.000051 
0.000051 
0.000047 
0.000033 
0.000025 
0.000018 
0.000013 
0.000009 
0.000007 
0.000005 
0.000004 
0.000003 
0.000002 
0.000001 
0.000001 
0.000001 
0.000001 
0.000000 
0.000000 
0.000000 
0.000000 
0.000000 
0.000000 
0.000000 
0.000000 
0.000000 
0.000000 
0.000000 
0.000000 
0.000000 
0.000000 
