[ASCII 1000Hz, Channels: 1, Samples: 5508, Flags: 0]                          
0.000000 
0.000000 
0.000000 
0.000000 
0.000000 
0.000000 
0.000000 
0.000000 
0.000000 
0.000000 
0.000000 
0.000000 
0.000000 
0.000000 
0.000000 
0.000000 
0.000000 
0.000000 
0.000000 
0.000000 
0.000000 
0.000000 
0.000000 
0.000000 
0.000000 
0.000000 
0.000000 
0.000000 
0.000000 
0.000000 
0.000000 
0.000000 
0.000000 
0.000000 
0.000000 
0.000000 
0.000000 
0.000000 
0.000000 
0.000000 
0.000000 
0.000000 
0.000000 
0.000000 
0.000000 
0.000000 
0.000000 
0.000000 
0.000000 
0.000000 
0.000000 
0.000000 
0.000000 
0.000000 
0.000000 
0.000000 
0.000000 
0.000000 
0.000000 
0.000000 
0.000000 
0.000000 
0.000000 
0.000000 
0.000000 
0.000000 
0.000000 
0.000000 
0.000000 
0.000000 
0.000000 
0.000000 
0.000000 
0.000000 
-0.000000 
-0.000000 
0.000000 
-0.000000 
0.000001 
-0.000002 
0.000015 
0.000060 
0.000096 
0.000103 
0.000088 
0.000142 
0.000271 
0.000244 
0.000283 
0.000305 
0.000533 
0.000935 
0.000783 
0.000842 
0.000749 
0.000528 
0.001247 
0.001569 
0.001069 
0.001927 
0.002226 
0.001407 
0.001748 
0.005120 
0.006548 
0.004316 
0.004139 
0.006432 
0.004733 
0.004067 
0.004407 
0.003129 
0.002350 
0.003812 
0.006223 
0.004658 
0.003753 
0.011610 
0.013962 
0.005215 
0.025215 
0.052782 
0.034753 
0.029403 
0.089492 
0.090155 
0.054371 
0.066046 
0.126533 
0.101180 
0.062924 
0.093071 
0.141304 
0.100564 
0.066093 
0.115794 
0.144387 
0.095789 
0.071835 
0.135675 
0.134934 
0.083768 
0.087430 
0.147335 
0.114121 
0.072180 
0.106546 
0.146816 
0.097133 
0.080917 
0.153191 
0.165742 
0.114084 
0.117222 
0.190377 
0.166573 
0.105238 
0.157929 
0.184656 
0.118902 
0.177938 
0.233642 
0.147154 
0.176714 
0.249582 
0.156420 
0.190308 
0.263518 
0.165391 
0.194139 
0.240727 
0.155018 
0.219892 
0.256449 
0.173584 
0.240584 
0.234107 
0.179724 
0.268365 
0.225583 
0.204713 
0.268330 
0.223532 
0.231273 
0.229400 
0.213971 
0.233115 
0.211745 
0.210368 
0.237962 
0.195326 
0.221553 
0.222919 
0.190524 
0.226644 
0.198766 
0.210296 
0.216104 
0.207655 
0.217753 
0.200585 
0.219886 
0.226590 
0.227144 
0.229934 
0.224035 
0.235336 
0.239307 
0.235779 
0.231188 
0.247790 
0.247782 
0.269667 
0.239458 
0.235802 
0.245703 
0.220172 
0.240706 
0.228302 
0.234888 
0.226386 
0.220915 
0.228477 
0.219993 
0.236042 
0.214924 
0.210468 
0.197329 
0.193603 
0.198587 
0.183914 
0.209691 
0.193628 
0.181908 
0.181996 
0.183499 
0.188878 
0.186035 
0.179886 
0.175426 
0.156878 
0.158796 
0.167036 
0.164709 
0.159224 
0.143824 
0.145684 
0.141588 
0.133880 
0.154044 
0.138255 
0.146802 
0.126721 
0.106555 
0.114200 
0.081318 
0.064298 
0.056976 
0.067877 
0.049950 
0.074069 
0.067958 
0.064013 
0.081632 
0.057300 
0.090667 
0.073450 
0.070843 
0.075037 
0.055796 
0.079885 
0.058710 
0.071575 
0.070856 
0.057646 
0.075625 
0.051607 
0.075201 
0.070209 
0.064494 
0.088710 
0.061870 
0.080115 
0.070083 
0.066279 
0.085050 
0.059808 
0.080121 
0.068272 
0.065985 
0.089185 
0.062940 
0.084769 
0.074599 
0.067844 
0.087013 
0.062010 
0.087460 
0.083317 
0.068644 
0.096445 
0.069570 
0.081131 
0.091014 
0.064061 
0.092897 
0.077097 
0.070172 
0.092095 
0.062132 
0.073854 
0.078568 
0.051573 
0.073474 
0.062934 
0.048637 
0.066727 
0.047029 
0.044821 
0.055298 
0.035046 
0.047182 
0.054173 
0.034943 
0.055362 
0.051668 
0.038600 
0.058385 
0.043522 
0.044807 
0.056593 
0.037327 
0.049819 
0.047139 
0.031831 
0.051911 
0.044497 
0.036712 
0.053578 
0.036556 
0.041433 
0.047538 
0.028921 
0.053073 
0.054329 
0.039498 
0.064106 
0.046688 
0.048033 
0.069260 
0.044769 
0.064490 
0.063292 
0.046399 
0.074502 
0.053733 
0.079913 
0.088787 
0.196234 
0.255584 
0.276834 
0.280504 
0.207723 
0.278841 
0.288018 
0.292375 
0.287704 
0.248656 
0.300595 
0.313536 
0.308706 
0.328838 
0.333678 
0.313497 
0.339679 
0.339778 
0.337691 
0.337803 
0.290965 
0.302758 
0.300793 
0.206920 
0.226085 
0.226062 
0.227131 
0.279270 
0.255295 
0.283354 
0.295148 
0.229202 
0.296045 
0.263184 
0.227993 
0.307378 
0.256785 
0.279929 
0.303188 
0.248341 
0.302754 
0.272394 
0.246867 
0.303553 
0.230271 
0.252408 
0.289658 
0.245056 
0.324630 
0.277309 
0.236856 
0.306454 
0.232924 
0.271329 
0.298207 
0.238824 
0.301965 
0.277049 
0.266756 
0.317531 
0.249374 
0.289163 
0.292102 
0.251757 
0.326428 
0.261637 
0.252331 
0.292744 
0.231129 
0.286135 
0.292087 
0.256644 
0.304134 
0.270219 
0.278271 
0.316999 
0.257407 
0.309246 
0.303656 
0.262876 
0.314212 
0.257391 
0.257162 
0.292167 
0.245900 
0.286573 
0.286730 
0.271109 
0.326264 
0.285791 
0.292835 
0.315233 
0.266512 
0.310343 
0.295200 
0.259079 
0.295187 
0.255816 
0.276720 
0.295983 
0.250122 
0.292636 
0.278142 
0.256793 
0.290588 
0.269067 
0.277933 
0.296343 
0.272825 
0.283346 
0.275855 
0.264200 
0.263601 
0.260487 
0.265286 
0.259433 
0.252419 
0.261266 
0.260886 
0.259641 
0.244069 
0.249442 
0.265357 
0.243336 
0.265185 
0.253617 
0.216547 
0.259595 
0.220396 
0.203575 
0.252981 
0.189858 
0.200918 
0.235895 
0.170213 
0.197343 
0.220180 
0.179410 
0.214468 
0.205209 
0.172921 
0.222763 
0.165692 
0.157901 
0.193578 
0.149811 
0.169816 
0.141135 
0.117046 
0.139348 
0.105728 
0.117312 
0.123413 
0.083932 
0.087592 
0.071989 
0.054807 
0.074921 
0.053093 
0.052901 
0.068541 
0.044097 
0.049310 
0.052071 
0.033431 
0.042813 
0.041039 
0.028153 
0.041674 
0.038438 
0.030375 
0.054299 
0.047109 
0.043397 
0.064062 
0.047697 
0.058225 
0.074870 
0.050722 
0.080304 
0.076442 
0.058334 
0.106546 
0.074164 
0.091672 
0.140145 
0.086690 
0.153775 
0.154497 
0.134378 
0.224572 
0.166747 
0.214002 
0.246635 
0.182101 
0.266379 
0.213107 
0.211887 
0.280278 
0.189303 
0.267355 
0.249043 
0.194530 
0.307273 
0.210925 
0.245122 
0.309161 
0.209051 
0.304802 
0.278408 
0.229286 
0.317138 
0.246439 
0.254554 
0.300639 
0.217112 
0.278455 
0.275840 
0.212629 
0.297927 
0.229864 
0.225844 
0.291568 
0.211018 
0.275073 
0.271260 
0.218709 
0.298743 
0.248608 
0.258379 
0.289859 
0.253820 
0.284422 
0.274308 
0.276740 
0.277117 
0.252639 
0.254063 
0.254638 
0.250790 
0.262470 
0.244942 
0.253899 
0.272201 
0.257275 
0.266745 
0.257037 
0.247464 
0.256162 
0.238801 
0.245932 
0.255366 
0.242386 
0.250606 
0.243818 
0.242406 
0.263260 
0.260084 
0.271654 
0.254754 
0.255020 
0.278697 
0.265768 
0.271188 
0.270955 
0.249773 
0.246521 
0.248857 
0.231883 
0.240077 
0.220398 
0.204698 
0.221029 
0.175715 
0.171588 
0.166144 
0.162723 
0.140145 
0.116065 
0.123293 
0.132420 
0.121599 
0.090803 
0.112349 
0.100425 
0.091845 
0.080286 
0.066811 
0.055252 
0.063708 
0.081063 
0.069132 
0.082510 
0.087380 
0.058894 
0.058685 
0.051672 
0.039012 
0.051355 
0.045976 
0.045251 
0.061490 
0.055347 
0.067894 
0.072571 
0.056725 
0.062809 
0.067485 
0.049899 
0.048591 
0.069816 
0.073803 
0.072932 
0.059143 
0.050749 
0.053135 
0.061059 
0.069420 
0.056821 
0.042830 
0.029589 
0.035678 
0.039123 
0.035777 
0.049293 
0.049790 
0.037232 
0.028208 
0.028798 
0.035027 
0.027546 
0.019839 
0.016930 
0.020437 
0.017478 
0.011760 
0.010677 
0.009003 
0.009132 
0.007540 
0.005390 
0.004169 
0.004338 
0.003962 
0.002870 
0.003850 
0.003949 
0.002768 
0.002836 
0.003096 
0.002333 
0.001694 
0.001788 
0.002134 
0.001962 
0.001439 
0.002600 
0.002622 
0.001797 
0.001259 
0.001325 
0.001729 
0.001220 
0.001357 
0.003193 
0.003137 
0.002092 
0.001660 
0.002152 
0.002551 
0.002380 
0.002295 
0.003326 
0.003901 
0.002930 
0.003630 
0.005147 
0.005300 
0.005299 
0.006229 
0.007090 
0.007963 
0.008584 
0.009914 
0.009648 
0.007545 
0.009195 
0.012468 
0.014945 
0.013136 
0.008947 
0.010845 
0.012457 
0.015367 
0.014226 
0.010916 
0.011092 
0.011275 
0.012680 
0.015137 
0.014721 
0.012047 
0.009214 
0.008487 
0.011808 
0.010806 
0.010228 
0.010852 
0.012350 
0.009910 
0.008756 
0.010164 
0.010269 
0.007694 
0.006456 
0.008408 
0.009359 
0.008287 
0.008235 
0.010188 
0.012913 
0.012720 
0.010972 
0.010846 
0.010262 
0.010380 
0.010505 
0.013106 
0.012679 
0.009929 
0.009618 
0.011685 
0.011928 
0.014160 
0.013264 
0.012307 
0.014037 
0.014584 
0.014137 
0.014160 
0.011139 
0.008688 
0.009341 
0.013743 
0.014445 
0.014453 
0.014070 
0.012819 
0.015344 
0.014809 
0.012634 
0.010276 
0.008841 
0.011016 
0.012238 
0.010573 
0.009267 
0.010185 
0.012779 
0.014168 
0.010945 
0.009705 
0.010985 
0.009071 
0.009075 
0.011017 
0.012365 
0.011604 
0.011455 
0.010757 
0.012581 
0.012890 
0.013522 
0.012975 
0.013135 
0.012278 
0.010508 
0.011213 
0.012012 
0.012264 
0.013937 
0.015629 
0.015112 
0.014086 
0.012998 
0.011998 
0.009832 
0.011182 
0.013064 
0.012223 
0.009485 
0.009627 
0.009538 
0.007543 
0.006315 
0.005984 
0.006522 
0.006662 
0.008201 
0.008728 
0.007791 
0.009873 
0.010382 
0.008056 
0.006585 
0.005741 
0.005690 
0.005099 
0.004328 
0.003813 
0.004078 
0.004079 
0.004435 
0.004679 
0.003941 
0.003709 
0.004060 
0.002951 
0.002175 
0.002158 
0.002305 
0.003113 
0.002908 
0.002075 
0.001575 
0.001224 
0.000882 
0.000646 
0.000461 
0.000421 
0.000501 
0.000368 
0.000265 
0.000194 
0.000140 
0.000102 
0.000074 
0.000053 
0.000039 
0.000028 
0.000020 
0.000015 
0.000011 
0.000008 
0.000006 
0.000004 
0.000003 
0.000004 
0.000013 
0.000014 
0.000014 
0.000015 
0.000018 
0.000023 
0.000022 
0.000020 
0.000017 
0.000016 
0.000018 
0.000019 
0.000014 
0.000014 
0.000014 
0.000011 
0.000011 
0.000017 
0.000017 
0.000019 
0.000019 
0.000020 
0.000020 
0.000017 
0.000015 
0.000015 
0.000015 
0.000013 
0.000012 
0.000013 
0.000013 
0.000010 
0.000007 
0.000005 
0.000004 
0.000003 
0.000006 
0.000005 
0.000003 
0.000004 
0.000004 
0.000003 
0.000002 
0.000001 
0.000001 
0.000001 
0.000001 
0.000000 
0.000000 
0.000002 
0.000005 
0.000009 
0.000010 
0.000009 
0.000017 
0.000022 
0.000021 
0.000041 
0.000060 
0.000052 
0.000063 
0.000118 
0.000125 
0.000086 
0.000064 
0.000046 
0.000033 
0.000025 
0.000020 
0.000019 
0.000017 
0.000020 
0.000025 
0.000041 
0.000476 
0.001484 
0.002336 
0.005715 
0.008226 
0.013688 
0.033517 
0.057620 
0.046500 
0.109726 
0.134699 
0.096476 
0.133779 
0.187644 
0.158147 
0.132300 
0.163043 
0.180793 
0.148666 
0.159252 
0.206682 
0.200148 
0.164777 
0.209120 
0.248473 
0.210570 
0.199244 
0.245486 
0.254759 
0.206484 
0.223766 
0.277471 
0.247621 
0.198656 
0.251551 
0.296004 
0.227023 
0.206116 
0.271029 
0.242699 
0.203040 
0.230458 
0.254664 
0.205838 
0.200267 
0.269878 
0.252868 
0.200237 
0.228141 
0.255413 
0.213790 
0.214120 
0.252904 
0.234355 
0.190113 
0.206163 
0.241287 
0.199724 
0.178526 
0.230010 
0.221916 
0.196506 
0.208586 
0.222593 
0.206341 
0.195486 
0.212233 
0.208358 
0.188004 
0.200127 
0.223276 
0.194822 
0.180213 
0.207816 
0.192330 
0.161176 
0.188669 
0.200497 
0.169880 
0.182278 
0.204241 
0.174150 
0.167687 
0.189050 
0.173306 
0.160518 
0.167783 
0.154510 
0.136873 
0.132090 
0.125976 
0.130609 
0.115223 
0.100117 
0.095645 
0.099644 
0.096049 
0.097264 
0.119330 
0.107503 
0.101948 
0.114829 
0.107004 
0.113684 
0.101672 
0.079135 
0.087634 
0.092465 
0.086213 
0.115837 
0.118412 
0.100201 
0.111620 
0.102903 
0.105868 
0.124439 
0.113802 
0.123178 
0.124156 
0.110957 
0.119625 
0.101070 
0.086108 
0.115870 
0.097830 
0.100522 
0.111852 
0.090069 
0.105764 
0.100066 
0.086064 
0.103486 
0.082903 
0.090741 
0.100329 
0.079160 
0.088487 
0.074593 
0.066485 
0.080496 
0.061292 
0.060638 
0.064910 
0.050009 
0.057794 
0.050429 
0.036514 
0.044081 
0.037724 
0.035340 
0.042860 
0.038638 
0.042588 
0.051089 
0.045337 
0.050528 
0.065489 
0.063709 
0.047986 
0.042855 
0.050061 
0.055959 
0.057509 
0.060745 
0.051237 
0.048388 
0.043374 
0.043492 
0.035007 
0.051144 
0.051532 
0.035783 
0.034182 
0.040974 
0.044381 
0.042578 
0.044371 
0.045137 
0.040046 
0.045737 
0.038644 
0.033705 
0.037376 
0.041008 
0.042793 
0.038243 
0.036126 
0.035235 
0.052124 
0.054062 
0.048493 
0.052661 
0.045138 
0.048160 
0.057438 
0.051221 
0.055802 
0.059510 
0.054657 
0.044970 
0.041766 
0.041671 
0.042498 
0.057015 
0.050108 
0.049496 
0.050877 
0.042666 
0.044257 
0.044800 
0.045773 
0.050371 
0.043986 
0.033809 
0.030355 
0.031119 
0.026175 
0.027890 
0.027229 
0.027232 
0.025642 
0.025393 
0.023614 
0.029018 
0.034310 
0.036150 
0.032613 
0.030022 
0.026459 
0.025032 
0.028413 
0.028730 
0.032775 
0.031880 
0.028555 
0.028323 
0.025711 
0.028507 
0.033639 
0.028182 
0.022723 
0.018747 
0.019514 
0.019336 
0.017728 
0.017200 
0.013447 
0.011050 
0.012009 
0.009755 
0.011469 
0.012152 
0.008946 
0.014598 
0.018855 
0.011906 
0.039848 
0.056863 
0.033443 
0.057651 
0.082812 
0.053189 
0.060900 
0.090991 
0.064827 
0.056865 
0.089768 
0.072059 
0.053659 
0.090095 
0.083477 
0.054916 
0.088012 
0.095233 
0.059538 
0.084119 
0.104275 
0.066189 
0.076559 
0.109518 
0.075280 
0.070028 
0.110141 
0.086462 
0.063650 
0.106518 
0.101767 
0.065229 
0.098880 
0.114471 
0.072456 
0.086014 
0.115804 
0.079358 
0.072757 
0.113396 
0.091026 
0.065212 
0.104791 
0.103926 
0.065270 
0.092210 
0.116363 
0.076989 
0.080265 
0.114471 
0.085650 
0.074994 
0.108321 
0.092594 
0.069411 
0.115351 
0.114364 
0.086541 
0.125585 
0.127991 
0.087613 
0.123414 
0.149527 
0.107511 
0.123249 
0.156397 
0.113769 
0.111587 
0.165738 
0.126077 
0.100102 
0.156329 
0.137575 
0.087593 
0.143535 
0.178973 
0.110447 
0.122560 
0.177288 
0.123152 
0.096367 
0.158847 
0.138544 
0.085642 
0.141040 
0.164020 
0.099626 
0.115657 
0.165149 
0.111553 
0.094084 
0.164837 
0.142441 
0.094766 
0.144532 
0.159058 
0.108077 
0.129181 
0.151936 
0.120433 
0.118126 
0.152047 
0.126397 
0.101640 
0.142993 
0.146908 
0.112947 
0.127184 
0.151642 
0.124352 
0.123307 
0.161206 
0.143340 
0.123268 
0.165284 
0.186330 
0.152873 
0.164847 
0.187040 
0.164710 
0.150867 
0.162214 
0.160035 
0.132666 
0.110192 
0.119856 
0.116150 
0.100450 
0.113828 
0.108821 
0.083845 
0.080127 
0.100752 
0.089409 
0.071327 
0.091700 
0.092595 
0.064727 
0.068693 
0.079249 
0.055995 
0.056917 
0.082950 
0.068713 
0.047161 
0.054859 
0.055567 
0.037431 
0.030096 
0.061971 
0.059696 
0.038815 
0.034772 
0.061265 
0.053016 
0.033331 
0.038148 
0.067073 
0.051868 
0.032782 
0.043022 
0.078449 
0.063536 
0.041923 
0.060524 
0.086349 
0.061695 
0.051961 
0.083709 
0.084781 
0.055677 
0.090809 
0.121388 
0.083266 
0.097439 
0.155718 
0.121570 
0.108991 
0.170931 
0.148309 
0.109671 
0.174154 
0.186096 
0.128120 
0.172927 
0.212987 
0.152845 
0.161912 
0.199822 
0.143216 
0.146814 
0.203709 
0.158683 
0.137383 
0.179445 
0.147200 
0.116591 
0.166802 
0.157899 
0.119571 
0.168314 
0.164799 
0.112186 
0.150635 
0.179661 
0.125891 
0.139777 
0.189638 
0.135085 
0.123996 
0.199436 
0.174572 
0.120386 
0.179081 
0.201901 
0.134264 
0.137005 
0.160892 
0.112945 
0.093370 
0.120633 
0.095625 
0.065071 
0.098702 
0.098203 
0.059203 
0.084997 
0.108764 
0.070020 
0.067977 
0.094875 
0.073565 
0.051089 
0.076707 
0.076739 
0.048228 
0.051979 
0.081861 
0.061896 
0.044274 
0.073803 
0.073394 
0.044955 
0.060227 
0.083180 
0.055436 
0.051681 
0.087828 
0.072336 
0.050898 
0.082588 
0.080888 
0.050379 
0.076439 
0.090775 
0.055785 
0.069457 
0.098301 
0.065416 
0.063286 
0.099467 
0.074903 
0.058161 
0.097361 
0.085836 
0.057355 
0.091532 
0.093405 
0.057801 
0.084844 
0.104003 
0.064940 
0.077360 
0.109821 
0.074355 
0.069490 
0.109707 
0.084589 
0.062578 
0.106567 
0.099878 
0.063045 
0.098083 
0.110459 
0.068478 
0.082625 
0.113742 
0.076905 
0.069851 
0.121312 
0.095285 
0.073542 
0.105577 
0.091367 
0.072041 
0.129973 
0.125079 
0.087096 
0.149487 
0.170547 
0.112089 
0.131420 
0.170777 
0.119845 
0.106137 
0.156396 
0.126339 
0.087926 
0.134879 
0.128943 
0.080238 
0.096394 
0.127273 
0.089891 
0.074085 
0.125904 
0.112983 
0.071554 
0.097235 
0.132075 
0.094159 
0.073959 
0.129365 
0.125810 
0.080090 
0.094336 
0.138600 
0.105637 
0.072660 
0.122520 
0.134090 
0.088403 
0.079582 
0.133174 
0.112788 
0.073470 
0.080281 
0.107429 
0.076272 
0.052204 
0.059922 
0.076686 
0.053924 
0.037363 
0.038883 
0.053814 
0.038700 
0.028200 
0.020889 
0.053071 
0.055449 
0.038359 
0.024887 
0.041447 
0.061391 
0.041562 
0.031169 
0.022425 
0.039657 
0.039059 
0.026441 
0.019565 
0.019227 
0.037366 
0.062556 
0.052645 
0.036265 
0.030494 
0.071782 
0.081699 
0.055385 
0.041430 
0.078077 
0.094905 
0.068365 
0.045174 
0.077013 
0.112851 
0.083019 
0.055171 
0.068729 
0.117330 
0.089853 
0.061996 
0.055582 
0.103789 
0.090917 
0.063894 
0.044838 
0.086380 
0.095703 
0.065480 
0.044073 
0.061308 
0.097387 
0.068732 
0.050211 
0.037967 
0.089317 
0.088101 
0.060752 
0.040495 
0.057475 
0.089607 
0.062555 
0.045668 
0.035230 
0.076609 
0.071573 
0.049459 
0.033577 
0.042383 
0.074070 
0.054240 
0.040197 
0.026642 
0.044736 
0.059930 
0.040618 
0.030786 
0.022203 
0.045495 
0.052496 
0.035245 
0.026490 
0.021081 
0.046352 
0.047022 
0.032102 
0.023473 
0.020319 
0.050762 
0.049830 
0.033943 
0.024936 
0.023646 
0.056880 
0.054553 
0.037179 
0.026988 
0.026432 
0.058247 
0.053242 
0.036562 
0.026690 
0.026830 
0.061220 
0.057725 
0.039451 
0.029032 
0.025642 
0.059376 
0.058987 
0.039761 
0.029945 
0.023682 
0.052724 
0.058341 
0.039005 
0.029822 
0.021408 
0.045316 
0.058504 
0.039727 
0.029936 
0.021359 
0.030658 
0.048382 
0.036993 
0.026650 
0.018877 
0.024025 
0.048097 
0.045050 
0.031030 
0.022607 
0.021889 
0.042879 
0.048498 
0.033722 
0.024684 
0.020624 
0.034475 
0.048797 
0.036575 
0.026339 
0.019426 
0.028722 
0.047912 
0.040507 
0.028470 
0.020519 
0.023045 
0.040530 
0.040194 
0.027987 
0.020014 
0.018901 
0.034113 
0.041584 
0.030945 
0.021995 
0.017353 
0.027077 
0.036602 
0.030810 
0.021841 
0.015253 
0.021892 
0.031588 
0.029749 
0.021664 
0.014855 
0.017181 
0.027134 
0.029416 
0.023602 
0.015878 
0.014920 
0.029334 
0.025897 
0.018112 
0.013545 
0.009388 
0.018214 
0.020720 
0.014175 
0.010636 
0.007506 
0.008528 
0.007637 
0.005227 
0.003901 
0.002800 
0.002017 
0.001570 
0.001216 
0.000949 
0.000931 
0.000547 
0.000976 
0.001645 
0.001129 
0.000844 
0.000599 
0.000467 
0.000794 
0.000723 
0.000486 
0.000385 
0.000223 
0.000456 
0.001490 
0.001379 
0.000949 
0.000727 
0.000564 
0.001936 
0.002308 
0.003275 
0.028827 
0.036799 
0.035728 
0.034988 
0.033631 
0.024107 
0.019631 
0.019983 
0.015167 
0.010514 
0.009944 
0.018223 
0.029325 
0.039543 
0.030471 
0.022892 
0.032446 
0.062664 
0.061062 
0.042590 
0.032265 
0.025280 
0.048406 
0.053577 
0.037526 
0.028147 
0.028012 
0.054158 
0.055330 
0.041093 
0.028785 
0.025122 
0.044739 
0.042765 
0.029753 
0.025743 
0.038869 
0.058093 
0.047540 
0.033591 
0.027595 
0.034284 
0.057693 
0.049299 
0.033734 
0.027691 
0.035558 
0.053286 
0.042005 
0.030191 
0.023150 
0.027659 
0.053660 
0.045349 
0.031566 
0.024521 
0.023326 
0.043550 
0.040364 
0.027750 
0.020850 
0.016727 
0.034450 
0.042412 
0.029093 
0.022355 
0.014657 
0.026991 
0.038878 
0.026180 
0.020004 
0.013236 
0.018870 
0.022086 
0.014798 
0.011178 
0.007973 
0.005956 
0.013756 
0.014606 
0.009761 
0.007358 
0.005310 
0.003692 
0.003370 
0.005145 
0.004169 
0.002947 
0.002190 
0.001520 
0.001297 
0.001805 
0.001346 
0.000974 
0.001176 
0.001178 
0.000822 
0.000628 
0.000390 
0.000909 
0.001121 
0.000724 
0.000576 
0.000391 
0.000965 
0.003697 
0.004215 
0.008638 
0.031846 
0.034411 
0.038805 
0.030572 
0.035810 
0.039231 
0.027523 
0.022442 
0.023504 
0.019109 
0.013837 
0.012329 
0.013923 
0.031568 
0.034749 
0.020194 
0.035352 
0.063533 
0.045323 
0.035569 
0.024639 
0.080191 
0.104368 
0.067654 
0.054276 
0.040515 
0.087176 
0.103960 
0.066929 
0.054974 
0.042567 
0.085441 
0.120928 
0.079650 
0.062981 
0.049073 
0.074191 
0.136785 
0.101273 
0.074073 
0.059125 
0.078915 
0.124207 
0.096431 
0.070897 
0.059740 
0.087847 
0.127421 
0.102342 
0.076198 
0.058551 
0.064299 
0.133944 
0.124861 
0.090481 
0.070514 
0.094553 
0.155060 
0.142263 
0.112360 
0.089492 
0.122883 
0.174767 
0.156616 
0.122827 
0.105577 
0.156092 
0.175100 
0.140664 
0.101820 
0.108337 
0.167094 
0.152559 
0.119018 
0.091330 
0.135629 
0.147843 
0.113562 
0.081016 
0.064695 
0.096034 
0.091136 
0.063958 
0.044841 
0.046929 
0.068536 
0.054248 
0.037009 
0.033604 
0.087411 
0.081055 
0.052977 
0.053207 
0.099482 
0.089121 
0.063983 
0.094307 
0.123003 
0.096720 
0.085491 
0.134171 
0.125200 
0.085890 
0.119879 
0.148160 
0.105969 
0.122835 
0.151060 
0.114601 
0.089734 
0.134326 
0.128519 
0.088514 
0.104661 
0.166556 
0.133706 
0.132556 
0.129971 
0.083813 
0.079448 
0.134587 
0.108142 
0.093338 
0.162306 
0.135164 
0.113158 
0.185038 
0.142100 
0.122694 
0.175561 
0.130227 
0.131017 
0.173033 
0.127423 
0.142853 
0.179436 
0.115594 
0.141015 
0.168130 
0.115710 
0.151979 
0.141809 
0.123271 
0.183270 
0.136455 
0.153068 
0.204478 
0.130972 
0.195005 
0.173568 
0.152048 
0.233090 
0.156217 
0.195588 
0.188136 
0.176766 
0.224493 
0.159703 
0.221438 
0.199325 
0.220984 
0.252264 
0.230575 
0.281561 
0.225057 
0.257165 
0.249836 
0.247895 
0.258048 
0.236409 
0.238847 
0.229509 
0.228921 
0.222684 
0.212331 
0.184395 
0.186161 
0.158517 
0.127552 
0.125106 
0.089433 
0.072234 
0.058031 
0.038485 
0.059706 
0.055153 
0.057223 
0.080376 
0.057735 
0.092370 
0.070745 
0.084705 
0.081071 
0.072418 
0.090200 
0.065330 
0.089810 
0.067426 
0.080511 
0.072965 
0.068465 
0.082380 
0.062741 
0.086087 
0.062996 
0.082243 
0.069132 
0.072820 
0.076422 
0.065181 
0.088287 
0.064292 
0.095847 
0.074041 
0.091895 
0.088913 
0.081654 
0.099912 
0.075596 
0.099714 
0.071931 
0.099254 
0.086482 
0.088223 
0.093304 
0.077344 
0.094571 
0.067974 
0.094563 
0.074080 
0.080996 
0.070526 
0.075207 
0.090552 
0.072119 
0.097347 
0.070856 
0.090977 
0.071298 
0.086746 
0.079170 
0.086025 
0.107681 
0.096375 
0.103686 
0.133057 
0.149601 
0.172625 
0.209378 
0.211279 
0.239913 
0.268898 
0.251782 
0.217515 
0.226676 
0.229559 
0.234330 
0.224289 
0.203787 
0.176486 
0.159810 
0.127602 
0.117159 
0.094611 
0.084789 
0.079431 
0.069155 
0.076002 
0.067588 
0.076733 
0.066442 
0.078060 
0.066726 
0.073535 
0.068480 
0.072481 
0.076656 
0.070716 
0.084880 
0.073039 
0.085480 
0.067636 
0.087928 
0.074649 
0.080060 
0.066772 
0.074508 
0.072529 
0.075095 
0.082986 
0.075539 
0.100270 
0.078617 
0.106663 
0.084505 
0.089898 
0.070219 
0.093606 
0.092030 
0.128533 
0.177064 
0.155050 
0.204785 
0.214057 
0.231008 
0.245164 
0.251886 
0.284896 
0.287880 
0.305197 
0.304008 
0.315760 
0.276916 
0.281849 
0.262468 
0.252970 
0.246984 
0.220620 
0.226808 
0.213490 
0.229258 
0.216465 
0.211282 
0.219837 
0.214202 
0.225628 
0.212334 
0.226366 
0.233016 
0.220255 
0.236478 
0.213871 
0.229156 
0.216322 
0.226846 
0.219510 
0.223511 
0.223136 
0.232312 
0.221966 
0.223481 
0.217401 
0.228085 
0.215650 
0.219109 
0.206702 
0.211389 
0.218733 
0.214553 
0.218166 
0.206259 
0.224383 
0.195283 
0.194466 
0.190170 
0.210074 
0.201721 
0.205857 
0.188190 
0.175643 
0.170873 
0.169264 
0.155164 
0.136894 
0.137528 
0.119806 
0.113383 
0.099607 
0.087885 
0.077136 
0.064349 
0.060613 
0.046091 
0.040540 
0.031853 
0.029360 
0.031349 
0.046557 
0.041570 
0.053546 
0.054396 
0.048697 
0.054926 
0.046430 
0.039932 
0.040704 
0.053652 
0.053385 
0.057637 
0.048089 
0.054187 
0.055580 
0.047668 
0.044247 
0.039595 
0.030492 
0.037884 
0.048335 
0.040949 
0.030124 
0.032907 
0.038642 
0.036848 
0.032254 
0.034193 
0.032464 
0.030452 
0.035340 
0.036489 
0.043339 
0.037620 
0.045998 
0.060952 
0.044382 
0.033055 
0.031648 
0.033520 
0.034978 
0.030021 
0.032007 
0.036889 
0.036166 
0.040180 
0.039309 
0.044134 
0.045390 
0.034089 
0.037121 
0.034901 
0.051615 
0.053985 
0.051403 
0.066002 
0.055102 
0.052916 
0.055511 
0.056723 
0.055127 
0.074284 
0.077199 
0.064084 
0.063372 
0.050938 
0.042992 
0.041509 
0.036456 
0.036473 
0.032247 
0.029203 
0.031096 
0.036398 
0.039143 
0.033561 
0.036876 
0.044972 
0.069546 
0.086340 
0.120190 
0.125681 
0.144787 
0.148394 
0.154239 
0.173293 
0.184977 
0.218870 
0.201675 
0.204954 
0.207851 
0.243435 
0.253326 
0.269530 
0.249669 
0.277701 
0.284640 
0.304934 
0.310296 
0.311048 
0.322707 
0.325856 
0.346537 
0.337110 
0.322147 
0.301340 
0.287205 
0.247749 
0.263914 
0.230432 
0.246449 
0.259164 
0.270893 
0.281837 
0.277046 
0.272217 
0.269106 
0.279339 
0.273688 
0.271582 
0.257496 
0.263518 
0.246328 
0.262311 
0.248224 
0.264117 
0.263138 
0.272977 
0.269138 
0.283346 
0.265180 
0.247245 
0.256223 
0.270616 
0.273688 
0.268375 
0.254593 
0.254275 
0.262468 
0.265174 
0.270983 
0.273856 
0.265617 
0.251825 
0.263175 
0.241899 
0.257776 
0.258095 
0.264567 
0.262427 
0.276261 
0.276347 
0.271364 
0.262541 
0.255312 
0.278293 
0.269898 
0.263389 
0.257053 
0.277703 
0.244217 
0.258570 
0.240124 
0.235172 
0.233483 
0.245819 
0.244628 
0.263722 
0.245423 
0.227730 
0.240506 
0.238648 
0.243308 
0.233282 
0.203514 
0.189147 
0.180458 
0.181421 
0.170146 
0.152627 
0.163079 
0.164509 
0.139901 
0.132078 
0.138318 
0.122889 
0.109704 
0.136012 
0.128464 
0.127061 
0.132368 
0.134602 
0.120068 
0.126455 
0.155137 
0.136663 
0.125058 
0.148378 
0.127085 
0.114954 
0.152769 
0.143292 
0.119495 
0.139365 
0.138618 
0.123895 
0.125602 
0.121771 
0.113686 
0.114853 
0.118483 
0.116836 
0.119794 
0.125797 
0.128204 
0.130730 
0.127717 
0.133343 
0.145982 
0.151112 
0.154099 
0.147714 
0.157680 
0.158399 
0.154868 
0.147263 
0.133999 
0.134630 
0.124334 
0.120707 
0.122595 
0.123626 
0.121700 
0.119870 
0.126801 
0.121161 
0.126781 
0.135887 
0.132862 
0.135048 
0.146610 
0.150460 
0.152222 
0.145345 
0.145480 
0.155479 
0.157991 
0.150119 
0.151466 
0.176332 
0.165923 
0.161419 
0.168482 
0.178840 
0.174767 
0.176202 
0.179439 
0.174284 
0.165266 
0.170596 
0.158544 
0.138378 
0.140171 
0.136867 
0.135965 
0.137453 
0.142587 
0.145730 
0.159270 
0.163228 
0.151708 
0.147183 
0.131713 
0.147743 
0.151731 
0.140801 
0.146158 
0.142821 
0.143620 
0.143708 
0.143970 
0.146128 
0.145359 
0.137112 
0.145402 
0.141209 
0.144508 
0.167435 
0.167393 
0.176966 
0.192526 
0.199059 
0.188114 
0.193846 
0.203089 
0.216201 
0.209562 
0.215720 
0.228216 
0.215660 
0.232046 
0.221110 
0.229515 
0.236315 
0.217804 
0.231989 
0.220408 
0.222601 
0.189943 
0.184953 
0.190471 
0.159340 
0.172914 
0.150447 
0.164217 
0.128839 
0.138924 
0.119723 
0.136397 
0.123128 
0.122159 
0.139004 
0.104412 
0.092666 
0.092951 
0.135699 
0.117024 
0.120093 
0.100376 
0.119613 
0.124481 
0.088351 
0.088667 
0.077963 
0.104606 
0.086037 
0.087534 
0.071053 
0.098647 
0.122672 
0.098279 
0.136060 
0.113182 
0.122587 
0.108660 
0.093001 
0.099609 
0.078546 
0.095383 
0.074937 
0.107000 
0.118739 
0.099291 
0.097456 
0.108979 
0.138940 
0.112954 
0.131786 
0.163808 
0.146834 
0.173480 
0.150368 
0.135787 
0.161113 
0.127177 
0.115159 
0.166068 
0.135929 
0.126929 
0.135730 
0.130679 
0.120487 
0.111630 
0.087781 
0.063661 
0.047256 
0.033605 
0.038685 
0.041748 
0.030832 
0.023821 
0.020715 
0.024450 
0.021748 
0.020361 
0.019278 
0.023889 
0.021930 
0.016681 
0.012967 
0.012728 
0.013580 
0.010102 
0.009742 
0.007899 
0.005940 
0.004353 
0.004956 
0.005070 
0.003838 
0.002636 
0.002684 
0.003202 
0.002251 
0.001791 
0.001448 
0.001271 
0.001096 
0.001123 
0.001013 
0.000722 
0.000550 
0.000472 
0.000345 
0.000250 
0.000179 
0.000144 
0.000129 
0.000090 
0.000067 
0.000052 
0.000039 
0.000028 
0.000020 
0.000015 
0.000012 
0.000021 
0.000026 
0.000027 
0.000027 
0.000023 
0.000023 
0.000018 
0.000015 
0.000013 
0.000016 
0.000018 
0.000015 
0.000012 
0.000014 
0.000014 
0.000018 
0.000018 
0.000018 
0.000015 
0.000013 
0.000012 
0.000009 
0.000012 
0.000017 
0.000021 
0.000021 
0.000019 
0.000018 
0.000020 
0.000023 
0.000020 
0.000017 
0.000019 
0.000018 
0.000020 
0.000018 
0.000018 
0.000021 
0.000019 
0.000015 
0.000017 
0.000019 
0.000017 
0.000016 
0.000017 
0.000015 
0.000014 
0.000011 
0.000015 
0.000018 
0.000017 
0.000017 
0.000013 
0.000012 
0.000010 
0.000011 
0.000014 
0.000014 
0.000013 
0.000014 
0.000013 
0.000012 
0.000016 
0.000013 
0.000017 
0.000021 
0.000019 
0.000020 
0.000022 
0.000023 
0.000017 
0.000016 
0.000019 
0.000020 
0.000020 
0.000015 
0.000014 
0.000019 
0.000018 
0.000013 
0.000015 
0.000017 
0.000018 
0.000018 
0.000019 
0.000016 
0.000015 
0.000014 
0.000011 
0.000015 
0.000015 
0.000015 
0.000017 
0.000017 
0.000017 
0.000016 
0.000015 
0.000014 
0.000012 
0.000012 
0.000013 
0.000014 
0.000012 
0.000013 
0.000012 
0.000016 
0.000019 
0.000015 
0.000014 
0.000013 
0.000013 
0.000014 
0.000018 
0.000016 
0.000016 
0.000019 
0.000015 
0.000015 
0.000018 
0.000016 
0.000015 
0.000015 
0.000013 
0.000012 
0.000011 
0.000012 
0.000013 
0.000011 
0.000012 
0.000017 
0.000019 
0.000019 
0.000018 
0.000014 
0.000012 
0.000013 
0.000019 
0.000018 
0.000016 
0.000019 
0.000020 
0.000021 
0.000022 
0.000022 
0.000019 
0.000015 
0.000015 
0.000017 
0.000019 
0.000018 
0.000022 
0.000018 
0.000018 
0.000019 
0.000014 
0.000014 
0.000015 
0.000014 
0.000014 
0.000016 
0.000017 
0.000013 
0.000015 
0.000017 
0.000013 
0.000014 
0.000016 
0.000019 
0.000019 
0.000017 
0.000021 
0.000020 
0.000017 
0.000023 
0.000022 
0.000017 
0.000017 
0.000015 
0.000013 
0.000014 
0.000016 
0.000017 
0.000013 
0.000009 
0.000007 
0.000005 
0.000003 
0.000002 
0.000002 
0.000001 
0.000001 
0.000001 
0.000001 
0.000000 
0.000000 
0.000000 
-0.000000 
0.000015 
0.000024 
0.000109 
0.000115 
0.000196 
0.000241 
0.000214 
0.000265 
0.000309 
0.000439 
0.000638 
0.000605 
0.000517 
0.000724 
0.000956 
0.001047 
0.001240 
0.001254 
0.001162 
0.001226 
0.001743 
0.001385 
0.001386 
0.001781 
0.001730 
0.001869 
0.002367 
0.002186 
0.001845 
0.002094 
0.003188 
0.003895 
0.003675 
0.003101 
0.002980 
0.004002 
0.004816 
0.004377 
0.003530 
0.002886 
0.003442 
0.003964 
0.003390 
0.004602 
0.004837 
0.004881 
0.004463 
0.004214 
0.004480 
0.005552 
0.008190 
0.009372 
0.009227 
0.008595 
0.008996 
0.008298 
0.009495 
0.008660 
0.006699 
0.007382 
0.009140 
0.008126 
0.007887 
0.010385 
0.009107 
0.009359 
0.010022 
0.010068 
0.007815 
0.006660 
0.007067 
0.010365 
0.011322 
0.008537 
0.009181 
0.011860 
0.012120 
0.014760 
0.014178 
0.012081 
0.010448 
0.011751 
0.012260 
0.015958 
0.013812 
0.012900 
0.014219 
0.017437 
0.018837 
0.013970 
0.015605 
0.017257 
0.015084 
0.010807 
0.012242 
0.016780 
0.018188 
0.014645 
0.012635 
0.012302 
0.013142 
0.015442 
0.016672 
0.023263 
0.021448 
0.014955 
0.014665 
0.014486 
0.015627 
0.013053 
0.013553 
0.014426 
0.014306 
0.011729 
0.014955 
0.016744 
0.012736 
0.017901 
0.023014 
0.017462 
0.017968 
0.014030 
0.012696 
0.011165 
0.013310 
0.014180 
0.013773 
0.011820 
0.013124 
0.015213 
0.011954 
0.016317 
0.015316 
0.012347 
0.010823 
0.012443 
0.013244 
0.010692 
0.011665 
0.013764 
0.012700 
0.011732 
0.012177 
0.013101 
0.010726 
0.007639 
0.008115 
0.010540 
0.008692 
0.008332 
0.007359 
0.010574 
0.010444 
0.008373 
0.010457 
0.011866 
0.014145 
0.012584 
0.011594 
0.010847 
0.009261 
0.007823 
0.008360 
0.009476 
0.010254 
0.010783 
0.013006 
0.012260 
0.009647 
0.009174 
0.009461 
0.009445 
0.008048 
0.008489 
0.009464 
0.008880 
0.009040 
0.009681 
0.010028 
0.009756 
0.010453 
0.011745 
0.012400 
0.011179 
0.010413 
0.008291 
0.007597 
0.008172 
0.008791 
0.010898 
0.009529 
0.009488 
0.008745 
0.008805 
0.009110 
0.008534 
0.009389 
0.008544 
0.011014 
0.009083 
0.008062 
0.011896 
0.010849 
0.008773 
0.006378 
0.007393 
0.006876 
0.006929 
0.007166 
0.005741 
0.004779 
0.006484 
0.006107 
0.006208 
0.007718 
0.006184 
0.006862 
0.007231 
0.006390 
0.005847 
0.006499 
0.008536 
0.007113 
0.006859 
0.006054 
0.006178 
0.007361 
0.008180 
0.007651 
0.005966 
0.006837 
0.006780 
0.004979 
0.005299 
0.005042 
0.007790 
0.006989 
0.005771 
0.005271 
0.004776 
0.004224 
0.003562 
0.004482 
0.004771 
0.005416 
0.006547 
0.005650 
0.004519 
0.003957 
0.004023 
0.004018 
0.003357 
0.003289 
0.003380 
0.002745 
0.003105 
0.003410 
0.003384 
0.003512 
0.002928 
0.002121 
0.001854 
0.002069 
0.001916 
0.001603 
0.001148 
0.000890 
0.000910 
0.001036 
0.001110 
0.001426 
0.001540 
0.001293 
0.001110 
0.001031 
0.000782 
0.000617 
0.000608 
0.000537 
0.000422 
0.000321 
0.000229 
0.000175 
0.000186 
0.000208 
0.000178 
0.000161 
0.000167 
0.000135 
0.000095 
0.000070 
0.000050 
0.000036 
0.000029 
0.000024 
0.000017 
0.000013 
0.000009 
0.000007 
0.000005 
0.000004 
0.000003 
0.000002 
0.000001 
0.000002 
0.000008 
0.000015 
0.000013 
0.000014 
0.000016 
0.000016 
0.000016 
0.000013 
0.000012 
0.000015 
0.000016 
0.000014 
0.000013 
0.000012 
0.000011 
0.000016 
0.000016 
0.000015 
0.000017 
0.000019 
0.000018 
0.000015 
0.000012 
0.000014 
0.000012 
0.000012 
0.000012 
0.000015 
0.000014 
0.000016 
0.000017 
0.000013 
0.000010 
0.000012 
0.000013 
0.000012 
0.000013 
0.000014 
0.000015 
0.000016 
0.000014 
0.000013 
0.000013 
0.000013 
0.000013 
0.000013 
0.000010 
0.000014 
0.000015 
0.000015 
0.000016 
0.000014 
0.000013 
0.000014 
0.000014 
0.000015 
0.000018 
0.000019 
0.000022 
0.000022 
0.000020 
0.000019 
0.000017 
0.000013 
0.000011 
0.000007 
0.000005 
0.000004 
0.000003 
0.000002 
0.000002 
0.000001 
0.000001 
0.000001 
0.000000 
0.000000 
-0.000000 
0.000019 
0.000022 
0.000101 
0.000294 
0.000393 
0.000280 
0.000467 
0.000939 
0.000741 
0.000804 
0.000861 
0.000728 
0.000783 
0.001131 
0.000890 
0.000836 
0.000973 
0.000753 
0.004764 
0.008473 
0.081423 
0.128477 
0.094303 
0.069604 
0.058580 
0.059382 
0.051628 
0.054254 
0.047149 
0.040038 
0.068622 
0.079372 
0.070292 
0.063356 
0.069497 
0.075522 
0.069182 
0.091448 
0.099206 
0.082580 
0.073659 
0.069785 
0.078866 
0.077074 
0.085542 
0.102791 
0.107195 
0.099418 
0.082198 
0.091553 
0.072505 
0.074433 
0.079133 
0.069623 
0.059994 
0.082995 
0.074153 
0.061911 
0.080160 
0.062702 
0.149204 
0.141850 
0.149644 
0.204224 
0.139972 
0.147751 
0.108447 
0.157151 
0.174277 
0.138934 
0.190359 
0.150476 
0.156602 
0.156660 
0.135998 
0.200040 
0.179087 
0.189118 
0.235786 
0.198630 
0.205540 
0.176957 
0.193419 
0.215362 
0.185771 
0.225789 
0.213085 
0.184180 
0.215714 
0.201481 
0.207244 
0.210921 
0.174397 
0.210011 
0.206256 
0.187498 
0.225305 
0.191425 
0.191089 
0.223924 
0.190967 
0.205330 
0.203056 
0.172248 
0.207480 
0.185276 
0.179132 
0.227273 
0.170233 
0.181686 
0.195927 
0.143714 
0.195936 
0.178224 
0.151324 
0.197497 
0.161734 
0.185876 
0.206040 
0.145629 
0.210409 
0.182787 
0.162362 
0.214268 
0.160037 
0.178203 
0.190136 
0.148696 
0.204213 
0.168566 
0.164397 
0.211233 
0.155857 
0.190791 
0.187782 
0.172046 
0.220219 
0.172378 
0.189442 
0.213601 
0.164381 
0.203500 
0.179081 
0.178938 
0.201090 
0.164361 
0.188837 
0.180139 
0.163983 
0.184305 
0.163904 
0.178015 
0.173058 
0.162419 
0.174329 
0.172087 
0.159351 
0.151509 
0.148999 
0.147838 
0.139979 
0.136045 
0.151456 
0.152136 
0.149227 
0.137793 
0.117931 
0.102886 
0.085136 
0.065032 
0.090107 
0.069719 
0.057629 
0.057662 
0.039318 
0.048773 
0.042140 
0.031077 
0.038799 
0.027903 
0.025833 
0.029057 
0.019558 
0.018966 
0.023195 
0.019379 
0.015629 
0.026453 
0.020928 
0.019608 
0.031727 
0.021333 
0.024602 
0.031383 
0.020016 
0.027387 
0.028324 
0.018728 
0.027981 
0.024678 
0.017946 
0.026884 
0.020334 
0.019298 
0.029098 
0.018820 
0.024036 
0.028863 
0.017950 
0.027611 
0.026168 
0.021743 
0.035409 
0.025656 
0.026243 
0.037368 
0.024853 
0.032679 
0.035748 
0.024776 
0.033096 
0.028000 
0.034804 
0.050736 
0.040715 
0.054629 
0.049987 
0.053317 
0.072242 
0.060638 
0.083136 
0.077651 
0.097544 
0.114926 
0.110867 
0.157855 
0.116849 
0.169999 
0.135252 
0.176724 
0.202600 
0.184843 
0.261942 
0.223266 
0.277901 
0.239657 
0.276474 
0.247019 
0.264318 
0.243708 
0.241769 
0.248114 
0.241805 
0.250861 
0.235704 
0.238293 
0.224889 
0.248210 
0.226903 
0.226039 
0.211460 
0.236659 
0.218764 
0.256430 
0.236759 
0.240176 
0.229336 
0.236703 
0.216893 
0.224743 
0.217085 
0.229992 
0.232387 
0.210506 
0.210513 
0.204256 
0.240205 
0.216906 
0.234864 
0.219958 
0.234681 
0.210960 
0.209614 
0.206482 
0.234032 
0.236075 
0.214401 
0.208090 
0.209035 
0.235549 
0.214443 
0.200928 
0.197720 
0.245448 
0.227617 
0.208931 
0.196672 
0.238933 
0.205103 
0.197848 
0.194128 
0.219652 
0.208359 
0.174513 
0.207518 
0.228995 
0.231780 
0.182919 
0.191859 
0.214512 
0.223307 
0.192308 
0.186903 
0.214613 
0.213669 
0.198233 
0.178522 
0.205785 
0.196832 
0.206407 
0.175880 
0.186802 
0.168114 
0.182043 
0.161334 
0.170603 
0.186362 
0.176579 
0.188533 
0.155662 
0.196214 
0.153935 
0.185286 
0.159204 
0.163082 
0.172243 
0.152410 
0.165829 
0.136095 
0.164130 
0.134427 
0.150646 
0.136824 
0.141222 
0.141244 
0.123144 
0.142441 
0.116142 
0.142575 
0.116452 
0.116034 
0.111424 
0.088491 
0.096972 
0.073998 
0.060781 
0.053642 
0.037054 
0.027683 
0.036183 
0.028294 
0.031074 
0.035786 
0.023952 
0.020153 
0.013752 
0.014349 
0.019425 
0.015699 
0.019128 
0.014539 
0.011150 
0.008654 
0.007119 
0.005855 
0.005470 
0.007855 
0.010910 
0.012063 
0.015451 
0.012563 
0.015765 
0.011936 
0.011504 
0.013163 
0.009934 
0.007648 
0.012323 
0.014522 
0.015043 
0.013569 
0.014963 
0.018387 
0.016382 
0.014326 
0.013239 
0.015863 
0.014668 
0.014855 
0.023083 
0.024376 
0.051889 
0.051598 
0.083596 
0.106770 
0.105145 
0.134744 
0.121569 
0.141396 
0.137344 
0.136317 
0.133028 
0.124530 
0.130126 
0.120908 
0.120802 
0.116310 
0.119197 
0.108496 
0.101909 
0.110004 
0.098797 
0.106490 
0.098491 
0.098926 
0.104238 
0.085103 
0.103293 
0.098648 
0.097469 
0.124460 
0.089013 
0.109108 
0.102072 
0.081481 
0.111528 
0.077043 
0.085693 
0.095855 
0.064919 
0.091378 
0.074713 
0.072235 
0.098125 
0.072564 
0.085989 
0.091300 
0.068813 
0.094615 
0.082064 
0.062298 
0.091113 
0.065511 
0.061521 
0.093528 
0.062884 
0.062820 
0.086478 
0.055626 
0.060391 
0.082402 
0.052541 
0.057090 
0.075588 
0.048046 
0.050752 
0.072273 
0.048242 
0.043372 
0.070611 
0.052863 
0.043173 
0.074844 
0.063124 
0.043148 
0.067570 
0.067235 
0.044650 
0.067108 
0.075203 
0.048671 
0.062219 
0.075708 
0.051836 
0.048796 
0.075819 
0.063094 
0.041777 
0.070526 
0.077651 
0.048546 
0.051595 
0.085698 
0.065964 
0.042489 
0.066771 
0.083227 
0.055005 
0.043169 
0.088082 
0.083795 
0.051526 
0.059453 
0.098660 
0.075663 
0.048102 
0.072932 
0.091512 
0.060838 
0.047179 
0.087447 
0.092507 
0.060042 
0.056267 
0.089765 
0.077047 
0.052822 
0.063033 
0.103171 
0.085682 
0.060604 
0.071953 
0.098099 
0.076767 
0.054040 
0.066156 
0.102633 
0.078730 
0.055381 
0.063983 
0.102701 
0.082445 
0.058090 
0.069614 
0.106716 
0.085359 
0.059064 
0.062160 
0.092786 
0.080427 
0.054228 
0.058217 
0.090161 
0.081730 
0.054339 
0.052924 
0.081268 
0.071893 
0.047721 
0.052442 
0.086064 
0.081817 
0.057979 
0.044414 
0.070502 
0.076129 
0.055986 
0.038623 
0.048608 
0.071713 
0.057337 
0.040456 
0.036837 
0.062488 
0.055458 
0.037209 
0.030584 
0.044495 
0.048657 
0.041881 
0.040255 
0.059025 
0.058479 
0.043734 
0.033686 
0.048392 
0.062377 
0.055445 
0.036445 
0.040329 
0.066358 
0.057031 
0.038918 
0.035955 
0.069765 
0.071012 
0.049954 
0.038523 
0.059241 
0.059190 
0.042917 
0.032780 
0.045216 
0.054246 
0.041579 
0.030530 
0.058164 
0.086298 
0.081679 
0.054760 
0.074549 
0.089001 
0.069500 
0.055949 
0.057203 
0.085863 
0.072148 
0.055805 
0.096709 
0.094001 
0.067032 
0.055678 
0.084899 
0.118600 
0.093709 
0.072741 
0.105144 
0.103995 
0.070971 
0.063198 
0.106240 
0.097536 
0.069300 
0.077615 
0.104775 
0.093197 
0.075953 
0.102229 
0.120115 
0.100574 
0.077093 
0.114299 
0.119208 
0.082718 
0.081488 
0.113278 
0.103410 
0.086295 
0.132924 
0.131955 
0.106541 
0.128839 
0.120524 
0.096731 
0.116080 
0.161504 
0.168469 
0.149426 
0.180791 
0.243284 
0.204701 
0.204235 
0.248963 
0.234331 
0.238320 
0.273623 
0.280752 
0.289037 
0.300556 
0.295868 
0.288168 
0.289685 
0.304912 
0.298883 
0.295195 
0.272495 
0.281216 
0.298568 
0.244226 
0.261365 
0.266002 
0.245033 
0.291159 
0.249605 
0.250485 
0.257373 
0.241646 
0.263749 
0.220074 
0.244475 
0.254657 
0.225703 
0.253762 
0.232860 
0.243736 
0.255718 
0.279647 
0.267909 
0.265150 
0.232456 
0.252607 
0.215187 
0.218602 
0.184775 
0.168751 
0.176724 
0.139123 
0.134607 
0.121304 
0.088522 
0.076890 
0.056584 
0.043536 
0.038201 
0.027950 
0.027639 
0.036350 
0.025938 
0.034854 
0.026220 
0.030916 
0.034575 
0.025020 
0.037738 
0.028261 
0.034248 
0.033832 
0.028709 
0.051020 
0.047239 
0.056511 
0.085177 
0.108168 
0.123149 
0.136708 
0.141628 
0.151155 
0.153076 
0.163643 
0.157998 
0.144951 
0.142991 
0.140111 
0.181025 
0.170697 
0.178776 
0.176094 
0.194176 
0.185813 
0.196207 
0.188434 
0.170742 
0.175420 
0.141255 
0.140231 
0.128687 
0.130355 
0.124972 
0.145890 
0.126525 
0.138072 
0.149169 
0.130691 
0.133374 
0.119494 
0.132102 
0.115774 
0.115994 
0.103312 
0.109605 
0.098177 
0.096382 
0.103949 
0.091575 
0.111691 
0.087357 
0.102854 
0.086875 
0.099033 
0.098578 
0.084529 
0.091895 
0.069486 
0.082910 
0.063070 
0.074980 
0.067665 
0.077657 
0.076802 
0.064257 
0.073732 
0.062671 
0.072289 
0.055913 
0.055869 
0.048912 
0.044702 
0.048972 
0.049890 
0.053693 
0.056711 
0.048512 
0.046117 
0.048293 
0.060097 
0.076583 
0.077626 
0.067722 
0.059235 
0.048531 
0.039102 
0.035271 
0.047702 
0.058663 
0.053160 
0.049512 
0.037893 
0.033382 
0.027935 
0.027044 
0.031179 
0.026178 
0.030584 
0.029919 
0.027679 
0.025273 
0.024837 
0.022378 
0.021924 
0.024143 
0.023682 
0.029540 
0.032795 
0.033722 
0.027887 
0.028222 
0.031991 
0.032993 
0.027816 
0.029303 
0.029680 
0.026503 
0.029994 
0.038263 
0.042167 
0.035980 
0.037664 
0.035802 
0.035905 
0.038538 
0.039576 
0.036983 
0.043644 
0.044335 
0.039473 
0.043188 
0.040034 
0.047169 
0.046182 
0.043676 
0.048945 
0.037606 
0.034350 
0.035358 
0.029042 
0.038302 
0.043560 
0.042899 
0.067503 
0.083822 
0.109167 
0.099115 
0.097564 
0.105800 
0.117254 
0.129932 
0.116461 
0.128905 
0.142570 
0.144144 
0.142871 
0.148130 
0.165209 
0.157077 
0.180957 
0.175448 
0.183142 
0.206207 
0.194935 
0.206545 
0.204068 
0.210177 
0.201648 
0.216749 
0.228647 
0.218125 
0.243429 
0.219434 
0.254229 
0.226675 
0.211968 
0.219120 
0.206158 
0.248523 
0.207752 
0.216436 
0.225180 
0.214480 
0.226260 
0.183839 
0.196299 
0.208692 
0.185409 
0.198055 
0.206011 
0.176157 
0.203306 
0.182097 
0.163850 
0.171744 
0.150289 
0.167407 
0.147073 
0.157313 
0.162473 
0.136694 
0.143611 
0.127577 
0.105937 
0.097062 
0.075129 
0.052310 
0.052456 
0.047600 
0.032691 
0.042850 
0.037023 
0.025805 
0.047646 
0.044200 
0.032441 
0.053799 
0.043966 
0.036262 
0.057248 
0.041607 
0.041173 
0.056880 
0.038861 
0.042406 
0.055657 
0.039363 
0.043943 
0.062707 
0.043150 
0.053398 
0.062277 
0.041856 
0.055812 
0.060578 
0.040023 
0.056552 
0.062563 
0.042818 
0.065366 
0.061533 
0.044537 
0.065663 
0.057249 
0.043630 
0.068920 
0.060414 
0.046630 
0.068769 
0.057019 
0.045681 
0.073065 
0.059962 
0.051173 
0.077362 
0.058762 
0.050229 
0.067197 
0.048137 
0.047433 
0.070274 
0.048728 
0.052615 
0.075022 
0.050591 
0.055732 
0.075938 
0.050802 
0.054652 
0.073490 
0.050353 
0.051860 
0.071500 
0.049167 
0.051596 
0.073164 
0.051160 
0.051491 
0.075639 
0.054679 
0.049970 
0.078854 
0.061432 
0.050417 
0.077371 
0.061743 
0.047887 
0.081467 
0.071166 
0.049503 
0.081747 
0.081412 
0.052466 
0.080316 
0.090499 
0.057150 
0.076958 
0.100525 
0.065944 
0.072534 
0.107831 
0.078726 
0.066055 
0.105814 
0.089924 
0.062631 
0.097837 
0.099004 
0.062110 
0.087495 
0.107254 
0.068879 
0.070521 
0.108781 
0.083270 
0.058898 
0.096636 
0.096623 
0.058831 
0.077480 
0.107634 
0.073382 
0.057519 
0.098787 
0.089504 
0.054662 
0.072962 
0.102794 
0.070832 
0.052170 
0.095264 
0.096037 
0.059737 
0.063649 
0.109094 
0.086352 
0.054967 
0.078405 
0.109167 
0.076798 
0.053329 
0.086804 
0.096472 
0.064154 
0.049912 
0.085539 
0.084044 
0.056236 
0.045331 
0.084253 
0.081453 
0.054150 
0.044846 
0.080155 
0.074884 
0.050254 
0.041341 
0.080049 
0.076800 
0.051231 
0.041916 
0.076328 
0.075247 
0.050485 
0.040626 
0.073702 
0.070345 
0.047565 
0.037112 
0.069540 
0.068336 
0.046513 
0.033781 
0.063666 
0.065339 
0.044193 
0.031125 
0.056867 
0.067649 
0.047219 
0.032506 
0.044245 
0.059433 
0.043353 
0.029242 
0.034901 
0.055269 
0.040915 
0.028000 
0.027720 
0.046883 
0.037771 
0.026467 
0.020620 
0.038687 
0.038171 
0.025802 
0.018885 
0.032511 
0.035970 
0.025102 
0.017021 
0.021258 
0.030074 
0.021094 
0.014626 
0.017215 
0.028850 
0.022450 
0.015552 
0.013397 
0.021951 
0.018622 
0.012430 
0.011934 
0.018710 
0.015575 
0.010517 
0.009453 
0.011144 
0.009273 
0.006391 
0.005337 
0.006968 
0.005278 
0.003807 
0.003848 
0.004177 
0.003351 
0.002865 
0.003284 
0.003454 
0.002533 
0.002585 
0.003442 
0.003284 
0.002341 
0.002283 
0.002681 
0.002225 
0.001589 
0.002458 
0.003602 
0.002748 
0.001957 
0.001981 
0.002476 
0.001939 
0.001315 
0.001285 
0.002350 
0.002185 
0.001484 
0.001218 
0.001490 
0.001241 
0.000868 
0.000714 
0.001185 
0.001018 
0.000701 
0.000536 
0.000415 
0.000320 
0.000235 
0.000155 
0.000199 
0.000364 
0.000281 
0.000201 
0.000148 
0.000107 
0.000079 
0.000055 
0.000050 
0.000058 
0.000042 
0.000031 
0.000021 
0.000025 
0.000029 
0.000020 
0.000015 
0.000011 
0.000008 
0.000006 
0.000004 
0.000004 
0.000009 
0.000015 
0.000017 
0.000016 
0.000012 
0.000014 
0.000017 
0.000017 
0.000019 
0.000022 
0.000018 
0.000015 
0.000016 
0.000015 
0.000016 
0.000017 
0.000017 
0.000015 
0.000016 
0.000016 
0.000020 
0.000019 
0.000017 
0.000020 
0.000019 
0.000017 
0.000016 
0.000017 
0.000014 
0.000017 
0.000019 
0.000017 
0.000015 
0.000016 
0.000019 
0.000017 
0.000015 
0.000014 
0.000011 
0.000010 
0.000014 
0.000014 
0.000011 
0.000013 
0.000013 
0.000014 
0.000016 
0.000013 
0.000011 
0.000008 
0.000012 
0.000018 
0.000019 
0.000019 
0.000022 
0.000018 
0.000018 
0.000017 
0.000017 
0.000016 
0.000015 
0.000013 
0.000018 
0.000021 
0.000019 
0.000015 
0.000011 
0.000008 
0.000006 
0.000004 
0.000003 
0.000002 
0.000002 
0.000001 
0.000001 
0.000001 
0.000000 
0.000003 
0.000002 
0.000002 
0.000005 
0.000007 
0.000010 
0.000016 
0.000021 
0.000026 
0.000033 
0.000028 
0.000028 
0.000058 
0.000054 
0.000068 
0.000062 
0.000094 
0.000139 
0.000103 
0.000071 
0.000103 
0.000126 
0.002069 
0.008747 
0.008413 
0.013470 
0.062722 
0.094022 
0.090917 
0.071735 
0.068082 
0.050214 
0.037521 
0.031113 
0.029216 
0.025402 
0.025198 
0.022812 
0.027811 
0.025647 
0.030718 
0.036681 
0.033541 
0.029125 
0.039847 
0.051037 
0.046693 
0.097605 
0.102830 
0.064883 
0.118146 
0.160506 
0.112782 
0.096389 
0.243565 
0.255763 
0.163682 
0.189911 
0.281890 
0.224906 
0.169899 
0.263965 
0.281545 
0.190107 
0.212533 
0.290884 
0.224937 
0.167545 
0.252280 
0.273850 
0.187081 
0.217655 
0.303461 
0.231579 
0.184260 
0.283501 
0.282273 
0.188579 
0.237837 
0.306798 
0.219640 
0.197977 
0.296160 
0.257669 
0.177255 
0.268012 
0.295103 
0.191053 
0.219231 
0.301688 
0.221166 
0.174577 
0.268186 
0.248484 
0.160701 
0.215269 
0.259757 
0.174755 
0.157720 
0.215302 
0.171774 
0.118564 
0.159220 
0.167743 
0.109737 
0.111495 
0.161787 
0.134145 
0.094020 
0.113797 
0.121811 
0.085216 
0.074450 
0.106178 
0.098513 
0.065593 
0.070304 
0.087726 
0.065862 
0.044874 
0.063416 
0.067687 
0.045207 
0.034414 
0.062142 
0.059203 
0.039866 
0.029618 
0.038356 
0.035853 
0.024582 
0.017812 
0.015554 
0.021209 
0.016578 
0.011583 
0.009063 
0.012088 
0.010256 
0.007092 
0.006242 
0.012334 
0.011832 
0.007720 
0.007038 
0.010426 
0.008467 
0.005360 
0.007276 
0.009759 
0.006617 
0.004915 
0.008763 
0.008462 
0.005507 
0.004774 
0.006278 
0.004933 
0.003370 
0.003151 
0.003355 
0.002450 
0.001871 
0.001734 
0.002776 
0.002638 
0.001628 
0.001821 
0.003116 
0.002328 
0.001559 
0.001974 
0.002121 
0.001450 
0.001003 
0.001313 
0.002996 
0.002499 
0.001735 
0.001290 
0.000924 
0.000673 
0.000488 
0.000347 
0.000274 
0.000158 
0.000657 
0.002031 
0.002573 
0.003510 
0.009427 
0.015610 
0.023973 
0.045683 
0.041795 
0.034947 
0.043446 
0.045959 
0.077023 
0.101277 
0.166912 
0.226341 
0.264892 
0.276477 
0.267115 
0.292310 
0.276523 
0.262892 
0.238378 
0.245203 
0.230737 
0.230518 
0.276060 
0.264997 
0.264149 
0.302391 
0.262551 
0.263658 
0.306408 
0.253037 
0.253046 
0.237993 
0.204026 
0.211548 
0.195297 
0.187676 
0.211675 
0.196462 
0.213703 
0.222582 
0.198792 
0.229197 
0.245632 
0.214177 
0.232031 
0.235816 
0.235722 
0.229826 
0.228683 
0.239150 
0.237295 
0.232265 
0.233599 
0.236402 
0.243964 
0.242081 
0.241206 
0.243360 
0.234007 
0.237150 
0.240108 
0.230491 
0.240495 
0.246070 
0.255210 
0.260565 
0.248739 
0.260413 
0.254398 
0.243625 
0.254767 
0.254335 
0.253389 
0.263061 
0.268941 
0.251409 
0.256304 
0.248734 
0.241234 
0.250451 
0.235076 
0.250453 
0.227881 
0.225669 
0.247112 
0.229277 
0.235296 
0.244893 
0.227888 
0.245515 
0.244615 
0.210912 
0.242155 
0.225043 
0.215643 
0.240702 
0.217437 
0.236001 
0.230614 
0.207736 
0.223381 
0.212346 
0.216205 
0.240554 
0.224331 
0.230904 
0.227688 
0.226295 
0.233471 
0.220531 
0.231854 
0.223685 
0.207868 
0.218464 
0.209986 
0.218058 
0.218016 
0.206990 
0.211351 
0.198490 
0.212310 
0.209931 
0.198006 
0.213997 
0.191303 
0.196259 
0.203592 
0.218104 
0.228407 
0.212973 
0.230188 
0.217703 
0.218658 
0.210781 
0.197670 
0.212425 
0.206844 
0.212047 
0.236499 
0.213668 
0.231566 
0.242600 
0.241536 
0.260999 
0.242745 
0.259681 
0.248154 
0.234819 
0.262159 
0.231631 
0.240252 
0.227487 
0.211040 
0.219360 
0.199698 
0.185027 
0.154093 
0.125661 
0.119066 
0.095477 
0.068792 
0.064697 
0.057558 
0.051057 
0.053735 
0.047777 
0.045263 
0.038012 
0.032731 
0.043333 
0.032529 
0.046672 
0.038311 
0.037395 
0.040720 
0.030854 
0.034510 
0.035244 
0.051212 
0.042814 
0.039949 
0.044686 
0.047401 
0.049349 
0.044664 
0.043695 
0.040241 
0.050590 
0.040769 
0.049305 
0.045634 
0.048764 
0.055090 
0.047631 
0.055337 
0.046425 
0.055895 
0.048548 
0.054535 
0.050245 
0.045778 
0.054561 
0.039694 
0.051389 
0.043840 
0.045086 
0.046328 
0.040691 
0.049855 
0.036983 
0.045939 
0.038648 
0.044292 
0.046474 
0.043019 
0.040201 
0.034297 
0.056617 
0.051456 
0.053554 
0.094166 
0.091904 
0.121285 
0.129491 
0.132481 
0.176622 
0.154990 
0.205170 
0.194121 
0.208546 
0.225615 
0.215228 
0.225481 
0.201207 
0.212382 
0.211936 
0.216801 
0.233015 
0.239276 
0.250837 
0.265196 
0.278014 
0.267954 
0.270310 
0.275487 
0.274792 
0.273689 
0.261534 
0.258910 
0.229205 
0.236435 
0.248155 
0.229989 
0.259271 
0.250101 
0.228667 
0.257380 
0.214651 
0.212740 
0.239668 
0.170056 
0.203305 
0.214469 
0.153611 
0.202367 
0.194218 
0.159806 
0.200562 
0.176599 
0.152453 
0.183019 
0.165798 
0.157595 
0.184477 
0.156756 
0.164009 
0.190776 
0.151337 
0.158871 
0.175168 
0.139793 
0.153859 
0.166665 
0.138719 
0.150141 
0.160042 
0.136085 
0.157826 
0.151337 
0.132404 
0.164086 
0.143480 
0.128175 
0.180750 
0.141871 
0.140517 
0.194098 
0.144230 
0.156023 
0.201857 
0.144645 
0.156114 
0.207537 
0.156618 
0.147349 
0.186338 
0.158970 
0.147672 
0.167826 
0.148300 
0.128413 
0.142478 
0.141668 
0.143990 
0.151495 
0.143783 
0.132129 
0.145576 
0.154449 
0.151866 
0.145990 
0.148040 
0.161133 
0.148440 
0.151429 
0.165381 
0.168216 
0.154933 
0.159012 
0.164623 
0.170986 
0.175619 
0.189342 
0.193233 
0.173586 
0.198476 
0.205088 
0.179656 
0.196625 
0.202749 
0.173256 
0.199228 
0.209736 
0.166923 
0.161629 
0.165435 
0.117945 
0.092102 
0.097150 
0.071380 
0.051924 
0.041662 
0.030921 
0.024673 
0.029464 
0.027459 
0.022205 
0.019933 
0.021774 
0.021827 
0.014352 
0.015535 
0.019956 
0.015879 
0.012178 
0.011206 
0.014665 
0.011471 
0.008216 
0.007641 
0.006612 
0.007574 
0.008619 
0.007380 
0.006749 
0.004993 
0.003735 
0.002965 
0.003536 
0.003910 
0.002662 
0.002770 
0.002793 
0.002696 
0.002185 
0.001925 
0.002296 
0.002639 
0.002571 
0.002869 
0.003741 
0.003200 
0.002499 
0.002637 
0.002476 
0.001597 
0.001535 
0.001854 
0.001459 
0.001016 
0.001083 
0.001393 
0.001077 
0.000898 
0.000927 
0.000681 
0.000490 
0.000357 
0.000258 
0.000187 
0.000136 
0.000099 
0.000071 
0.000052 
0.000038 
0.000027 
0.000020 
0.000014 
0.000010 
0.000009 
0.000008 
0.000012 
0.000054 
0.000153 
0.003028 
0.008373 
0.015149 
0.034033 
0.042042 
0.042648 
0.048968 
0.098418 
0.169076 
0.249586 
0.237803 
0.231584 
0.256433 
0.260231 
0.272631 
0.269991 
0.262715 
0.263394 
0.283068 
0.317134 
0.311846 
0.302196 
0.306837 
0.324085 
0.320969 
0.309514 
0.298021 
0.320411 
0.303843 
0.293939 
0.285526 
0.304185 
0.310489 
0.313214 
0.311645 
0.307244 
0.297224 
0.287870 
0.302774 
0.310679 
0.303250 
0.296425 
0.298261 
0.303481 
0.303756 
0.274439 
0.260198 
0.283941 
0.284690 
0.300471 
0.289028 
0.258794 
0.267348 
0.285786 
0.265150 
0.256530 
0.272572 
0.264031 
0.273307 
0.241543 
0.189393 
0.219192 
0.228632 
0.221279 
0.191110 
0.185402 
0.224771 
0.212310 
0.177557 
0.197482 
0.236822 
0.213467 
0.167417 
0.153256 
0.160485 
0.161893 
0.140527 
0.133872 
0.148382 
0.153788 
0.147492 
0.134202 
0.139137 
0.144300 
0.138529 
0.127075 
0.144039 
0.142831 
0.126490 
0.141068 
0.158548 
0.174227 
0.166160 
0.150943 
0.163935 
0.174676 
0.168621 
0.166346 
0.157799 
0.147910 
0.159961 
0.152306 
0.146532 
0.147001 
0.151896 
0.162754 
0.155823 
0.154104 
0.156250 
0.164082 
0.164010 
0.161897 
0.167284 
0.171174 
0.175863 
0.166715 
0.174274 
0.168762 
0.159948 
0.169375 
0.181810 
0.176117 
0.162681 
0.183600 
0.182187 
0.167953 
0.170389 
0.177292 
0.186918 
0.174829 
0.186998 
0.204731 
0.181331 
0.171006 
0.190879 
0.202168 
0.183496 
0.192508 
0.212947 
0.194881 
0.203353 
0.211642 
0.205772 
0.178656 
0.189443 
0.199756 
0.211963 
0.188904 
0.197805 
0.190054 
0.195692 
0.173218 
0.179797 
0.171367 
0.168977 
0.167789 
0.178031 
0.177697 
0.215723 
0.213748 
0.227377 
0.275307 
0.270368 
0.273511 
0.273792 
0.278467 
0.274611 
0.257674 
0.237570 
0.224687 
0.218696 
0.189734 
0.138085 
0.099391 
0.087087 
0.088744 
0.085312 
0.089658 
0.109740 
0.118078 
0.103462 
0.092228 
0.095419 
0.079175 
0.065836 
0.055658 
0.048912 
0.039731 
0.047007 
0.054156 
0.052157 
0.046145 
0.039597 
0.035770 
0.033656 
0.027413 
0.025825 
0.020451 
0.015339 
0.014324 
0.015673 
0.013208 
0.009875 
0.012600 
0.012820 
0.015656 
0.018231 
0.016094 
0.013932 
0.010886 
0.008286 
0.006711 
0.006449 
0.008162 
0.007932 
0.007094 
0.007349 
0.008504 
0.009850 
0.009506 
0.006780 
0.005779 
0.004455 
0.003119 
0.002977 
0.003851 
0.003580 
0.002767 
0.002983 
0.002285 
0.001883 
0.002216 
0.002019 
0.001484 
0.001042 
0.000863 
0.000900 
0.001065 
0.001481 
0.001126 
0.001181 
0.001175 
0.000921 
0.000612 
0.000701 
0.001000 
0.000729 
0.000883 
0.001047 
0.000998 
0.001204 
0.001282 
0.001149 
0.001254 
0.001240 
0.001005 
0.001058 
0.000940 
0.000761 
0.000617 
0.000442 
0.000342 
0.000503 
0.000409 
0.000288 
0.000280 
0.000343 
0.000345 
0.000252 
0.000248 
0.000217 
0.000165 
0.000135 
0.000154 
0.000141 
0.000117 
0.000189 
0.000231 
0.000180 
0.000145 
0.000128 
0.000090 
0.000067 
0.000048 
0.000034 
0.000028 
0.000033 
0.000025 
0.000018 
0.000013 
0.000009 
0.000007 
0.000005 
0.000004 
0.000003 
0.000002 
0.000001 
0.000001 
0.000001 
0.000001 
0.000000 
0.000000 
0.000000 
0.000000 
0.000000 
0.000000 
0.000000 
0.000000 
0.000000 
0.000000 
0.000000 
0.000000 
0.000000 
0.000000 
0.000000 
0.000000 
0.000000 
0.000000 
0.000000 
0.000000 
0.000000 
0.000000 
0.000000 
0.000000 
0.000000 
0.000000 
0.000000 
0.000000 
