[ASCII 1000Hz, Channels: 1, Samples: 1944, Flags: 0]                          
0.000000 
0.000000 
0.000000 
0.000000 
0.000000 
0.000000 
0.000000 
0.000000 
0.000000 
0.000000 
0.000000 
0.000000 
0.000000 
0.000000 
0.000000 
0.000000 
0.000000 
0.000000 
0.000000 
0.000000 
0.000000 
0.000000 
0.000000 
0.000000 
0.000000 
0.000000 
0.000000 
0.000000 
0.000000 
0.000000 
0.000000 
0.000000 
0.000000 
0.000000 
0.000000 
0.000000 
0.000000 
0.000000 
0.000000 
0.000000 
0.000000 
0.000000 
0.000000 
0.000000 
0.000000 
0.000000 
0.000000 
0.000000 
0.000000 
0.000000 
0.000000 
0.000000 
0.000000 
0.000000 
0.000000 
0.000000 
0.000000 
0.000000 
0.000000 
0.000000 
0.000000 
0.000000 
0.000000 
0.000000 
0.000000 
0.000000 
0.000000 
0.000000 
0.000000 
0.000000 
-0.000000 
0.000000 
-0.000000 
0.000000 
-0.000000 
0.000000 
0.000021 
0.000044 
0.000091 
0.000127 
0.000164 
0.000174 
0.000143 
0.000192 
0.000256 
0.000268 
0.000240 
0.000190 
0.000177 
0.000183 
0.000194 
0.000306 
0.000269 
0.000227 
0.000232 
0.000230 
0.000247 
0.000241 
0.000435 
0.000478 
0.000351 
0.000261 
0.000232 
0.000638 
0.001749 
0.002961 
0.003595 
0.003573 
0.004154 
0.005186 
0.007002 
0.008320 
0.007200 
0.005149 
0.010775 
0.015948 
0.015367 
0.011636 
0.012542 
0.015669 
0.018186 
0.018251 
0.015501 
0.018427 
0.022193 
0.018963 
0.014818 
0.011239 
0.012261 
0.015606 
0.017896 
0.017916 
0.019218 
0.019100 
0.025241 
0.029757 
0.025170 
0.032842 
0.019947 
0.093572 
0.197988 
0.160529 
0.182750 
0.231033 
0.220211 
0.229490 
0.261535 
0.267704 
0.247998 
0.276599 
0.289676 
0.306181 
0.313150 
0.326298 
0.304847 
0.309864 
0.306708 
0.323389 
0.320061 
0.324342 
0.294562 
0.298838 
0.279032 
0.283952 
0.293660 
0.299728 
0.265550 
0.281090 
0.294063 
0.307527 
0.297983 
0.296559 
0.279391 
0.281747 
0.273211 
0.264950 
0.253919 
0.261508 
0.237728 
0.223919 
0.211410 
0.188374 
0.201243 
0.191567 
0.194754 
0.188827 
0.181720 
0.172502 
0.175230 
0.169422 
0.177599 
0.174930 
0.195051 
0.182149 
0.160745 
0.157473 
0.175698 
0.158977 
0.143128 
0.132889 
0.148961 
0.147951 
0.150802 
0.130278 
0.093426 
0.068418 
0.049396 
0.049866 
0.041411 
0.045503 
0.047592 
0.036824 
0.037442 
0.038293 
0.030647 
0.031228 
0.025951 
0.024642 
0.032977 
0.027819 
0.032947 
0.028336 
0.032304 
0.026494 
0.026021 
0.020992 
0.019907 
0.020010 
0.018670 
0.015306 
0.016151 
0.013556 
0.017076 
0.018608 
0.017117 
0.019338 
0.014385 
0.011865 
0.011348 
0.013872 
0.011802 
0.010807 
0.013510 
0.017658 
0.023524 
0.031784 
0.033415 
0.071259 
0.077385 
0.061946 
0.055789 
0.048916 
0.053106 
0.055123 
0.060352 
0.053972 
0.050595 
0.053849 
0.056101 
0.060826 
0.071643 
0.079118 
0.066269 
0.076777 
0.137434 
0.140914 
0.202291 
0.190917 
0.197235 
0.187502 
0.212695 
0.199405 
0.201992 
0.196946 
0.216627 
0.221885 
0.236490 
0.233956 
0.208107 
0.187068 
0.199758 
0.211663 
0.185752 
0.193235 
0.205761 
0.200254 
0.183331 
0.181106 
0.168864 
0.190025 
0.207154 
0.233010 
0.196474 
0.206484 
0.186969 
0.188575 
0.181175 
0.196463 
0.173320 
0.182722 
0.171205 
0.171976 
0.173597 
0.184333 
0.175998 
0.171075 
0.188505 
0.173776 
0.183602 
0.158439 
0.165410 
0.138033 
0.158104 
0.140990 
0.134466 
0.128434 
0.123399 
0.114573 
0.102374 
0.107278 
0.096273 
0.126074 
0.131627 
0.118294 
0.099629 
0.111441 
0.104518 
0.100666 
0.104073 
0.122481 
0.123970 
0.160521 
0.156129 
0.169936 
0.188129 
0.174040 
0.163918 
0.195464 
0.209463 
0.189482 
0.157883 
0.180524 
0.159187 
0.120587 
0.144256 
0.127761 
0.158029 
0.153621 
0.132524 
0.156618 
0.145711 
0.122444 
0.101237 
0.101637 
0.115507 
0.109797 
0.093757 
0.085381 
0.070334 
0.093841 
0.117975 
0.101002 
0.081936 
0.088878 
0.099729 
0.148068 
0.150494 
0.125596 
0.088312 
0.099260 
0.110881 
0.108488 
0.108430 
0.115265 
0.120791 
0.131317 
0.133879 
0.143906 
0.120130 
0.108198 
0.105678 
0.092515 
0.097019 
0.132334 
0.134752 
0.120424 
0.122100 
0.139028 
0.113887 
0.085866 
0.125797 
0.139124 
0.123489 
0.134618 
0.129913 
0.129642 
0.118643 
0.097061 
0.086899 
0.087591 
0.074233 
0.065233 
0.083649 
0.070096 
0.077673 
0.107366 
0.108892 
0.106185 
0.111420 
0.131311 
0.161938 
0.178298 
0.200591 
0.189933 
0.189423 
0.185169 
0.226911 
0.228938 
0.237862 
0.222160 
0.230865 
0.246139 
0.241476 
0.257282 
0.254954 
0.269335 
0.261601 
0.259680 
0.244020 
0.259329 
0.242665 
0.248470 
0.244381 
0.264740 
0.258543 
0.260732 
0.230668 
0.228434 
0.216449 
0.228029 
0.211610 
0.223007 
0.202994 
0.206947 
0.189451 
0.198364 
0.172625 
0.187555 
0.186672 
0.200901 
0.211521 
0.217010 
0.206929 
0.184534 
0.177939 
0.175626 
0.194544 
0.197485 
0.212093 
0.220022 
0.214791 
0.207950 
0.219515 
0.224760 
0.211943 
0.212231 
0.219209 
0.230523 
0.221068 
0.235320 
0.232663 
0.243832 
0.232598 
0.237509 
0.237695 
0.244705 
0.259016 
0.268042 
0.259186 
0.277611 
0.265814 
0.271238 
0.279114 
0.287831 
0.286621 
0.267324 
0.273207 
0.261673 
0.264040 
0.246932 
0.267637 
0.249491 
0.266573 
0.246182 
0.243349 
0.234924 
0.240036 
0.252537 
0.243475 
0.236456 
0.231938 
0.234494 
0.235569 
0.243124 
0.227342 
0.232173 
0.243326 
0.235631 
0.255001 
0.238077 
0.240048 
0.234601 
0.244411 
0.253752 
0.267905 
0.269716 
0.270016 
0.271560 
0.279143 
0.274972 
0.266067 
0.274855 
0.279663 
0.282271 
0.275893 
0.263166 
0.268956 
0.257671 
0.251814 
0.235198 
0.245640 
0.220941 
0.217811 
0.202719 
0.222996 
0.200635 
0.208198 
0.179369 
0.165784 
0.134586 
0.143419 
0.131339 
0.131278 
0.130487 
0.131661 
0.112113 
0.086973 
0.069297 
0.063664 
0.055748 
0.053748 
0.049525 
0.045002 
0.037142 
0.034557 
0.033978 
0.034934 
0.039815 
0.036876 
0.044612 
0.038497 
0.050498 
0.042115 
0.051650 
0.041237 
0.054824 
0.044763 
0.052793 
0.044964 
0.054175 
0.047050 
0.050785 
0.047096 
0.048439 
0.046006 
0.048493 
0.052239 
0.047697 
0.051066 
0.046224 
0.054877 
0.045299 
0.052439 
0.044293 
0.053387 
0.049289 
0.070768 
0.064923 
0.094519 
0.108248 
0.139491 
0.156158 
0.167208 
0.175139 
0.221806 
0.233685 
0.256018 
0.250152 
0.263207 
0.254435 
0.261307 
0.239820 
0.255000 
0.233874 
0.255595 
0.244562 
0.241478 
0.214895 
0.210923 
0.216746 
0.221378 
0.230578 
0.219697 
0.217962 
0.206763 
0.233938 
0.216277 
0.220132 
0.207415 
0.230327 
0.205631 
0.221748 
0.217464 
0.259354 
0.209350 
0.241509 
0.212889 
0.238701 
0.196737 
0.219622 
0.199488 
0.204152 
0.186619 
0.203680 
0.207870 
0.222309 
0.219340 
0.200099 
0.204824 
0.189168 
0.197425 
0.192940 
0.193249 
0.181740 
0.165669 
0.169220 
0.185963 
0.197541 
0.185187 
0.183519 
0.183904 
0.193755 
0.180368 
0.187000 
0.203601 
0.218525 
0.226025 
0.240498 
0.239837 
0.232493 
0.229026 
0.232489 
0.221831 
0.236098 
0.225534 
0.200547 
0.212232 
0.219728 
0.217729 
0.211442 
0.199976 
0.189126 
0.183551 
0.194570 
0.199821 
0.194331 
0.194663 
0.203162 
0.219245 
0.232290 
0.236305 
0.239740 
0.244209 
0.248365 
0.242430 
0.235736 
0.230004 
0.227933 
0.230177 
0.230113 
0.230311 
0.232026 
0.223614 
0.218963 
0.215279 
0.211733 
0.204745 
0.187447 
0.173959 
0.169163 
0.171794 
0.163245 
0.151121 
0.138830 
0.123068 
0.108185 
0.093492 
0.081198 
0.069081 
0.054614 
0.040971 
0.031067 
0.022708 
0.016603 
0.011831 
0.010337 
0.010655 
0.014964 
0.015964 
0.014047 
0.013051 
0.011505 
0.013952 
0.017793 
0.018045 
0.016320 
0.012896 
0.011042 
0.012193 
0.012421 
0.011304 
0.011063 
0.011851 
0.012385 
0.012766 
0.012971 
0.012664 
0.012578 
0.011868 
0.011009 
0.010484 
0.009669 
0.009037 
0.008928 
0.008842 
0.008290 
0.007877 
0.007899 
0.008509 
0.008758 
0.008684 
0.007920 
0.006220 
0.005778 
0.005658 
0.004822 
0.005304 
0.005790 
0.006552 
0.006639 
0.007883 
0.010345 
0.016292 
0.016207 
0.012428 
0.010035 
0.007185 
0.008774 
0.009276 
0.009688 
0.011111 
0.009838 
0.007940 
0.008527 
0.008858 
0.009774 
0.008892 
0.011641 
0.011520 
0.009237 
0.013394 
0.016665 
0.016962 
0.015994 
0.013699 
0.011562 
0.013148 
0.018930 
0.019052 
0.017525 
0.020517 
0.017754 
0.015317 
0.015646 
0.017874 
0.014764 
0.015075 
0.014642 
0.012736 
0.014012 
0.014143 
0.015057 
0.014932 
0.012118 
0.012327 
0.010909 
0.009142 
0.009525 
0.012276 
0.014690 
0.011593 
0.010003 
0.010827 
0.010974 
0.012339 
0.018785 
0.020745 
0.017439 
0.015928 
0.014930 
0.019757 
0.017589 
0.015988 
0.016408 
0.016030 
0.015913 
0.015316 
0.014031 
0.014658 
0.013647 
0.012200 
0.014396 
0.017273 
0.014385 
0.010827 
0.011645 
0.015147 
0.013321 
0.011011 
0.014646 
0.017018 
0.014088 
0.011898 
0.011588 
0.014713 
0.014539 
0.017409 
0.014935 
0.011230 
0.010382 
0.008579 
0.009498 
0.013086 
0.011448 
0.010014 
0.014414 
0.013217 
0.010316 
0.013270 
0.012261 
0.011023 
0.012291 
0.010729 
0.009724 
0.008193 
0.006246 
0.008098 
0.009729 
0.011003 
0.008781 
0.006859 
0.008960 
0.009305 
0.010180 
0.008714 
0.007440 
0.008322 
0.009931 
0.009925 
0.008706 
0.007694 
0.008444 
0.007306 
0.005835 
0.006918 
0.005665 
0.006042 
0.008070 
0.008503 
0.007311 
0.007066 
0.006177 
0.005116 
0.004729 
0.005442 
0.005458 
0.003881 
0.003976 
0.003820 
0.004204 
0.005321 
0.005450 
0.003841 
0.003652 
0.004642 
0.004596 
0.004943 
0.004118 
0.002963 
0.002255 
0.001906 
0.001753 
0.002379 
0.002803 
0.002874 
0.002284 
0.002359 
0.002066 
0.001693 
0.001681 
0.001410 
0.001176 
0.001203 
0.001054 
0.000765 
0.000745 
0.000712 
0.000558 
0.000402 
0.000293 
0.000211 
0.000155 
0.000106 
0.000125 
0.000134 
0.000091 
0.000069 
0.000055 
0.000041 
0.000030 
0.000029 
0.000030 
0.000029 
0.000023 
0.000016 
0.000022 
0.000031 
0.000029 
0.000026 
0.000020 
0.000015 
0.000011 
0.000008 
0.000009 
0.000008 
0.000014 
0.000016 
0.000013 
0.000013 
0.000014 
0.000015 
0.000014 
0.000011 
0.000011 
0.000014 
0.000018 
0.000021 
0.000020 
0.000018 
0.000016 
0.000018 
0.000018 
0.000017 
0.000016 
0.000012 
0.000012 
0.000019 
0.000018 
0.000017 
0.000017 
0.000015 
0.000013 
0.000013 
0.000012 
0.000015 
0.000016 
0.000015 
0.000017 
0.000017 
0.000018 
0.000016 
0.000016 
0.000016 
0.000018 
0.000019 
0.000017 
0.000018 
0.000017 
0.000016 
0.000013 
0.000015 
0.000019 
0.000017 
0.000013 
0.000013 
0.000016 
0.000013 
0.000011 
0.000016 
0.000020 
0.000018 
0.000017 
0.000013 
0.000015 
0.000020 
0.000017 
0.000016 
0.000016 
0.000016 
0.000014 
0.000013 
0.000017 
0.000018 
0.000016 
0.000017 
0.000020 
0.000018 
0.000017 
0.000019 
0.000024 
0.000037 
0.000051 
0.000061 
0.000075 
0.000011 
0.000376 
0.001915 
0.005554 
0.010391 
0.012281 
0.105546 
0.144924 
0.106456 
0.078204 
0.057026 
0.045982 
0.045235 
0.043346 
0.033797 
0.039559 
0.046672 
0.046500 
0.047957 
0.050726 
0.041484 
0.048646 
0.043374 
0.044662 
0.059462 
0.041486 
0.071872 
0.072886 
0.058902 
0.104211 
0.079388 
0.083098 
0.141406 
0.102915 
0.105486 
0.192503 
0.158201 
0.129966 
0.211588 
0.194927 
0.135377 
0.213848 
0.239983 
0.164176 
0.244181 
0.269446 
0.177276 
0.248204 
0.320291 
0.217510 
0.247122 
0.317571 
0.217026 
0.245353 
0.315474 
0.218491 
0.244403 
0.325478 
0.227790 
0.235268 
0.302339 
0.217388 
0.224046 
0.286737 
0.210576 
0.225695 
0.293097 
0.208404 
0.207261 
0.272838 
0.200292 
0.204447 
0.240918 
0.169081 
0.196243 
0.254254 
0.190587 
0.184971 
0.222277 
0.168609 
0.154810 
0.194405 
0.149568 
0.120173 
0.153760 
0.122912 
0.091147 
0.111598 
0.094618 
0.063151 
0.069899 
0.093046 
0.073587 
0.052344 
0.098194 
0.098585 
0.061967 
0.072909 
0.081069 
0.055287 
0.040704 
0.042764 
0.039919 
0.027772 
0.020271 
0.024269 
0.033028 
0.028478 
0.018614 
0.022160 
0.025207 
0.017114 
0.012760 
0.009331 
0.006230 
0.008342 
0.009847 
0.005837 
0.008615 
0.012042 
0.007876 
0.007239 
0.010937 
0.008359 
0.005862 
0.005668 
0.005939 
0.004626 
0.002823 
0.005508 
0.007506 
0.005055 
0.003572 
0.006225 
0.007096 
0.004530 
0.004163 
0.006451 
0.005052 
0.003470 
0.003221 
0.003364 
0.002452 
0.001781 
0.001293 
0.000936 
0.000679 
0.000492 
0.000357 
0.000259 
0.000188 
0.000136 
0.000099 
0.000071 
0.000052 
0.000038 
0.000027 
0.000020 
0.000015 
0.000018 
0.000022 
0.000021 
0.000018 
0.000037 
0.000011 
0.000407 
0.002390 
0.008836 
0.026574 
0.040623 
0.045666 
0.052465 
0.056981 
0.065918 
0.062825 
0.080629 
0.095200 
0.200422 
0.206073 
0.242487 
0.268858 
0.299711 
0.311760 
0.303160 
0.292409 
0.282442 
0.269254 
0.259796 
0.257969 
0.264158 
0.257446 
0.253474 
0.282103 
0.288983 
0.300778 
0.297204 
0.318735 
0.310363 
0.320719 
0.329648 
0.319055 
0.334747 
0.354394 
0.338411 
0.318493 
0.326033 
0.334025 
0.341378 
0.333351 
0.324282 
0.306333 
0.314964 
0.283371 
0.291883 
0.272778 
0.268077 
0.275985 
0.311432 
0.314211 
0.316823 
0.314736 
0.314579 
0.304677 
0.307793 
0.325467 
0.333341 
0.337338 
0.341517 
0.352661 
0.345701 
0.325160 
0.329082 
0.339455 
0.337260 
0.341317 
0.332164 
0.337673 
0.332987 
0.336106 
0.318615 
0.320810 
0.317970 
0.327706 
0.322123 
0.316855 
0.319373 
0.327236 
0.327386 
0.323617 
0.321764 
0.309795 
0.313382 
0.311846 
0.325586 
0.308579 
0.318982 
0.302982 
0.302888 
0.299564 
0.323977 
0.328491 
0.333012 
0.314265 
0.310609 
0.297880 
0.299305 
0.308589 
0.321872 
0.328107 
0.313472 
0.328434 
0.317943 
0.328475 
0.328749 
0.341193 
0.326170 
0.343772 
0.323551 
0.342614 
0.329356 
0.326237 
0.313942 
0.299903 
0.266457 
0.218817 
0.208757 
0.213905 
0.229461 
0.272047 
0.247089 
0.203305 
0.180735 
0.225896 
0.257469 
0.249024 
0.203169 
0.182004 
0.225818 
0.248492 
0.211776 
0.186363 
0.197970 
0.203613 
0.179728 
0.170786 
0.182056 
0.171292 
0.155311 
0.156994 
0.165734 
0.162573 
0.170449 
0.174463 
0.167243 
0.166763 
0.170735 
0.168815 
0.156156 
0.145893 
0.133963 
0.133423 
0.135900 
0.128341 
0.110304 
0.084574 
0.063277 
0.052127 
0.039264 
0.035162 
0.032763 
0.040688 
0.035630 
0.032494 
0.029980 
0.027654 
0.028751 
0.026643 
0.025458 
0.024714 
0.023063 
0.021361 
0.021420 
0.022463 
0.019476 
0.017935 
0.016681 
0.018200 
0.018751 
0.021135 
0.020894 
0.019721 
0.017075 
0.014637 
0.012770 
0.009127 
0.006854 
0.005672 
0.003927 
0.004172 
0.004941 
0.006684 
0.007903 
0.007468 
0.007317 
0.009355 
0.011078 
0.009787 
0.008936 
0.007847 
0.005563 
0.004915 
0.004673 
0.005325 
0.004932 
0.005236 
0.004741 
0.005817 
0.006769 
0.006860 
0.006075 
0.004900 
0.003231 
0.004885 
0.006690 
0.007093 
0.007873 
0.008091 
0.009734 
0.011483 
0.016398 
0.026273 
0.036497 
0.044870 
0.067964 
0.078741 
0.095116 
0.114065 
0.141959 
0.169017 
0.191851 
0.218645 
0.233014 
0.270032 
0.281258 
0.293294 
0.304025 
0.304841 
0.313159 
0.311068 
0.309751 
0.307569 
0.300744 
0.297956 
0.292180 
0.283266 
0.272557 
0.268738 
0.265313 
0.242561 
0.234788 
0.239365 
0.232946 
0.235886 
0.247523 
0.252170 
0.279436 
0.304068 
0.310932 
0.304255 
0.310116 
0.287610 
0.285443 
0.269423 
0.248936 
0.222757 
0.200205 
0.195104 
0.205962 
0.216357 
0.221318 
0.224606 
0.233784 
0.233955 
0.234149 
0.235115 
0.224945 
0.219488 
0.234191 
0.229376 
0.217326 
0.212228 
0.208724 
0.207691 
0.195782 
0.193939 
0.183425 
0.183431 
0.187504 
0.183810 
0.189348 
0.190619 
0.181847 
0.178874 
0.181115 
0.183474 
0.175635 
0.170513 
0.164181 
0.161044 
0.160571 
0.158887 
0.156626 
0.157636 
0.158804 
0.166037 
0.167645 
0.169727 
0.184889 
0.199134 
0.208868 
0.205264 
0.203883 
0.206281 
0.216826 
0.227432 
0.240600 
0.244732 
0.246352 
0.242928 
0.247408 
0.254648 
0.267516 
0.265350 
0.264586 
0.270950 
0.262501 
0.250179 
0.241713 
0.233410 
0.225373 
0.214711 
0.200397 
0.174656 
0.148373 
0.151270 
0.153441 
0.155870 
0.138144 
0.134276 
0.137553 
0.129854 
0.116117 
0.106981 
0.110871 
0.110745 
0.106826 
0.098490 
0.095785 
0.100951 
0.093848 
0.082421 
0.068754 
0.051775 
0.039352 
0.029390 
0.029158 
0.031025 
0.022372 
0.017961 
0.015525 
0.017944 
0.018051 
0.014940 
0.011640 
0.009998 
0.011566 
0.010741 
0.010447 
0.009937 
0.010858 
0.011760 
0.011871 
0.009785 
0.008515 
0.007529 
0.007761 
0.007592 
0.007490 
0.007930 
0.007993 
0.008026 
0.008743 
0.008069 
0.006338 
0.004735 
0.003420 
0.002766 
0.002524 
0.002396 
0.002389 
0.002279 
0.002529 
0.003081 
0.003336 
0.003419 
0.003286 
0.002790 
0.002238 
0.001844 
0.001944 
0.002330 
0.002695 
0.002541 
0.002106 
0.001759 
0.001352 
0.000953 
0.000894 
0.002955 
0.004271 
0.020509 
0.050170 
0.079159 
0.078003 
0.063241 
0.055745 
0.040133 
0.031240 
0.026726 
0.020545 
0.014847 
0.016393 
0.017228 
0.018291 
0.044730 
0.101784 
0.162576 
0.193914 
0.228976 
0.260027 
0.288975 
0.315449 
0.334315 
0.350144 
0.355147 
0.347841 
0.344036 
0.342209 
0.348377 
0.348459 
0.332285 
0.320151 
0.315496 
0.309101 
0.296194 
0.283771 
0.273281 
0.276167 
0.276989 
0.278042 
0.278049 
0.264606 
0.258106 
0.240112 
0.230258 
0.216778 
0.199703 
0.190253 
0.190669 
0.181982 
0.174604 
0.167402 
0.158905 
0.163190 
0.157654 
0.146864 
0.144067 
0.139939 
0.134226 
0.143895 
0.147383 
0.144397 
0.149664 
0.151342 
0.147958 
0.156421 
0.163394 
0.169913 
0.169764 
0.168259 
0.176440 
0.188110 
0.201589 
0.209312 
0.205676 
0.200078 
0.192762 
0.201095 
0.198685 
0.189342 
0.173610 
0.150345 
0.118097 
0.087054 
0.063281 
0.045923 
0.034436 
0.024962 
0.018588 
0.015063 
0.013600 
0.012967 
0.012483 
0.017464 
0.021490 
0.035529 
0.037921 
0.037305 
0.030619 
0.030232 
0.037756 
0.039157 
0.046799 
0.053678 
0.059473 
0.068892 
0.071540 
0.065804 
0.060058 
0.063802 
0.072088 
0.080619 
0.083468 
0.096723 
0.098054 
0.108448 
0.122760 
0.126568 
0.120645 
0.108297 
0.096631 
0.101136 
0.092863 
0.096577 
0.079128 
0.103731 
0.095728 
0.102055 
0.092616 
0.124064 
0.138137 
0.141628 
0.151824 
0.154505 
0.150054 
0.178649 
0.178014 
0.181402 
0.173193 
0.176440 
0.166422 
0.165959 
0.153652 
0.129349 
0.128789 
0.116783 
0.113140 
0.102130 
0.096314 
0.100243 
0.090339 
0.104764 
0.097990 
0.083051 
0.088523 
0.080755 
0.079751 
0.096102 
0.080092 
0.089661 
0.092225 
0.077364 
0.083328 
0.067123 
0.071443 
0.086453 
0.073994 
0.072589 
0.082756 
0.072788 
0.072161 
0.082870 
0.069382 
0.061915 
0.088179 
0.094721 
0.076363 
0.063385 
0.054311 
0.047069 
0.035062 
0.036577 
0.038837 
0.029144 
0.025988 
0.035120 
0.033205 
0.025049 
0.020224 
0.015768 
0.023108 
0.021748 
0.014310 
0.011965 
0.010534 
0.008208 
0.007300 
0.009568 
0.009775 
0.011956 
0.008637 
0.006372 
0.004459 
0.005206 
0.006892 
0.006326 
0.005609 
0.003718 
0.003249 
0.003921 
0.002775 
0.002338 
0.002156 
0.002856 
0.003552 
0.002195 
0.002252 
0.002855 
0.002920 
0.003115 
0.002248 
0.001831 
0.001431 
0.001508 
0.001285 
0.001602 
0.001515 
0.000911 
0.001301 
0.001587 
0.001450 
0.001337 
0.001285 
0.001255 
0.001494 
0.001357 
0.001436 
0.000968 
0.000808 
0.001102 
0.001155 
0.001162 
0.001054 
0.001137 
0.000875 
0.000748 
0.000668 
0.000884 
0.000868 
0.000582 
0.000435 
0.000443 
0.000429 
0.000469 
0.000356 
0.000282 
0.000195 
0.000200 
0.000339 
0.000311 
0.000695 
0.000578 
0.000383 
0.000414 
0.000407 
0.000584 
0.000543 
0.000464 
0.000372 
0.000317 
0.000276 
0.000236 
0.000168 
0.000187 
0.000209 
0.000186 
0.000149 
0.000157 
0.000178 
0.000168 
0.000131 
0.000090 
0.000096 
0.000096 
0.000126 
0.000107 
0.000079 
0.000059 
0.000046 
0.000048 
0.000044 
0.000058 
0.000061 
0.000061 
0.000061 
0.000061 
0.000061 
0.000061 
0.000061 
0.000061 
0.000061 
0.000061 
0.000061 
0.000061 
0.000061 
0.000061 
0.000061 
0.000061 
0.000061 
0.000061 
0.000061 
0.000061 
0.000062 
0.000053 
0.000037 
0.000027 
0.000020 
0.000014 
0.000010 
0.000008 
0.000005 
0.000004 
0.000003 
0.000002 
0.000002 
0.000001 
0.000001 
0.000001 
0.000000 
0.000000 
