[ASCII 1000Hz, Channels: 1, Samples: 5508, Flags: 0]                          
0.000000 
0.000000 
0.000000 
0.000000 
0.000000 
0.000000 
0.000000 
0.000000 
0.000000 
0.000000 
0.000000 
0.000000 
0.000000 
0.000000 
0.000000 
0.000000 
0.000000 
0.000000 
0.000000 
0.000000 
0.000000 
0.000000 
0.000000 
0.000000 
0.000000 
0.000000 
0.000000 
0.000000 
0.000000 
0.000000 
0.000000 
0.000000 
0.000000 
0.000000 
0.000000 
0.000000 
0.000000 
0.000000 
0.000000 
0.000000 
0.000000 
0.000000 
0.000000 
0.000000 
0.000000 
0.000000 
0.000000 
0.000000 
0.000000 
0.000000 
0.000000 
0.000000 
0.000000 
0.000000 
0.000000 
0.000000 
0.000000 
0.000000 
0.000000 
0.000000 
0.000000 
0.000000 
0.000000 
0.000000 
0.000000 
0.000000 
0.000000 
0.000000 
0.000000 
0.000000 
0.000000 
0.000000 
0.000000 
-0.000000 
-0.000000 
0.000000 
-0.000000 
0.000000 
-0.000001 
0.000008 
0.000043 
0.000098 
0.000232 
0.000454 
0.000409 
0.000692 
0.001176 
0.001369 
0.001524 
0.002877 
0.006011 
0.006589 
0.006630 
0.005466 
0.004255 
0.003535 
0.008907 
0.012269 
0.009440 
0.009946 
0.009927 
0.007793 
0.008952 
0.012366 
0.016721 
0.020543 
0.017187 
0.023000 
0.021878 
0.021426 
0.025812 
0.021165 
0.016604 
0.024740 
0.026133 
0.021791 
0.015332 
0.018983 
0.026904 
0.030689 
0.042234 
0.051640 
0.050523 
0.048022 
0.045342 
0.039287 
0.055912 
0.056149 
0.059466 
0.072393 
0.078690 
0.124552 
0.125776 
0.094888 
0.121954 
0.111712 
0.097324 
0.129405 
0.131112 
0.122335 
0.146660 
0.141123 
0.126071 
0.127552 
0.131123 
0.111703 
0.107385 
0.142831 
0.148395 
0.151809 
0.151561 
0.127238 
0.126528 
0.140489 
0.114503 
0.127649 
0.143057 
0.109018 
0.127622 
0.134902 
0.106507 
0.116599 
0.112292 
0.103679 
0.097623 
0.077629 
0.053658 
0.047515 
0.052989 
0.035230 
0.035153 
0.095478 
0.082553 
0.056212 
0.050684 
0.039150 
0.027770 
0.020749 
0.016061 
0.014884 
0.019084 
0.015684 
0.010358 
0.020349 
0.020900 
0.013530 
0.015436 
0.013865 
0.010434 
0.009774 
0.008909 
0.008214 
0.009649 
0.009291 
0.006111 
0.009191 
0.009285 
0.006047 
0.005976 
0.009335 
0.009100 
0.006194 
0.004633 
0.003339 
0.002341 
0.003614 
0.004562 
0.004949 
0.005065 
0.004209 
0.002914 
0.002163 
0.001552 
0.001129 
0.000818 
0.000594 
0.000427 
0.000313 
0.000294 
0.000426 
0.004051 
0.005063 
0.023993 
0.070475 
0.089838 
0.121729 
0.108644 
0.100126 
0.099497 
0.075982 
0.058793 
0.054883 
0.053744 
0.048590 
0.101974 
0.154143 
0.115468 
0.147064 
0.171041 
0.134029 
0.171915 
0.162692 
0.133233 
0.177606 
0.159645 
0.165745 
0.179120 
0.143313 
0.168532 
0.176131 
0.163784 
0.191495 
0.180729 
0.164678 
0.178780 
0.161306 
0.172419 
0.168210 
0.143103 
0.160858 
0.163461 
0.153657 
0.176468 
0.159556 
0.142531 
0.153270 
0.134195 
0.140274 
0.131298 
0.132801 
0.141317 
0.119240 
0.124275 
0.124936 
0.100851 
0.129133 
0.141118 
0.118338 
0.135725 
0.127393 
0.111136 
0.141137 
0.146446 
0.133566 
0.134447 
0.136675 
0.149842 
0.149525 
0.132103 
0.143253 
0.120345 
0.125254 
0.130124 
0.111229 
0.114420 
0.112392 
0.108866 
0.129285 
0.134230 
0.153177 
0.162008 
0.140127 
0.138429 
0.108588 
0.098983 
0.092621 
0.093705 
0.097167 
0.109078 
0.105921 
0.088088 
0.137258 
0.129133 
0.112390 
0.118445 
0.136295 
0.122708 
0.110094 
0.094482 
0.133496 
0.165326 
0.173615 
0.143147 
0.122683 
0.111055 
0.108349 
0.087894 
0.093913 
0.117901 
0.124775 
0.136342 
0.110066 
0.139146 
0.141055 
0.110518 
0.091125 
0.144032 
0.166794 
0.140173 
0.124596 
0.126778 
0.124060 
0.130022 
0.108295 
0.087229 
0.089497 
0.091797 
0.107677 
0.117407 
0.112850 
0.113647 
0.111823 
0.108989 
0.115616 
0.101764 
0.113237 
0.105652 
0.101808 
0.097420 
0.098905 
0.103562 
0.107297 
0.089341 
0.118225 
0.102691 
0.087549 
0.095332 
0.078315 
0.075650 
0.091918 
0.077468 
0.065311 
0.085856 
0.096994 
0.087345 
0.078477 
0.076325 
0.066422 
0.063208 
0.051557 
0.042810 
0.032655 
0.047695 
0.095901 
0.069768 
0.060476 
0.065820 
0.048229 
0.070271 
0.060623 
0.060980 
0.103964 
0.077656 
0.079950 
0.098818 
0.070653 
0.093300 
0.090040 
0.073874 
0.113646 
0.093488 
0.101261 
0.121170 
0.086721 
0.112489 
0.100324 
0.088499 
0.118656 
0.083096 
0.108333 
0.112626 
0.085529 
0.124742 
0.095071 
0.094769 
0.122991 
0.084923 
0.106822 
0.100738 
0.081110 
0.127504 
0.096618 
0.102393 
0.118588 
0.082503 
0.123383 
0.108973 
0.095355 
0.134378 
0.097364 
0.109821 
0.121934 
0.097311 
0.125000 
0.092927 
0.101747 
0.131198 
0.135907 
0.178537 
0.200974 
0.221034 
0.225149 
0.237232 
0.229454 
0.226017 
0.234736 
0.230687 
0.239692 
0.202783 
0.203370 
0.220473 
0.202781 
0.219242 
0.229382 
0.219432 
0.224426 
0.229413 
0.231601 
0.225654 
0.228358 
0.241619 
0.226229 
0.242344 
0.240137 
0.236291 
0.245207 
0.239569 
0.257394 
0.249749 
0.255248 
0.250419 
0.244412 
0.249772 
0.241505 
0.248609 
0.235898 
0.242829 
0.231599 
0.233628 
0.239732 
0.222250 
0.236135 
0.211020 
0.242155 
0.238663 
0.238823 
0.226787 
0.221671 
0.227043 
0.220249 
0.228295 
0.216960 
0.241926 
0.214824 
0.223389 
0.209663 
0.229311 
0.216072 
0.213851 
0.196788 
0.194038 
0.199984 
0.199700 
0.211655 
0.209748 
0.197636 
0.187916 
0.176016 
0.180103 
0.174984 
0.197848 
0.187700 
0.181128 
0.181596 
0.181367 
0.186268 
0.195732 
0.197045 
0.185494 
0.184416 
0.169539 
0.155625 
0.153757 
0.159837 
0.148258 
0.148875 
0.143084 
0.141980 
0.126216 
0.120190 
0.104637 
0.085880 
0.084698 
0.086583 
0.081632 
0.082350 
0.086660 
0.074403 
0.084586 
0.086804 
0.081147 
0.081554 
0.074409 
0.069269 
0.065937 
0.063566 
0.059116 
0.065675 
0.059914 
0.068669 
0.059495 
0.053423 
0.045521 
0.047419 
0.051633 
0.058238 
0.057170 
0.063394 
0.057207 
0.066982 
0.063901 
0.074152 
0.075491 
0.057126 
0.048590 
0.046265 
0.061382 
0.056256 
0.045345 
0.047473 
0.047900 
0.041584 
0.048939 
0.042859 
0.036856 
0.036337 
0.035042 
0.025866 
0.021042 
0.026667 
0.028195 
0.025098 
0.022572 
0.021430 
0.020823 
0.019570 
0.016206 
0.014200 
0.012891 
0.011445 
0.009489 
0.008275 
0.006495 
0.004795 
0.003700 
0.004650 
0.004327 
0.002856 
0.002639 
0.003800 
0.003070 
0.002462 
0.002097 
0.001772 
0.002235 
0.001880 
0.001842 
0.001611 
0.002428 
0.002181 
0.001738 
0.001423 
0.001328 
0.001273 
0.001075 
0.001085 
0.000974 
0.001398 
0.002079 
0.002438 
0.002857 
0.002450 
0.002302 
0.003498 
0.003790 
0.005248 
0.004701 
0.004580 
0.005265 
0.005572 
0.005977 
0.006950 
0.009443 
0.009569 
0.008919 
0.010311 
0.010740 
0.010102 
0.008220 
0.006690 
0.006696 
0.007491 
0.006157 
0.006073 
0.006836 
0.006528 
0.007809 
0.008880 
0.009600 
0.009306 
0.010379 
0.011985 
0.011642 
0.012256 
0.012904 
0.017743 
0.016351 
0.012191 
0.011142 
0.010158 
0.008126 
0.012392 
0.015606 
0.017181 
0.016875 
0.014107 
0.018446 
0.017452 
0.013807 
0.013167 
0.011881 
0.011690 
0.013540 
0.015564 
0.012880 
0.011869 
0.013049 
0.014720 
0.015034 
0.012979 
0.015155 
0.012409 
0.012343 
0.011735 
0.015426 
0.016005 
0.014990 
0.015057 
0.014627 
0.012453 
0.010218 
0.011677 
0.010667 
0.011294 
0.011894 
0.012007 
0.013906 
0.014819 
0.015056 
0.015242 
0.013518 
0.010111 
0.011821 
0.013912 
0.013236 
0.013735 
0.012883 
0.012411 
0.012533 
0.010737 
0.010091 
0.012853 
0.013609 
0.012705 
0.010494 
0.008741 
0.012819 
0.019732 
0.017699 
0.016347 
0.013322 
0.013426 
0.014148 
0.012435 
0.010090 
0.010756 
0.010473 
0.010000 
0.011756 
0.009424 
0.009862 
0.011227 
0.011731 
0.010940 
0.010605 
0.008736 
0.009311 
0.010543 
0.009480 
0.009013 
0.010255 
0.008926 
0.008614 
0.008565 
0.008009 
0.009887 
0.010016 
0.007775 
0.007087 
0.010155 
0.011010 
0.008505 
0.010978 
0.009843 
0.008153 
0.008205 
0.007104 
0.006421 
0.006256 
0.005512 
0.007413 
0.007386 
0.005114 
0.004751 
0.005476 
0.008017 
0.007405 
0.005532 
0.005978 
0.004630 
0.004969 
0.005608 
0.005625 
0.005449 
0.004384 
0.004575 
0.004703 
0.004447 
0.003859 
0.003209 
0.003026 
0.002660 
0.002460 
0.003002 
0.002101 
0.002328 
0.002668 
0.002611 
0.002583 
0.002210 
0.002433 
0.002353 
0.002001 
0.001463 
0.001832 
0.001990 
0.001427 
0.001151 
0.001520 
0.001442 
0.001122 
0.000823 
0.000961 
0.001204 
0.001405 
0.001176 
0.000841 
0.000721 
0.001000 
0.000955 
0.000754 
0.000672 
0.000654 
0.000841 
0.000867 
0.000712 
0.000543 
0.000392 
0.000279 
0.000274 
0.000277 
0.000220 
0.000191 
0.000152 
0.000157 
0.000172 
0.000160 
0.000216 
0.000340 
0.000376 
0.000277 
0.000204 
0.000144 
0.000161 
0.000190 
0.000132 
0.000098 
0.000070 
0.000080 
0.000065 
0.000050 
0.000055 
0.000044 
0.000031 
0.000026 
0.000028 
0.000030 
0.000028 
0.000027 
0.000023 
0.000020 
0.000016 
0.000014 
0.000010 
0.000009 
0.000010 
0.000010 
0.000016 
0.000016 
0.000014 
0.000015 
0.000013 
0.000012 
0.000014 
0.000015 
0.000015 
0.000014 
0.000012 
0.000014 
0.000017 
0.000017 
0.000017 
0.000016 
0.000016 
0.000014 
0.000010 
0.000012 
0.000017 
0.000016 
0.000015 
0.000017 
0.000014 
0.000016 
0.000018 
0.000017 
0.000017 
0.000016 
0.000017 
0.000016 
0.000019 
0.000021 
0.000016 
0.000014 
0.000018 
0.000018 
0.000014 
0.000018 
0.000019 
0.000017 
0.000015 
0.000015 
0.000019 
0.000020 
0.000019 
0.000017 
0.000018 
0.000020 
0.000015 
0.000015 
0.000017 
0.000013 
0.000017 
0.000016 
0.000017 
0.000020 
0.000016 
0.000018 
0.000020 
0.000016 
0.000014 
0.000017 
0.000019 
0.000018 
0.000020 
0.000018 
0.000019 
0.000017 
0.000014 
0.000017 
0.000017 
0.000016 
0.000013 
0.000011 
0.000008 
0.000007 
0.000006 
0.000009 
0.000014 
0.000014 
0.000012 
0.000008 
0.000010 
0.000018 
0.000017 
0.000013 
0.000012 
0.000016 
0.000013 
0.000011 
0.000016 
0.000018 
0.000019 
0.000018 
0.000016 
0.000014 
0.000013 
0.000015 
0.000013 
0.000014 
0.000016 
0.000016 
0.000014 
0.000017 
0.000018 
0.000016 
0.000020 
0.000022 
0.000021 
0.000017 
0.000014 
0.000016 
0.000014 
0.000014 
0.000014 
0.000015 
0.000016 
0.000020 
0.000020 
0.000018 
0.000019 
0.000015 
0.000014 
0.000013 
0.000016 
0.000015 
0.000015 
0.000016 
0.000015 
0.000019 
0.000021 
0.000017 
0.000015 
0.000018 
0.000020 
0.000018 
0.000020 
0.000019 
0.000017 
0.000018 
0.000020 
0.000019 
0.000014 
0.000015 
0.000018 
0.000018 
0.000018 
0.000019 
0.000018 
0.000018 
0.000016 
0.000014 
0.000015 
0.000018 
0.000018 
0.000017 
0.000016 
0.000015 
0.000015 
0.000017 
0.000016 
0.000016 
0.000013 
0.000009 
0.000011 
0.000014 
0.000015 
0.000013 
0.000014 
0.000017 
0.000015 
0.000016 
0.000014 
0.000009 
0.000009 
0.000012 
0.000011 
0.000013 
0.000017 
0.000016 
0.000015 
0.000015 
0.000015 
0.000015 
0.000011 
0.000012 
0.000015 
0.000017 
0.000018 
0.000019 
0.000020 
0.000020 
0.000021 
0.000017 
0.000016 
0.000020 
0.000018 
0.000017 
0.000016 
0.000011 
0.000013 
0.000012 
0.000011 
0.000010 
0.000008 
0.000009 
0.000013 
0.000011 
0.000013 
0.000015 
0.000018 
0.000018 
0.000019 
0.000018 
0.000015 
0.000016 
0.000016 
0.000012 
0.000014 
0.000021 
0.000019 
0.000017 
0.000015 
0.000016 
0.000023 
0.000019 
0.000017 
0.000016 
0.000013 
0.000020 
0.000022 
0.000019 
0.000019 
0.000017 
0.000017 
0.000016 
0.000015 
0.000015 
0.000013 
0.000017 
0.000019 
0.000016 
0.000015 
0.000013 
0.000010 
0.000017 
0.000016 
0.000018 
0.000019 
0.000015 
0.000013 
0.000013 
0.000016 
0.000017 
0.000015 
0.000014 
0.000015 
0.000015 
0.000012 
0.000013 
0.000017 
0.000014 
0.000015 
0.000013 
0.000012 
0.000012 
0.000011 
0.000017 
0.000018 
0.000026 
0.000016 
0.000065 
0.000097 
0.002160 
0.006545 
0.009413 
0.011244 
0.025850 
0.028326 
0.022653 
0.019935 
0.047864 
0.065370 
0.069492 
0.066904 
0.072657 
0.066744 
0.057433 
0.051522 
0.050230 
0.057976 
0.053934 
0.054044 
0.053637 
0.068452 
0.081898 
0.078220 
0.096089 
0.102911 
0.077259 
0.087242 
0.099488 
0.104282 
0.098941 
0.101824 
0.119044 
0.117295 
0.119885 
0.119277 
0.112718 
0.129993 
0.115182 
0.100234 
0.110958 
0.115481 
0.115160 
0.109677 
0.104020 
0.112772 
0.102999 
0.091866 
0.093849 
0.092379 
0.121671 
0.131755 
0.094961 
0.096590 
0.089768 
0.122954 
0.115523 
0.112986 
0.109648 
0.121888 
0.125528 
0.123675 
0.157630 
0.128999 
0.165546 
0.125256 
0.195124 
0.173627 
0.180473 
0.201679 
0.168186 
0.207119 
0.156984 
0.227499 
0.180801 
0.233338 
0.203824 
0.217796 
0.227973 
0.195063 
0.229132 
0.180689 
0.228877 
0.179032 
0.264984 
0.219497 
0.223705 
0.199519 
0.194767 
0.200400 
0.187641 
0.235183 
0.189539 
0.238915 
0.183799 
0.234055 
0.189150 
0.212784 
0.190934 
0.204314 
0.218117 
0.182624 
0.198569 
0.173968 
0.230313 
0.184059 
0.223160 
0.185419 
0.211399 
0.204719 
0.209017 
0.205694 
0.195720 
0.200371 
0.164254 
0.203508 
0.158173 
0.172547 
0.138440 
0.196780 
0.163046 
0.191938 
0.175333 
0.175201 
0.171626 
0.160424 
0.171075 
0.149334 
0.171251 
0.133695 
0.148133 
0.125096 
0.161276 
0.129999 
0.165409 
0.143768 
0.162723 
0.138900 
0.146906 
0.129186 
0.138359 
0.127578 
0.129597 
0.129422 
0.124177 
0.122819 
0.115860 
0.125179 
0.102863 
0.099247 
0.087123 
0.090190 
0.073815 
0.080439 
0.061301 
0.060789 
0.044754 
0.054413 
0.054218 
0.052890 
0.044465 
0.053323 
0.055120 
0.042907 
0.044291 
0.040592 
0.049636 
0.037785 
0.048963 
0.041342 
0.040390 
0.032707 
0.033871 
0.033058 
0.027721 
0.026078 
0.025574 
0.028484 
0.023392 
0.026233 
0.021207 
0.022248 
0.018305 
0.022597 
0.017912 
0.020972 
0.017167 
0.016756 
0.014310 
0.014662 
0.013361 
0.015734 
0.014387 
0.013359 
0.013749 
0.011753 
0.012793 
0.010978 
0.013288 
0.011157 
0.012753 
0.009922 
0.010640 
0.008748 
0.010478 
0.009132 
0.008899 
0.007878 
0.008673 
0.007642 
0.007590 
0.007147 
0.008141 
0.009336 
0.007424 
0.007486 
0.008294 
0.008784 
0.007623 
0.009006 
0.010626 
0.018653 
0.031448 
0.032481 
0.030434 
0.029862 
0.030955 
0.037709 
0.041002 
0.036429 
0.042703 
0.043146 
0.037989 
0.031452 
0.030537 
0.031773 
0.029930 
0.030020 
0.032530 
0.034136 
0.039229 
0.034852 
0.034549 
0.052862 
0.061240 
0.108943 
0.123049 
0.154554 
0.174385 
0.212218 
0.229125 
0.233230 
0.260733 
0.262506 
0.274717 
0.274681 
0.276345 
0.259105 
0.279190 
0.275504 
0.285693 
0.302065 
0.284559 
0.260366 
0.279499 
0.285269 
0.297091 
0.295543 
0.281302 
0.296144 
0.299815 
0.294940 
0.280738 
0.291626 
0.287842 
0.278971 
0.300795 
0.287877 
0.290813 
0.321689 
0.289732 
0.295775 
0.303472 
0.282147 
0.274293 
0.266437 
0.277724 
0.250501 
0.253579 
0.242668 
0.238347 
0.239478 
0.239734 
0.254618 
0.232752 
0.253115 
0.243767 
0.255969 
0.246284 
0.242897 
0.226310 
0.225756 
0.245597 
0.226729 
0.240645 
0.208593 
0.191508 
0.189645 
0.178797 
0.192056 
0.215449 
0.210001 
0.206915 
0.183512 
0.174935 
0.174901 
0.177542 
0.187929 
0.190199 
0.173020 
0.183233 
0.192767 
0.196640 
0.181005 
0.192956 
0.191446 
0.192447 
0.168416 
0.181014 
0.167460 
0.171769 
0.168582 
0.169312 
0.161191 
0.157817 
0.174252 
0.164145 
0.158974 
0.167655 
0.175660 
0.160542 
0.165791 
0.169883 
0.170057 
0.170824 
0.169956 
0.168286 
0.163083 
0.132389 
0.100549 
0.081940 
0.067999 
0.061832 
0.045226 
0.033828 
0.024792 
0.025267 
0.019616 
0.019334 
0.018500 
0.017286 
0.015239 
0.012593 
0.010796 
0.011197 
0.012656 
0.010120 
0.010042 
0.008576 
0.009984 
0.008804 
0.009376 
0.008077 
0.007578 
0.007044 
0.006500 
0.006484 
0.005013 
0.003727 
0.003096 
0.003421 
0.003667 
0.004008 
0.003377 
0.004067 
0.003336 
0.004353 
0.004020 
0.003077 
0.002982 
0.002912 
0.002775 
0.002702 
0.003011 
0.002594 
0.001926 
0.001785 
0.002845 
0.002358 
0.003294 
0.002729 
0.002473 
0.002634 
0.002772 
0.002491 
0.003248 
0.002372 
0.001667 
0.002123 
0.001976 
0.001290 
0.001189 
0.001763 
0.001351 
0.000957 
0.000705 
0.000507 
0.000368 
0.000267 
0.000195 
0.000135 
0.000116 
0.000068 
0.000286 
0.002057 
0.000860 
0.011375 
0.030274 
0.032627 
0.035705 
0.026641 
0.027056 
0.033311 
0.029235 
0.021115 
0.015960 
0.013526 
0.011411 
0.017144 
0.020094 
0.035458 
0.041919 
0.064551 
0.081487 
0.090041 
0.114261 
0.114401 
0.145490 
0.133089 
0.162483 
0.146199 
0.185138 
0.159047 
0.188995 
0.164332 
0.204849 
0.178547 
0.216104 
0.186821 
0.220424 
0.189600 
0.225706 
0.195628 
0.229272 
0.204333 
0.229745 
0.209987 
0.227865 
0.226946 
0.223690 
0.245214 
0.219782 
0.255409 
0.209343 
0.263490 
0.205617 
0.256997 
0.205112 
0.250825 
0.220107 
0.231258 
0.246375 
0.214004 
0.251619 
0.197361 
0.246271 
0.204108 
0.250344 
0.223704 
0.223864 
0.212589 
0.195415 
0.179044 
0.192279 
0.155448 
0.178118 
0.167473 
0.142904 
0.163464 
0.133682 
0.151918 
0.120288 
0.119547 
0.131474 
0.121060 
0.127551 
0.104641 
0.106394 
0.112961 
0.113192 
0.118279 
0.089711 
0.094651 
0.094826 
0.084959 
0.112316 
0.099158 
0.083486 
0.106132 
0.099486 
0.073306 
0.095311 
0.075077 
0.076115 
0.077481 
0.064849 
0.070194 
0.055772 
0.040516 
0.034857 
0.029808 
0.024232 
0.030227 
0.033735 
0.032611 
0.025708 
0.027151 
0.041251 
0.043641 
0.044171 
0.061510 
0.067741 
0.067119 
0.086040 
0.078541 
0.066424 
0.078389 
0.069827 
0.067412 
0.094064 
0.091583 
0.105360 
0.119335 
0.092285 
0.078527 
0.119815 
0.118106 
0.141465 
0.176989 
0.145364 
0.134654 
0.161350 
0.132979 
0.153420 
0.163160 
0.127437 
0.132899 
0.144758 
0.114584 
0.140396 
0.160157 
0.125785 
0.129575 
0.120127 
0.087624 
0.076311 
0.077823 
0.059311 
0.053878 
0.082010 
0.074421 
0.074214 
0.090492 
0.075094 
0.067957 
0.074608 
0.059701 
0.038972 
0.054648 
0.089682 
0.056373 
0.063450 
0.120902 
0.088288 
0.069460 
0.083692 
0.062439 
0.051559 
0.090441 
0.084914 
0.056053 
0.095490 
0.110742 
0.075069 
0.083862 
0.088669 
0.062190 
0.064841 
0.068485 
0.046544 
0.062824 
0.092267 
0.072783 
0.058645 
0.080666 
0.079388 
0.050248 
0.073472 
0.092841 
0.062640 
0.067292 
0.073251 
0.048728 
0.050201 
0.072860 
0.063641 
0.061751 
0.085673 
0.078735 
0.054094 
0.056001 
0.075525 
0.057000 
0.046911 
0.075514 
0.079443 
0.053227 
0.060495 
0.079788 
0.068720 
0.060756 
0.076820 
0.067658 
0.048114 
0.066421 
0.105693 
0.094181 
0.063639 
0.067833 
0.078849 
0.053396 
0.078045 
0.111199 
0.093380 
0.065570 
0.061695 
0.099999 
0.077177 
0.077038 
0.097164 
0.078921 
0.060652 
0.091498 
0.102261 
0.078879 
0.066468 
0.086918 
0.086839 
0.063384 
0.049706 
0.060092 
0.065891 
0.048046 
0.052250 
0.077139 
0.074122 
0.058283 
0.082249 
0.093750 
0.061521 
0.063589 
0.065273 
0.052921 
0.039763 
0.044232 
0.062572 
0.047544 
0.044319 
0.064547 
0.062351 
0.041961 
0.050556 
0.059381 
0.046263 
0.034379 
0.044940 
0.055372 
0.041648 
0.033866 
0.052477 
0.057560 
0.040176 
0.040215 
0.061789 
0.062052 
0.042319 
0.044708 
0.058436 
0.050382 
0.034469 
0.044360 
0.061755 
0.047349 
0.034028 
0.050036 
0.062504 
0.042453 
0.034677 
0.056694 
0.050572 
0.032573 
0.034216 
0.055918 
0.044723 
0.029854 
0.037427 
0.046457 
0.032981 
0.023371 
0.029947 
0.029641 
0.019602 
0.016372 
0.025483 
0.023452 
0.015591 
0.014461 
0.023053 
0.020235 
0.014801 
0.011240 
0.011902 
0.012565 
0.009797 
0.007002 
0.009052 
0.013602 
0.012655 
0.009507 
0.011555 
0.015099 
0.012107 
0.009317 
0.010752 
0.013346 
0.013026 
0.012958 
0.014757 
0.015486 
0.015827 
0.016485 
0.018709 
0.017125 
0.016598 
0.016908 
0.019343 
0.021681 
0.018745 
0.014819 
0.013095 
0.015882 
0.019028 
0.018896 
0.016103 
0.013686 
0.010245 
0.027923 
0.035476 
0.024591 
0.050416 
0.070607 
0.046036 
0.077407 
0.101950 
0.067449 
0.080035 
0.115870 
0.088579 
0.107382 
0.140709 
0.110288 
0.136250 
0.136805 
0.108802 
0.135205 
0.117277 
0.135285 
0.166715 
0.137224 
0.187826 
0.190185 
0.145349 
0.178669 
0.172453 
0.171666 
0.205615 
0.179482 
0.210412 
0.205787 
0.186981 
0.229293 
0.200520 
0.212442 
0.201831 
0.183601 
0.216771 
0.185468 
0.222414 
0.211107 
0.213912 
0.243531 
0.213096 
0.254753 
0.240918 
0.236466 
0.243106 
0.245592 
0.245106 
0.233871 
0.224951 
0.227823 
0.221491 
0.225082 
0.231528 
0.201167 
0.231240 
0.207102 
0.220970 
0.215574 
0.225970 
0.223080 
0.212304 
0.222007 
0.212592 
0.222511 
0.194503 
0.201670 
0.183303 
0.180834 
0.169611 
0.153823 
0.156397 
0.131556 
0.129642 
0.098042 
0.102338 
0.091480 
0.078189 
0.070889 
0.057418 
0.058348 
0.041219 
0.034782 
0.026963 
0.020321 
0.020806 
0.018634 
0.017192 
0.014162 
0.014247 
0.011661 
0.012635 
0.010688 
0.014201 
0.012641 
0.012760 
0.011461 
0.010197 
0.012671 
0.012682 
0.010526 
0.012362 
0.010094 
0.012200 
0.009993 
0.008533 
0.007477 
0.007527 
0.009012 
0.007788 
0.007702 
0.008112 
0.007673 
0.008264 
0.012677 
0.014049 
0.016459 
0.015605 
0.013193 
0.011765 
0.012835 
0.015076 
0.015881 
0.016580 
0.017540 
0.023010 
0.025125 
0.019033 
0.023471 
0.023089 
0.026698 
0.028006 
0.025147 
0.032633 
0.032314 
0.029771 
0.032694 
0.041477 
0.045688 
0.048240 
0.042106 
0.042454 
0.041354 
0.049881 
0.050394 
0.054122 
0.051944 
0.044082 
0.035742 
0.032221 
0.029066 
0.022846 
0.019758 
0.028157 
0.029102 
0.038958 
0.057503 
0.073267 
0.082918 
0.124420 
0.135601 
0.176133 
0.184488 
0.223393 
0.230030 
0.229441 
0.229282 
0.229051 
0.221647 
0.219336 
0.208999 
0.208204 
0.201327 
0.203776 
0.197718 
0.196280 
0.193580 
0.202712 
0.191386 
0.203420 
0.194865 
0.181626 
0.206905 
0.218070 
0.218683 
0.220669 
0.226589 
0.234170 
0.244592 
0.236903 
0.250082 
0.244064 
0.227526 
0.213670 
0.239043 
0.237357 
0.243107 
0.251228 
0.240630 
0.246232 
0.244532 
0.263487 
0.256540 
0.272959 
0.251229 
0.242552 
0.208394 
0.222931 
0.190387 
0.175648 
0.144172 
0.102621 
0.078177 
0.054806 
0.044269 
0.044144 
0.034339 
0.037465 
0.027880 
0.031531 
0.029569 
0.031747 
0.031267 
0.025113 
0.027397 
0.021704 
0.029724 
0.026201 
0.029324 
0.029871 
0.065063 
0.053334 
0.066825 
0.069082 
0.092803 
0.111257 
0.131071 
0.172431 
0.197578 
0.213124 
0.244278 
0.252472 
0.268473 
0.272134 
0.276529 
0.276791 
0.289624 
0.294886 
0.323153 
0.325497 
0.320707 
0.284897 
0.281678 
0.289289 
0.324163 
0.315880 
0.334646 
0.302524 
0.329155 
0.293532 
0.293355 
0.269421 
0.299387 
0.290020 
0.296591 
0.274577 
0.262299 
0.256775 
0.258792 
0.251079 
0.226057 
0.228468 
0.210963 
0.238419 
0.223754 
0.238339 
0.227867 
0.252364 
0.266654 
0.270231 
0.280300 
0.288202 
0.304186 
0.300989 
0.299491 
0.289636 
0.309857 
0.297651 
0.293759 
0.287327 
0.288428 
0.300292 
0.285759 
0.278011 
0.256354 
0.287569 
0.282716 
0.285566 
0.297466 
0.286650 
0.295155 
0.270403 
0.292518 
0.277141 
0.290172 
0.309502 
0.291748 
0.309461 
0.276688 
0.283255 
0.282758 
0.271946 
0.272276 
0.240031 
0.268201 
0.257136 
0.252036 
0.274951 
0.265089 
0.260434 
0.262159 
0.258761 
0.262095 
0.242586 
0.226606 
0.215377 
0.194942 
0.188607 
0.186432 
0.159911 
0.149835 
0.137632 
0.153095 
0.161611 
0.141563 
0.151843 
0.144149 
0.133372 
0.143348 
0.132349 
0.119931 
0.121061 
0.106404 
0.097717 
0.104200 
0.105901 
0.105812 
0.108875 
0.094647 
0.098100 
0.103820 
0.097206 
0.105704 
0.098471 
0.097277 
0.091179 
0.081746 
0.088421 
0.096114 
0.091659 
0.094243 
0.089479 
0.082596 
0.087122 
0.089220 
0.081320 
0.083754 
0.084737 
0.068390 
0.056932 
0.072429 
0.067272 
0.056726 
0.072527 
0.061421 
0.043589 
0.074250 
0.074749 
0.045886 
0.057857 
0.066991 
0.043021 
0.041593 
0.072023 
0.058909 
0.037918 
0.046594 
0.060027 
0.041403 
0.030137 
0.052969 
0.051029 
0.032491 
0.030679 
0.058355 
0.050262 
0.030229 
0.043465 
0.074367 
0.054250 
0.034774 
0.066768 
0.085655 
0.056674 
0.043062 
0.080787 
0.079542 
0.051022 
0.046776 
0.086979 
0.073959 
0.046332 
0.056659 
0.086330 
0.063002 
0.040690 
0.063209 
0.085689 
0.058955 
0.040164 
0.072373 
0.084217 
0.055298 
0.043027 
0.082543 
0.080160 
0.051263 
0.048361 
0.087434 
0.073387 
0.046548 
0.055377 
0.088154 
0.066170 
0.042554 
0.063660 
0.086859 
0.060135 
0.041090 
0.071838 
0.083653 
0.055372 
0.042503 
0.080460 
0.079221 
0.050981 
0.046313 
0.085973 
0.073733 
0.046811 
0.052519 
0.089218 
0.068851 
0.044030 
0.060486 
0.088371 
0.062896 
0.041838 
0.069526 
0.084979 
0.056809 
0.042243 
0.077342 
0.078184 
0.050009 
0.045837 
0.080718 
0.068149 
0.042983 
0.051654 
0.083276 
0.062183 
0.040215 
0.059846 
0.080354 
0.055300 
0.038696 
0.067288 
0.073079 
0.047505 
0.039322 
0.072497 
0.066268 
0.041969 
0.044329 
0.075013 
0.059285 
0.037503 
0.052177 
0.075630 
0.053502 
0.035943 
0.058847 
0.071682 
0.047791 
0.036461 
0.065538 
0.064754 
0.041321 
0.040125 
0.071615 
0.059823 
0.037478 
0.049431 
0.071181 
0.049612 
0.035166 
0.062971 
0.067745 
0.041893 
0.045412 
0.080527 
0.064271 
0.041701 
0.067522 
0.081984 
0.051991 
0.051538 
0.081469 
0.062840 
0.042075 
0.076945 
0.086699 
0.053301 
0.062339 
0.096307 
0.072378 
0.054441 
0.092373 
0.090114 
0.057367 
0.078541 
0.102074 
0.071112 
0.064340 
0.101440 
0.088793 
0.058023 
0.087861 
0.105357 
0.067869 
0.080019 
0.111867 
0.077551 
0.073523 
0.108237 
0.080102 
0.067613 
0.112696 
0.094735 
0.072621 
0.112104 
0.097974 
0.065171 
0.109976 
0.113274 
0.075527 
0.118059 
0.117861 
0.081606 
0.110931 
0.112818 
0.074715 
0.104201 
0.118722 
0.077245 
0.096411 
0.119280 
0.090305 
0.095722 
0.117688 
0.092799 
0.099657 
0.119235 
0.095879 
0.101321 
0.118776 
0.091442 
0.094328 
0.112364 
0.100941 
0.107984 
0.124438 
0.099915 
0.111410 
0.127825 
0.102189 
0.114293 
0.129829 
0.109869 
0.118075 
0.119686 
0.098824 
0.131500 
0.123240 
0.104267 
0.130166 
0.120131 
0.119622 
0.139444 
0.109421 
0.129083 
0.147082 
0.112144 
0.136925 
0.129597 
0.099001 
0.136829 
0.108286 
0.092001 
0.112373 
0.078700 
0.091319 
0.092419 
0.065449 
0.075952 
0.062025 
0.044574 
0.041812 
0.029190 
0.025790 
0.039928 
0.029210 
0.024125 
0.036447 
0.026973 
0.022446 
0.035876 
0.027500 
0.021480 
0.028606 
0.021922 
0.016344 
0.022648 
0.018270 
0.013514 
0.017194 
0.013017 
0.010447 
0.011997 
0.008076 
0.009712 
0.010109 
0.006980 
0.009961 
0.007821 
0.006882 
0.014967 
0.012459 
0.011806 
0.011522 
0.008891 
0.032216 
0.030502 
0.020161 
0.016660 
0.010505 
0.021914 
0.026177 
0.026004 
0.033107 
0.024481 
0.052607 
0.065315 
0.080566 
0.076657 
0.137595 
0.188408 
0.158997 
0.230642 
0.181476 
0.217147 
0.235690 
0.199442 
0.242109 
0.208905 
0.239552 
0.211904 
0.212560 
0.239463 
0.192724 
0.236731 
0.203798 
0.220518 
0.224089 
0.206704 
0.224793 
0.191370 
0.224826 
0.191610 
0.200993 
0.216730 
0.190087 
0.210841 
0.175671 
0.187604 
0.169862 
0.166811 
0.170415 
0.143101 
0.144210 
0.127920 
0.111059 
0.104713 
0.084074 
0.060132 
0.047471 
0.033111 
0.029043 
0.031865 
0.020982 
0.031882 
0.035338 
0.023147 
0.021671 
0.028701 
0.028836 
0.019698 
0.027867 
0.026396 
0.018886 
0.016838 
0.012838 
0.012903 
0.009225 
0.008227 
0.009303 
0.006337 
0.006950 
0.007095 
0.005647 
0.008534 
0.006518 
0.005599 
0.005546 
0.003892 
0.003078 
0.002482 
0.002681 
0.001929 
0.002675 
0.002673 
0.002019 
0.004077 
0.003510 
0.002967 
0.003336 
0.002513 
0.003117 
0.002190 
0.003840 
0.004424 
0.003219 
0.004110 
0.003061 
0.002189 
0.001607 
0.001146 
0.000895 
0.000777 
0.002627 
0.007546 
0.013653 
0.021981 
0.028248 
0.031194 
0.024858 
0.025712 
0.055738 
0.064022 
0.098250 
0.151081 
0.139067 
0.178036 
0.221694 
0.226118 
0.270019 
0.233328 
0.269819 
0.249566 
0.214398 
0.275061 
0.218141 
0.256900 
0.270113 
0.246353 
0.271556 
0.258166 
0.269602 
0.252169 
0.235182 
0.239745 
0.239932 
0.243358 
0.207428 
0.202749 
0.203515 
0.166520 
0.183665 
0.163495 
0.131001 
0.162425 
0.135036 
0.144883 
0.146157 
0.109875 
0.115588 
0.091096 
0.083801 
0.073071 
0.050620 
0.039148 
0.039477 
0.027910 
0.037188 
0.036572 
0.024865 
0.030443 
0.026642 
0.017900 
0.019456 
0.022732 
0.015605 
0.012542 
0.011991 
0.014009 
0.009570 
0.011332 
0.010347 
0.008565 
0.008960 
0.008382 
0.008862 
0.008355 
0.009311 
0.009041 
0.006505 
0.008743 
0.008404 
0.007314 
0.010529 
0.007251 
0.010068 
0.010023 
0.007684 
0.009488 
0.007731 
0.007085 
0.006320 
0.004391 
0.003248 
0.002336 
0.001698 
0.001229 
0.000894 
0.000654 
0.000858 
0.002295 
0.003450 
0.006764 
0.007646 
0.024661 
0.054843 
0.048674 
0.042083 
0.032644 
0.023872 
0.027716 
0.035993 
0.043673 
0.097998 
0.130006 
0.187817 
0.204111 
0.239831 
0.245279 
0.263522 
0.279514 
0.265867 
0.273115 
0.260991 
0.264667 
0.249801 
0.245769 
0.268699 
0.247701 
0.259926 
0.243128 
0.238691 
0.241409 
0.248003 
0.241746 
0.212855 
0.230057 
0.216332 
0.233757 
0.234545 
0.210280 
0.233634 
0.216617 
0.231249 
0.209679 
0.216596 
0.220258 
0.199267 
0.211358 
0.207468 
0.212451 
0.192879 
0.190683 
0.190288 
0.191430 
0.182415 
0.175944 
0.175964 
0.170096 
0.172250 
0.155975 
0.149545 
0.138052 
0.119540 
0.122135 
0.100026 
0.099140 
0.083951 
0.066384 
0.056914 
0.040693 
0.030023 
0.021426 
0.016179 
0.023920 
0.017386 
0.021930 
0.030906 
0.021282 
0.020003 
0.014373 
0.016620 
0.015164 
0.011609 
0.011147 
0.007743 
0.005886 
0.004042 
0.005252 
0.005047 
0.003903 
0.004373 
0.003953 
0.003330 
0.005380 
0.003931 
0.005244 
0.004866 
0.003908 
0.004254 
0.003439 
0.002964 
0.004167 
0.003304 
0.003485 
0.003341 
0.002717 
0.002940 
0.002147 
0.002400 
0.001776 
0.001706 
0.001377 
0.001574 
0.001528 
0.001387 
0.001841 
0.001281 
0.001905 
0.001507 
0.001651 
0.002052 
0.001434 
0.001574 
0.003880 
0.003145 
0.017131 
0.070702 
0.076488 
0.056230 
0.044029 
0.033090 
0.026467 
0.023195 
0.018526 
0.015589 
0.024056 
0.029596 
0.022804 
0.023162 
0.022344 
0.023347 
0.021663 
0.024265 
0.024896 
0.021360 
0.019491 
0.018437 
0.016768 
0.020438 
0.021392 
0.019856 
0.017918 
0.014625 
0.011473 
0.015816 
0.013195 
0.014020 
0.020751 
0.014212 
0.031817 
0.029727 
0.031722 
0.062283 
0.043282 
0.050858 
0.050220 
0.038139 
0.055736 
0.039082 
0.047705 
0.056790 
0.038383 
0.054138 
0.043747 
0.039699 
0.053387 
0.035329 
0.049861 
0.053255 
0.039760 
0.059655 
0.045640 
0.047649 
0.061175 
0.040851 
0.056457 
0.055696 
0.042073 
0.067012 
0.053139 
0.051259 
0.070866 
0.048970 
0.060567 
0.065636 
0.046309 
0.070150 
0.060391 
0.051802 
0.075260 
0.053901 
0.058117 
0.073924 
0.049482 
0.065243 
0.071230 
0.049465 
0.071937 
0.063959 
0.050238 
0.076747 
0.058082 
0.055857 
0.081164 
0.055506 
0.061984 
0.079005 
0.051606 
0.069970 
0.077736 
0.050845 
0.074499 
0.074788 
0.051549 
0.074659 
0.065915 
0.049073 
0.078862 
0.067427 
0.051789 
0.081386 
0.068324 
0.052185 
0.079728 
0.067019 
0.049700 
0.077764 
0.067258 
0.048361 
0.076973 
0.070179 
0.047699 
0.072103 
0.070971 
0.044860 
0.072020 
0.081030 
0.049468 
0.071968 
0.089868 
0.056030 
0.070687 
0.093742 
0.060757 
0.066478 
0.102133 
0.074152 
0.061517 
0.103733 
0.089534 
0.062218 
0.101377 
0.100981 
0.062563 
0.091789 
0.114184 
0.072771 
0.075479 
0.119141 
0.090936 
0.066658 
0.104135 
0.099148 
0.061280 
0.085372 
0.112817 
0.075198 
0.064293 
0.108178 
0.093744 
0.058487 
0.082422 
0.107324 
0.071702 
0.057404 
0.106784 
0.101798 
0.062925 
0.075556 
0.117288 
0.086318 
0.058175 
0.097322 
0.109759 
0.070585 
0.062676 
0.111902 
0.097033 
0.060683 
0.075795 
0.114413 
0.083553 
0.055052 
0.086204 
0.105704 
0.070702 
0.052594 
0.094204 
0.096653 
0.062200 
0.056672 
0.097593 
0.083671 
0.053855 
0.057867 
0.093206 
0.072232 
0.046571 
0.062219 
0.085774 
0.060197 
0.041395 
0.061167 
0.079799 
0.055919 
0.040212 
0.063318 
0.074041 
0.050485 
0.038562 
0.070543 
0.070740 
0.046387 
0.040272 
0.070557 
0.064323 
0.042515 
0.037826 
0.071139 
0.060455 
0.039073 
0.042462 
0.070810 
0.058232 
0.038079 
0.043469 
0.073676 
0.058735 
0.038560 
0.042184 
0.069961 
0.054400 
0.035710 
0.041694 
0.066232 
0.050210 
0.032507 
0.041281 
0.062020 
0.043782 
0.030161 
0.034951 
0.048259 
0.035088 
0.024018 
0.029541 
0.040819 
0.030989 
0.020975 
0.024897 
0.028703 
0.020058 
0.014118 
0.020440 
0.022141 
0.015415 
0.010564 
0.015696 
0.018178 
0.012020 
0.009318 
0.012980 
0.012678 
0.008605 
0.006850 
0.012078 
0.010778 
0.007260 
0.005731 
0.008600 
0.007668 
0.005050 
0.004432 
0.006946 
0.005576 
0.003816 
0.003283 
0.005022 
0.004154 
0.002652 
0.003457 
0.004313 
0.003004 
0.002062 
0.002779 
0.003412 
0.002352 
0.001657 
0.001991 
0.002135 
0.001458 
0.001038 
0.001839 
0.002011 
0.001362 
0.000971 
0.001053 
0.001236 
0.000866 
0.000657 
0.001079 
0.001406 
0.001208 
0.001138 
0.001892 
0.002464 
0.002282 
0.002231 
0.003242 
0.002968 
0.002630 
0.004839 
0.006122 
0.004745 
0.005429 
0.006415 
0.006026 
0.007045 
0.008009 
0.008954 
0.009512 
0.007317 
0.006932 
0.007629 
0.006756 
0.008987 
0.011512 
0.010847 
0.009168 
0.009280 
0.007466 
0.006185 
0.011871 
0.016136 
0.011710 
0.012472 
0.015350 
0.015336 
0.015011 
0.014889 
0.013500 
0.012813 
0.011793 
0.011024 
0.011207 
0.013383 
0.016902 
0.025247 
0.023132 
0.020412 
0.017677 
0.013015 
0.011963 
0.016326 
0.016352 
0.012221 
0.015910 
0.016478 
0.015779 
0.018755 
0.018730 
0.016506 
0.013917 
0.016059 
0.018291 
0.018556 
0.017359 
0.014840 
0.012757 
0.011677 
0.015756 
0.018851 
0.019739 
0.016389 
0.011691 
0.011667 
0.016205 
0.015473 
0.013579 
0.015104 
0.011693 
0.010160 
0.014272 
0.017596 
0.025150 
0.022741 
0.018661 
0.015679 
0.016301 
0.014134 
0.014757 
0.021384 
0.021000 
0.018825 
0.019350 
0.016587 
0.013343 
0.010688 
0.013563 
0.015242 
0.012870 
0.011714 
0.012226 
0.015465 
0.016600 
0.015190 
0.016270 
0.017790 
0.016765 
0.015151 
0.012792 
0.011453 
0.012662 
0.014293 
0.014157 
0.011500 
0.009811 
0.010076 
0.012586 
0.013059 
0.011474 
0.012467 
0.012111 
0.012421 
0.011591 
0.010039 
0.008273 
0.009694 
0.012699 
0.012797 
0.009789 
0.008595 
0.008551 
0.006988 
0.006666 
0.008105 
0.007162 
0.007363 
0.007752 
0.008008 
0.008244 
0.006043 
0.006676 
0.007964 
0.008561 
0.006655 
0.006595 
0.005967 
0.004588 
0.005352 
0.006182 
0.004627 
0.003661 
0.004036 
0.003748 
0.003811 
0.005303 
0.005729 
0.004588 
0.004433 
0.003444 
0.003768 
0.004062 
0.004388 
0.005382 
0.005180 
0.004338 
0.003394 
0.003574 
0.003647 
0.003563 
0.003220 
0.002720 
0.002683 
0.002535 
0.002266 
0.002208 
0.003083 
0.003348 
0.002656 
0.002091 
0.002943 
0.003631 
0.003064 
0.002502 
0.002162 
0.001580 
0.001176 
0.001357 
0.002159 
0.001986 
0.001897 
0.001839 
0.001607 
0.001867 
0.001492 
0.001227 
0.001114 
0.000917 
0.000965 
0.001354 
0.001293 
0.000963 
0.000930 
0.001019 
0.000893 
0.000769 
0.000578 
0.000488 
0.000723 
0.001034 
0.001120 
0.000987 
0.000826 
0.000833 
0.000809 
0.000713 
0.000617 
0.000543 
0.000544 
0.000475 
0.000382 
0.000485 
0.000487 
0.000365 
0.000284 
0.000305 
0.000383 
0.000302 
0.000274 
0.000292 
0.000211 
0.000172 
0.000162 
0.000162 
0.000134 
0.000095 
0.000128 
0.000141 
0.000107 
0.000077 
0.000064 
0.000085 
0.000076 
0.000053 
0.000045 
0.000046 
0.000035 
0.000026 
0.000018 
0.000014 
0.000013 
0.000011 
0.000012 
0.000011 
0.000014 
0.000014 
0.000014 
0.000014 
0.000013 
0.000013 
0.000015 
0.000017 
0.000017 
0.000016 
0.000014 
0.000016 
0.000016 
0.000020 
0.000019 
0.000018 
0.000017 
0.000016 
0.000015 
0.000015 
0.000013 
0.000012 
0.000014 
0.000016 
0.000015 
0.000017 
0.000017 
0.000016 
0.000015 
0.000013 
0.000013 
0.000015 
0.000016 
0.000021 
0.000021 
0.000018 
0.000014 
0.000016 
0.000018 
0.000016 
0.000015 
0.000015 
0.000017 
0.000021 
0.000017 
0.000016 
0.000014 
0.000011 
0.000013 
0.000012 
0.000015 
0.000018 
0.000015 
0.000013 
0.000012 
0.000013 
0.000014 
0.000013 
0.000015 
0.000017 
0.000013 
0.000012 
0.000017 
0.000022 
0.000022 
0.000018 
0.000015 
0.000015 
0.000016 
0.000017 
0.000017 
0.000020 
0.000021 
0.000019 
0.000019 
0.000018 
0.000015 
0.000015 
0.000011 
0.000013 
0.000016 
0.000019 
0.000019 
0.000018 
0.000018 
0.000019 
0.000020 
0.000018 
0.000017 
0.000015 
0.000015 
0.000018 
0.000019 
0.000017 
0.000016 
0.000017 
0.000014 
0.000016 
0.000018 
0.000018 
0.000019 
0.000018 
0.000017 
0.000019 
0.000020 
0.000019 
0.000016 
0.000013 
0.000014 
0.000019 
0.000022 
0.000022 
0.000021 
0.000020 
0.000016 
0.000013 
0.000011 
0.000008 
0.000006 
0.000004 
0.000003 
0.000002 
0.000002 
0.000001 
0.000000 
0.000002 
-0.000002 
0.000069 
0.000209 
0.000285 
0.000275 
0.000495 
0.001614 
0.002050 
0.002805 
0.002704 
0.002303 
0.002259 
0.001867 
0.001776 
0.001796 
0.002531 
0.005660 
0.006503 
0.005413 
0.007072 
0.009824 
0.008428 
0.007871 
0.008951 
0.006515 
0.013452 
0.027338 
0.023899 
0.024289 
0.026001 
0.042038 
0.047959 
0.035612 
0.028835 
0.034073 
0.038857 
0.055399 
0.054837 
0.062337 
0.063642 
0.046911 
0.061320 
0.063503 
0.051432 
0.048911 
0.051480 
0.074851 
0.077579 
0.076210 
0.096790 
0.093358 
0.084574 
0.079133 
0.108281 
0.106723 
0.088540 
0.100971 
0.111422 
0.092308 
0.132269 
0.144836 
0.108026 
0.084595 
0.119024 
0.155452 
0.140201 
0.107502 
0.132178 
0.144309 
0.149163 
0.189467 
0.215973 
0.176190 
0.260983 
0.210316 
0.182685 
0.234159 
0.178110 
0.183576 
0.166510 
0.121420 
0.151423 
0.135663 
0.109474 
0.136290 
0.113269 
0.155262 
0.219813 
0.158667 
0.200755 
0.201100 
0.175407 
0.185142 
0.188156 
0.222326 
0.191725 
0.134409 
0.153113 
0.146314 
0.178243 
0.167993 
0.153187 
0.208068 
0.171226 
0.177980 
0.185563 
0.137547 
0.150503 
0.152681 
0.135337 
0.178733 
0.184312 
0.128522 
0.128244 
0.116479 
0.113872 
0.135774 
0.171063 
0.190166 
0.150071 
0.151654 
0.179007 
0.161490 
0.138970 
0.122666 
0.107762 
0.146711 
0.141781 
0.128120 
0.151319 
0.143941 
0.156720 
0.191611 
0.161453 
0.117461 
0.099548 
0.118126 
0.118331 
0.132988 
0.115342 
0.119054 
0.113433 
0.099729 
0.100996 
0.103080 
0.104790 
0.104956 
0.110329 
0.107469 
0.111147 
0.109709 
0.099421 
0.089972 
0.079224 
0.081438 
0.105961 
0.106719 
0.116438 
0.119019 
0.122643 
0.121326 
0.091756 
0.097426 
0.117144 
0.116834 
0.127443 
0.124682 
0.101835 
0.102699 
0.096081 
0.082972 
0.066417 
0.067230 
0.086661 
0.086422 
0.091988 
0.082211 
0.085904 
0.086593 
0.084929 
0.085043 
0.095540 
0.135303 
0.133380 
0.110968 
0.112074 
0.099944 
0.123816 
0.156768 
0.152627 
0.133022 
0.111304 
0.091439 
0.099553 
0.112191 
0.123826 
0.124808 
0.095876 
0.090991 
0.096835 
0.088570 
0.070419 
0.060503 
0.073735 
0.080342 
0.063765 
0.053980 
0.050795 
0.060949 
0.057327 
0.051624 
0.063557 
0.053635 
0.079224 
0.072676 
0.086511 
0.077216 
0.099454 
0.088144 
0.115566 
0.107609 
0.119613 
0.125409 
0.127335 
0.144672 
0.134944 
0.157052 
0.135880 
0.158105 
0.131962 
0.154831 
0.124489 
0.155311 
0.127320 
0.138736 
0.126275 
0.132392 
0.116044 
0.112324 
0.101866 
0.092304 
0.088780 
0.073449 
0.081258 
0.057375 
0.095203 
0.083765 
0.097923 
0.108709 
0.096645 
0.117525 
0.093367 
0.120496 
0.093393 
0.124503 
0.097541 
0.117233 
0.100571 
0.111244 
0.109496 
0.106681 
0.121273 
0.099984 
0.120637 
0.093442 
0.120561 
0.092323 
0.119962 
0.097206 
0.114166 
0.102982 
0.105853 
0.112764 
0.097859 
0.115301 
0.093665 
0.108557 
0.089768 
0.111044 
0.089843 
0.112776 
0.092336 
0.108839 
0.104730 
0.123085 
0.157661 
0.150375 
0.175676 
0.193055 
0.241993 
0.250732 
0.273170 
0.270964 
0.278865 
0.276531 
0.291146 
0.279516 
0.282399 
0.285171 
0.274688 
0.281522 
0.282673 
0.295991 
0.283334 
0.265594 
0.256067 
0.256103 
0.266694 
0.259895 
0.252785 
0.253309 
0.249798 
0.259194 
0.246350 
0.253408 
0.246002 
0.251528 
0.243802 
0.257739 
0.233739 
0.258387 
0.249889 
0.252939 
0.235032 
0.257544 
0.239178 
0.257835 
0.221762 
0.253161 
0.228376 
0.254947 
0.224406 
0.250198 
0.226936 
0.250693 
0.221408 
0.243163 
0.215284 
0.234652 
0.209745 
0.225858 
0.218795 
0.204131 
0.201689 
0.180686 
0.187959 
0.160265 
0.164227 
0.131891 
0.140980 
0.114869 
0.098960 
0.089531 
0.062432 
0.046608 
0.041209 
0.051941 
0.039467 
0.043096 
0.049290 
0.034864 
0.037701 
0.028163 
0.034664 
0.034185 
0.023185 
0.018162 
0.015296 
0.011728 
0.012560 
0.010011 
0.014967 
0.016786 
0.013155 
0.012562 
0.009682 
0.009889 
0.007613 
0.007679 
0.006003 
0.005352 
0.004161 
0.003409 
0.002702 
0.004443 
0.003695 
0.005065 
0.004478 
0.004292 
0.003754 
0.004914 
0.006123 
0.005730 
0.004851 
0.013180 
0.029389 
0.037826 
0.036665 
0.033481 
0.035715 
0.029097 
0.022568 
0.018281 
0.014714 
0.010247 
0.011367 
0.016134 
0.016641 
0.015292 
0.013168 
0.011234 
0.032725 
0.056562 
0.080735 
0.070094 
0.053549 
0.047849 
0.056134 
0.072847 
0.064157 
0.040297 
0.077640 
0.092290 
0.106056 
0.132656 
0.113984 
0.152145 
0.156047 
0.193246 
0.186650 
0.214039 
0.222612 
0.231952 
0.229382 
0.237459 
0.234856 
0.247669 
0.245057 
0.244851 
0.250677 
0.262354 
0.265847 
0.268252 
0.265537 
0.253677 
0.255010 
0.261370 
0.259327 
0.248403 
0.246218 
0.237117 
0.252321 
0.234068 
0.241999 
0.213871 
0.242346 
0.225453 
0.233226 
0.199695 
0.214793 
0.186667 
0.202414 
0.185134 
0.205988 
0.177724 
0.189632 
0.160763 
0.168630 
0.141324 
0.156305 
0.134156 
0.147565 
0.124553 
0.144159 
0.113886 
0.117634 
0.091534 
0.101848 
0.078810 
0.060742 
0.043985 
0.041360 
0.039326 
0.031877 
0.032016 
0.023702 
0.022591 
0.018163 
0.020213 
0.014610 
0.015773 
0.013388 
0.017291 
0.016565 
0.018133 
0.019926 
0.016659 
0.018955 
0.014380 
0.012775 
0.010683 
0.012795 
0.009294 
0.008316 
0.006759 
0.006708 
0.005290 
0.004037 
0.003080 
0.004851 
0.005196 
0.007278 
0.013346 
0.015890 
0.017250 
0.021538 
0.017287 
0.017074 
0.027276 
0.029026 
0.033061 
0.029864 
0.020498 
0.021786 
0.049909 
0.047478 
0.102783 
0.095706 
0.166687 
0.159481 
0.195583 
0.174741 
0.186851 
0.185452 
0.198482 
0.194181 
0.210234 
0.190222 
0.208685 
0.202283 
0.218967 
0.219580 
0.221991 
0.217684 
0.233267 
0.218031 
0.229005 
0.219686 
0.225480 
0.226090 
0.246758 
0.237415 
0.253847 
0.249815 
0.254210 
0.247623 
0.253159 
0.253864 
0.260703 
0.249296 
0.256507 
0.244754 
0.255412 
0.255588 
0.256378 
0.249982 
0.251376 
0.238802 
0.240298 
0.238478 
0.251578 
0.242132 
0.256389 
0.248554 
0.254729 
0.244921 
0.262578 
0.247887 
0.268097 
0.256137 
0.273591 
0.249861 
0.268417 
0.240473 
0.269030 
0.252829 
0.276545 
0.245471 
0.277706 
0.246923 
0.270556 
0.238252 
0.279936 
0.251698 
0.284280 
0.256329 
0.284744 
0.259370 
0.288725 
0.263885 
0.282854 
0.252955 
0.277318 
0.259223 
0.279060 
0.258981 
0.265924 
0.245299 
0.248324 
0.232865 
0.242260 
0.226684 
0.235239 
0.225247 
0.232735 
0.223667 
0.216631 
0.214980 
0.219784 
0.217812 
0.213872 
0.212613 
0.209208 
0.213003 
0.203763 
0.199028 
0.186799 
0.193757 
0.187863 
0.185953 
0.166062 
0.171107 
0.158475 
0.164184 
0.143034 
0.149775 
0.134929 
0.140951 
0.122382 
0.124673 
0.105960 
0.112126 
0.094968 
0.105270 
0.088983 
0.104343 
0.087549 
0.087556 
0.079486 
0.065430 
0.077540 
0.064431 
0.072617 
0.069391 
0.058111 
0.050247 
0.040464 
0.035036 
0.026952 
0.026430 
0.021567 
0.022460 
0.018470 
0.024889 
0.020314 
0.023531 
0.019267 
0.019565 
0.015795 
0.012996 
0.009893 
0.007079 
0.005045 
0.004144 
0.006526 
0.006599 
0.011871 
0.010545 
0.012240 
0.010287 
0.010981 
0.008947 
0.010625 
0.011015 
0.012197 
0.009702 
0.009815 
0.011743 
0.014842 
0.019324 
0.026160 
0.029418 
0.032048 
0.046805 
0.058209 
0.079408 
0.107001 
0.126998 
0.145343 
0.177439 
0.186839 
0.200772 
0.216269 
0.217773 
0.242256 
0.229275 
0.243925 
0.221743 
0.255053 
0.254612 
0.259110 
0.249490 
0.266502 
0.257916 
0.266241 
0.231907 
0.259181 
0.241262 
0.274461 
0.258489 
0.272876 
0.245034 
0.248821 
0.226935 
0.248944 
0.226319 
0.241111 
0.239615 
0.236666 
0.217311 
0.226945 
0.207252 
0.215073 
0.210996 
0.215955 
0.203520 
0.226540 
0.226711 
0.221777 
0.192842 
0.208212 
0.201534 
0.206668 
0.193568 
0.188503 
0.180386 
0.186951 
0.178915 
0.187448 
0.170762 
0.164565 
0.164515 
0.167772 
0.160155 
0.150650 
0.138051 
0.119853 
0.111544 
0.079680 
0.060949 
0.044136 
0.048781 
0.039442 
0.042543 
0.036018 
0.033780 
0.036237 
0.031374 
0.032505 
0.029476 
0.032473 
0.025609 
0.023821 
0.018199 
0.016810 
0.011853 
0.009052 
0.006866 
0.010754 
0.011033 
0.011382 
0.013441 
0.009325 
0.007862 
0.006052 
0.005397 
0.004707 
0.004776 
0.003939 
0.005767 
0.004548 
0.005050 
0.004273 
0.003842 
0.003272 
0.003319 
0.002802 
0.002394 
0.001809 
0.001521 
0.001241 
0.002033 
0.004119 
0.004335 
0.006961 
0.001972 
0.028307 
0.047202 
0.038301 
0.037040 
0.033899 
0.028161 
0.024280 
0.020432 
0.019310 
0.024120 
0.021944 
0.020636 
0.032238 
0.029793 
0.027430 
0.031191 
0.032255 
0.033919 
0.035986 
0.031732 
0.049288 
0.072711 
0.068662 
0.059798 
0.051385 
0.046857 
0.050181 
0.055066 
0.069888 
0.084859 
0.081188 
0.069349 
0.080038 
0.066887 
0.058093 
0.059321 
0.067997 
0.069658 
0.072053 
0.082581 
0.093041 
0.095068 
0.074373 
0.069126 
0.074895 
0.085291 
0.073816 
0.058967 
0.050622 
0.052267 
0.053231 
0.055301 
0.050088 
0.047822 
0.044426 
0.037229 
0.039958 
0.041502 
0.040295 
0.036129 
0.034642 
0.035617 
0.028462 
0.027560 
0.024734 
0.021576 
0.018781 
0.015101 
0.012222 
0.009876 
0.007929 
0.006530 
0.005908 
0.004423 
0.003523 
0.003168 
0.002439 
0.001742 
0.001274 
0.000941 
0.001061 
0.001533 
0.001327 
0.001006 
0.000939 
0.001035 
0.000948 
0.000782 
0.000698 
0.000813 
0.000825 
0.000823 
0.000687 
0.000716 
0.000596 
0.000523 
0.000585 
0.000603 
0.000574 
0.000541 
0.000504 
0.000439 
0.000451 
0.000463 
0.000446 
0.000438 
0.000370 
0.000338 
0.000387 
0.000448 
0.000448 
0.000433 
0.000366 
0.000288 
0.000798 
0.002808 
0.005437 
0.020007 
0.035489 
0.044907 
0.050135 
0.041843 
0.030348 
0.023304 
0.019749 
0.014252 
0.012511 
0.013768 
0.014509 
0.048636 
0.075243 
0.134326 
0.127448 
0.156957 
0.147703 
0.180230 
0.159960 
0.167282 
0.147953 
0.150564 
0.136816 
0.148732 
0.145419 
0.148168 
0.153602 
0.160946 
0.169170 
0.184820 
0.189437 
0.199746 
0.209300 
0.226390 
0.208808 
0.214199 
0.205514 
0.217336 
0.205097 
0.208564 
0.202548 
0.224674 
0.220131 
0.245007 
0.240621 
0.234668 
0.216384 
0.240239 
0.223005 
0.243554 
0.230358 
0.248883 
0.217841 
0.247555 
0.216913 
0.247998 
0.220544 
0.276610 
0.264656 
0.299678 
0.286626 
0.317398 
0.299873 
0.286740 
0.271471 
0.277879 
0.266865 
0.233500 
0.226282 
0.234557 
0.245730 
0.257326 
0.250811 
0.230971 
0.236978 
0.252488 
0.253211 
0.238853 
0.242349 
0.247902 
0.240378 
0.245454 
0.240918 
0.238007 
0.246020 
0.228882 
0.219357 
0.252230 
0.270799 
0.263891 
0.253183 
0.254045 
0.248819 
0.238024 
0.239161 
0.244369 
0.232329 
0.234845 
0.225285 
0.231865 
0.229978 
0.230009 
0.228441 
0.241732 
0.240398 
0.246402 
0.232383 
0.228059 
0.217728 
0.218993 
0.197105 
0.194988 
0.179802 
0.195320 
0.185195 
0.192707 
0.198380 
0.196544 
0.188012 
0.184539 
0.181683 
0.197816 
0.177951 
0.180520 
0.152192 
0.139312 
0.097915 
0.072018 
0.051733 
0.038395 
0.029107 
0.024048 
0.028250 
0.022049 
0.015111 
0.014294 
0.015281 
0.012064 
0.011980 
0.008941 
0.008405 
0.008556 
0.008435 
0.008704 
0.008657 
0.008396 
0.008640 
0.009064 
0.009295 
0.009132 
0.007623 
0.005643 
0.005357 
0.006621 
0.005900 
0.006155 
0.006012 
0.005878 
0.006052 
0.004994 
0.004440 
0.003904 
0.003726 
0.003567 
0.003471 
0.002840 
0.002442 
0.001911 
0.001804 
0.001509 
0.001548 
0.001459 
0.002303 
0.002493 
0.003247 
0.003096 
0.003192 
0.002832 
0.002776 
0.002494 
0.002455 
0.002457 
0.002594 
0.002201 
0.001948 
0.003182 
0.005657 
0.008065 
0.010873 
0.016326 
0.045416 
0.066896 
0.074971 
0.079110 
0.090662 
0.113626 
0.166581 
0.188927 
0.222322 
0.219840 
0.233447 
0.222038 
0.229603 
0.267061 
0.267711 
0.259959 
0.258796 
0.241775 
0.250675 
0.254561 
0.264230 
0.260667 
0.277413 
0.284271 
0.285664 
0.275244 
0.273699 
0.283265 
0.274175 
0.277363 
0.293105 
0.315850 
0.305779 
0.287953 
0.282904 
0.313231 
0.316247 
0.318072 
0.308316 
0.298074 
0.296114 
0.314914 
0.307270 
0.278418 
0.265113 
0.278712 
0.294644 
0.301183 
0.260619 
0.229668 
0.271062 
0.288694 
0.311218 
0.297942 
0.260483 
0.254424 
0.275541 
0.268262 
0.262007 
0.244005 
0.203742 
0.243664 
0.262054 
0.253513 
0.242385 
0.243823 
0.256745 
0.271541 
0.253431 
0.249642 
0.254845 
0.260512 
0.256311 
0.247818 
0.241206 
0.244656 
0.241783 
0.244749 
0.255609 
0.244036 
0.225487 
0.240293 
0.241080 
0.232421 
0.227155 
0.223293 
0.225856 
0.217098 
0.217572 
0.209501 
0.195045 
0.195674 
0.177431 
0.165930 
0.160145 
0.147605 
0.134009 
0.128921 
0.120946 
0.103547 
0.109843 
0.109388 
0.098663 
0.085389 
0.081369 
0.067201 
0.055561 
0.049441 
0.039824 
0.031346 
0.026217 
0.024779 
0.028790 
0.027684 
0.031871 
0.028090 
0.026439 
0.031835 
0.030524 
0.031243 
0.025935 
0.025123 
0.026319 
0.023037 
0.023645 
0.023263 
0.023619 
0.023027 
0.022634 
0.024188 
0.024350 
0.023332 
0.024510 
0.024393 
0.025907 
0.025988 
0.026896 
0.027705 
0.027370 
0.027767 
0.026922 
0.025463 
0.024404 
0.022427 
0.020951 
0.019684 
0.019236 
0.018488 
0.018639 
0.018585 
0.019221 
0.019360 
0.020499 
0.019816 
0.020001 
0.018599 
0.017484 
0.018813 
0.018073 
0.018949 
0.017614 
0.016464 
0.018126 
0.017921 
0.019075 
0.017546 
0.016465 
0.016995 
0.016461 
0.017302 
0.014774 
0.012419 
0.011486 
0.010105 
0.008187 
0.006193 
0.004447 
0.003640 
0.002970 
0.002204 
0.005156 
0.005899 
0.005101 
0.004905 
0.006041 
0.003710 
0.010087 
0.028923 
0.026742 
0.025820 
0.021762 
0.017679 
0.036958 
0.037055 
0.097947 
0.123686 
0.164888 
0.183831 
0.188231 
0.211300 
0.206319 
0.215276 
0.222226 
0.206887 
0.201923 
0.193502 
0.205934 
0.198337 
0.225941 
0.237712 
0.254912 
0.254836 
0.283997 
0.251102 
0.249653 
0.228639 
0.236800 
0.241831 
0.219007 
0.214973 
0.162550 
0.191975 
0.154959 
0.171956 
0.157036 
0.169703 
0.169530 
0.135604 
0.149996 
0.109276 
0.112486 
0.105086 
0.094714 
0.118262 
0.119387 
0.119113 
0.103023 
0.133670 
0.160177 
0.121081 
0.113426 
0.094375 
0.138864 
0.138761 
0.116354 
0.141369 
0.104414 
0.137274 
0.134187 
0.140863 
0.160522 
0.135073 
0.130630 
0.102907 
0.098603 
0.092736 
0.110168 
0.143232 
0.103727 
0.119564 
0.136561 
0.090329 
0.093912 
0.085721 
0.083084 
0.101644 
0.111776 
0.098993 
0.086603 
0.098333 
0.112367 
0.107958 
0.130730 
0.170182 
0.128502 
0.124586 
0.141389 
0.124598 
0.095135 
0.133053 
0.144988 
0.110235 
0.132792 
0.133556 
0.111740 
0.115382 
0.135314 
0.133378 
0.162106 
0.162896 
0.171009 
0.167993 
0.155171 
0.127390 
0.130174 
0.219375 
0.198507 
0.197274 
0.170065 
0.174152 
0.154446 
0.175114 
0.199386 
0.186183 
0.221754 
0.199449 
0.186750 
0.173769 
0.220655 
0.179786 
0.187828 
0.160374 
0.177579 
0.171095 
0.200294 
0.185135 
0.200538 
0.174550 
0.203471 
0.235094 
0.219274 
0.222456 
0.209480 
0.214150 
0.193976 
0.193353 
0.199368 
0.246726 
0.225758 
0.229448 
0.218362 
0.249737 
0.228933 
0.243805 
0.234057 
0.264408 
0.256644 
0.274756 
0.223462 
0.223149 
0.224609 
0.289944 
0.247823 
0.262391 
0.233436 
0.254460 
0.236171 
0.252405 
0.232643 
0.268731 
0.240955 
0.259161 
0.229061 
0.242097 
0.223350 
0.283165 
0.248806 
0.259418 
0.220501 
0.251874 
0.233449 
0.248245 
0.232856 
0.260550 
0.212198 
0.206526 
0.204411 
0.237182 
0.193363 
0.201032 
0.188519 
0.186327 
0.148704 
0.145926 
0.133423 
0.119672 
0.112612 
0.116381 
0.084824 
0.064042 
0.096348 
0.129808 
0.118021 
0.109986 
0.111342 
0.139151 
0.133920 
0.145345 
0.143840 
0.120909 
0.107279 
0.074928 
0.076967 
0.117018 
0.101433 
0.095360 
0.114964 
0.130397 
0.130761 
0.128316 
0.129111 
0.124385 
0.099670 
0.084590 
0.094788 
0.086965 
0.098792 
0.093368 
0.068523 
0.061873 
0.051430 
0.062759 
0.061759 
0.065792 
0.061827 
0.058223 
0.044610 
0.036368 
0.025829 
0.035643 
0.035783 
0.028384 
0.028929 
0.025016 
0.022305 
0.022620 
0.025124 
0.028390 
0.024182 
0.022218 
0.021373 
0.021901 
0.017686 
0.017386 
0.016878 
0.011843 
0.011722 
0.010059 
0.010130 
0.010755 
0.007613 
0.007958 
0.006484 
0.004963 
0.004665 
0.004810 
0.003743 
0.002970 
0.002595 
0.002174 
0.002338 
0.002718 
0.002689 
0.002701 
0.002102 
0.001683 
0.001444 
0.001163 
0.001055 
0.001184 
0.000875 
0.001126 
0.001486 
0.001650 
0.001607 
0.002135 
0.002163 
0.001659 
0.001918 
0.002119 
0.002420 
0.003191 
0.004173 
0.006604 
0.009660 
0.011086 
0.009284 
0.006714 
0.006336 
0.005756 
0.005586 
0.008264 
0.010020 
0.007464 
0.006693 
0.011495 
0.013271 
0.010887 
0.009084 
0.011712 
0.011578 
0.011721 
0.013905 
0.014105 
0.019874 
0.019015 
0.014553 
0.010394 
0.008117 
0.013269 
0.015948 
0.013299 
0.013128 
0.016136 
0.014735 
0.013872 
0.012990 
0.016884 
0.019226 
0.016465 
0.016616 
0.015497 
0.014092 
0.016246 
0.015642 
0.013778 
0.015677 
0.018059 
0.019471 
0.019951 
0.016519 
0.015599 
0.021116 
0.024428 
0.024139 
0.020709 
0.019219 
0.024087 
0.020191 
0.021515 
0.018823 
0.019415 
0.018028 
0.024131 
0.032949 
0.027944 
0.021041 
0.018926 
0.020299 
0.018225 
0.024990 
0.023937 
0.023260 
0.022686 
0.025098 
0.029210 
0.027528 
0.025262 
0.023391 
0.029215 
0.032885 
0.026445 
0.027932 
0.029022 
0.024900 
0.020285 
0.020459 
0.018293 
0.013849 
0.019328 
0.028677 
0.032663 
0.027654 
0.020904 
0.020468 
0.020601 
0.019090 
0.021137 
0.022495 
0.023574 
0.022703 
0.023355 
0.022889 
0.018595 
0.019989 
0.020580 
0.019692 
0.023656 
0.025995 
0.022422 
0.027062 
0.021972 
0.023963 
0.021081 
0.032323 
0.031548 
0.029096 
0.031946 
0.025830 
0.017673 
0.021780 
0.032006 
0.026966 
0.021963 
0.022236 
0.022082 
0.019883 
0.017374 
0.012715 
0.014574 
0.019539 
0.016806 
0.012249 
0.012011 
0.016341 
0.021046 
0.019830 
0.013973 
0.013830 
0.012934 
0.013560 
0.014515 
0.014844 
0.015755 
0.016392 
0.017161 
0.013412 
0.014259 
0.017284 
0.016008 
0.015033 
0.014294 
0.010501 
0.009570 
0.013318 
0.011202 
0.008226 
0.009835 
0.012506 
0.011251 
0.013307 
0.015189 
0.012235 
0.010403 
0.010471 
0.009918 
0.009347 
0.011115 
0.008810 
0.006348 
0.005175 
0.004868 
0.005350 
0.005959 
0.006701 
0.007345 
0.006184 
0.006258 
0.007711 
0.007252 
0.008549 
0.008155 
0.008841 
0.010230 
0.008836 
0.006399 
0.005373 
0.005415 
0.005089 
0.003884 
0.003408 
0.004189 
0.004518 
0.005876 
0.008062 
0.007429 
0.007326 
0.006532 
0.004563 
0.003512 
0.002994 
0.003446 
0.003109 
0.002612 
0.002415 
0.002596 
0.002884 
0.002483 
0.003105 
0.003700 
0.002729 
0.002034 
0.001594 
0.001586 
0.002287 
0.002963 
0.003396 
0.003412 
0.002451 
0.002477 
0.002234 
0.002114 
0.001591 
0.001529 
0.001714 
0.001413 
0.001063 
0.001153 
0.000871 
0.000760 
0.001392 
0.001708 
0.001261 
0.001000 
0.000691 
0.000843 
0.001129 
0.001061 
0.000810 
0.000874 
0.000936 
0.000996 
0.001100 
0.000904 
0.000767 
0.000792 
0.000810 
0.000558 
0.000460 
0.000588 
0.000678 
0.000683 
0.000586 
0.000408 
0.000373 
0.000458 
0.000432 
0.000325 
0.000265 
0.000424 
0.000429 
0.000327 
0.000242 
0.000253 
0.000301 
0.000269 
0.000196 
0.000141 
0.000107 
0.000064 
0.000115 
0.000188 
0.000132 
0.000134 
0.000140 
0.000189 
0.000168 
0.000116 
0.000152 
0.000161 
0.000140 
0.000104 
0.000108 
0.000086 
0.000077 
0.000080 
0.000052 
0.000059 
0.000062 
0.000042 
0.000035 
0.000040 
0.000053 
0.000046 
0.000038 
0.000034 
0.000035 
0.000029 
0.000027 
0.000035 
0.000030 
0.000022 
0.000022 
0.000030 
0.000031 
0.000030 
0.000031 
0.000031 
0.000031 
0.000031 
0.000031 
0.000031 
0.000031 
0.000031 
0.000031 
0.000031 
0.000031 
0.000031 
0.000031 
0.000031 
0.000031 
0.000031 
0.000030 
0.000031 
0.000026 
0.000019 
0.000014 
0.000010 
0.000007 
0.000005 
0.000004 
0.000003 
0.000002 
0.000001 
0.000001 
0.000001 
0.000001 
0.000000 
0.000000 
0.000000 
0.000000 
0.000000 
0.000000 
0.000000 
0.000000 
0.000000 
0.000000 
0.000000 
0.000000 
0.000000 
0.000000 
0.000000 
0.000000 
