[ASCII 1000Hz, Channels: 1, Samples: 5328, Flags: 0]                          
0.000000 
0.000000 
0.000000 
0.000000 
0.000000 
0.000000 
0.000000 
0.000000 
0.000000 
0.000000 
0.000000 
0.000000 
0.000000 
0.000000 
0.000000 
0.000000 
0.000000 
0.000000 
0.000000 
0.000000 
0.000000 
0.000000 
0.000000 
0.000000 
0.000000 
0.000000 
0.000000 
0.000000 
0.000000 
0.000000 
0.000000 
0.000000 
0.000000 
0.000000 
0.000000 
0.000000 
0.000000 
0.000000 
0.000000 
0.000000 
0.000000 
0.000000 
0.000000 
0.000000 
0.000000 
0.000000 
0.000000 
0.000000 
0.000000 
0.000000 
0.000000 
0.000000 
-0.000000 
0.000000 
-0.000000 
0.000000 
-0.000000 
0.000000 
0.000005 
0.000011 
0.000010 
0.000011 
0.000012 
0.000011 
0.000013 
0.000015 
0.000022 
0.000038 
0.000099 
0.000194 
0.000320 
0.000298 
0.002970 
0.008791 
0.015514 
0.015656 
0.039373 
0.169479 
0.156370 
0.110982 
0.087697 
0.074840 
0.069348 
0.063894 
0.062598 
0.066668 
0.091197 
0.075478 
0.107173 
0.108382 
0.091998 
0.068888 
0.063730 
0.074408 
0.068147 
0.108333 
0.112514 
0.093712 
0.103215 
0.108677 
0.125200 
0.170921 
0.144632 
0.144389 
0.142926 
0.144277 
0.155926 
0.157211 
0.172992 
0.152592 
0.179835 
0.195580 
0.173868 
0.178882 
0.159866 
0.127759 
0.130197 
0.155592 
0.179127 
0.179320 
0.175627 
0.146607 
0.135142 
0.118587 
0.117989 
0.110178 
0.099557 
0.125386 
0.149106 
0.141345 
0.134800 
0.131623 
0.120840 
0.110696 
0.092680 
0.116654 
0.096694 
0.109374 
0.132225 
0.119084 
0.134868 
0.125004 
0.135214 
0.136167 
0.193103 
0.164916 
0.215977 
0.194664 
0.186014 
0.176816 
0.161361 
0.191718 
0.138798 
0.169490 
0.133192 
0.160697 
0.143025 
0.150785 
0.155584 
0.141404 
0.191949 
0.155654 
0.200373 
0.154772 
0.192914 
0.163644 
0.193673 
0.194739 
0.198900 
0.237861 
0.181601 
0.208023 
0.167056 
0.230201 
0.185006 
0.223765 
0.201906 
0.212937 
0.219134 
0.203621 
0.252006 
0.203029 
0.247012 
0.199916 
0.250927 
0.208817 
0.255907 
0.222784 
0.217675 
0.202562 
0.193611 
0.208033 
0.156303 
0.180137 
0.144655 
0.147634 
0.144487 
0.128830 
0.126082 
0.129192 
0.146282 
0.138333 
0.146126 
0.151209 
0.119386 
0.151539 
0.160513 
0.124380 
0.152187 
0.112967 
0.094538 
0.104731 
0.074345 
0.074774 
0.080783 
0.072166 
0.093341 
0.083131 
0.097099 
0.095976 
0.073401 
0.114993 
0.118097 
0.159615 
0.175283 
0.175700 
0.192202 
0.173034 
0.212879 
0.204474 
0.240675 
0.238265 
0.228938 
0.252161 
0.225718 
0.265681 
0.254408 
0.275701 
0.269259 
0.225159 
0.264834 
0.243917 
0.280023 
0.264947 
0.241566 
0.295586 
0.248162 
0.279355 
0.240819 
0.244847 
0.287496 
0.248489 
0.304237 
0.252322 
0.281444 
0.275761 
0.259778 
0.284338 
0.252809 
0.295570 
0.248508 
0.250576 
0.241626 
0.239420 
0.253844 
0.229330 
0.239734 
0.240228 
0.244141 
0.238678 
0.250062 
0.251814 
0.255341 
0.250420 
0.262478 
0.241091 
0.254337 
0.245249 
0.238731 
0.245795 
0.244962 
0.248829 
0.234809 
0.246503 
0.227018 
0.236695 
0.226963 
0.213172 
0.215130 
0.203207 
0.195328 
0.184996 
0.195850 
0.176530 
0.193375 
0.162653 
0.178798 
0.139494 
0.165247 
0.131869 
0.146514 
0.125031 
0.134504 
0.118158 
0.115488 
0.108778 
0.093053 
0.096231 
0.074219 
0.076155 
0.055353 
0.050466 
0.038552 
0.032144 
0.026645 
0.037182 
0.028825 
0.034943 
0.033251 
0.036411 
0.038467 
0.033006 
0.038788 
0.030581 
0.037785 
0.028362 
0.027790 
0.021725 
0.019830 
0.015481 
0.016466 
0.014002 
0.014704 
0.014899 
0.013511 
0.014833 
0.012867 
0.012673 
0.011759 
0.009526 
0.011309 
0.009566 
0.009847 
0.009937 
0.009016 
0.009125 
0.009080 
0.009344 
0.008526 
0.010344 
0.008365 
0.011000 
0.008391 
0.010357 
0.008404 
0.007940 
0.006499 
0.006603 
0.005367 
0.008238 
0.006481 
0.012355 
0.011046 
0.029066 
0.056907 
0.057159 
0.092877 
0.090467 
0.069897 
0.058484 
0.068202 
0.071118 
0.070973 
0.075470 
0.078585 
0.069614 
0.064687 
0.067908 
0.071485 
0.064620 
0.070914 
0.081967 
0.079534 
0.086403 
0.101503 
0.103523 
0.089524 
0.095415 
0.078485 
0.075826 
0.109726 
0.094414 
0.086147 
0.071567 
0.060876 
0.060543 
0.062044 
0.109863 
0.111254 
0.077686 
0.118629 
0.098682 
0.120739 
0.143104 
0.108133 
0.150089 
0.121023 
0.166466 
0.143455 
0.151817 
0.159987 
0.145154 
0.183829 
0.139176 
0.169815 
0.129901 
0.173948 
0.160837 
0.160775 
0.157266 
0.157361 
0.193383 
0.167931 
0.198475 
0.189336 
0.204145 
0.187296 
0.182333 
0.161764 
0.159932 
0.154237 
0.146818 
0.135298 
0.112605 
0.119402 
0.100792 
0.070438 
0.059249 
0.069873 
0.053593 
0.080011 
0.065725 
0.065777 
0.090461 
0.059443 
0.070611 
0.079487 
0.057371 
0.089007 
0.087844 
0.081138 
0.113817 
0.082245 
0.112539 
0.155274 
0.104386 
0.147514 
0.131270 
0.112017 
0.195065 
0.143401 
0.153416 
0.195609 
0.135045 
0.174716 
0.185453 
0.157383 
0.202268 
0.172778 
0.164900 
0.212762 
0.171488 
0.207083 
0.230458 
0.160750 
0.198734 
0.182684 
0.149828 
0.173326 
0.139789 
0.137982 
0.190122 
0.170224 
0.182762 
0.172713 
0.126430 
0.135189 
0.126808 
0.115244 
0.164075 
0.158296 
0.130810 
0.143863 
0.112373 
0.122257 
0.166150 
0.152787 
0.152407 
0.145517 
0.112122 
0.167647 
0.165613 
0.110492 
0.141635 
0.185523 
0.143455 
0.176216 
0.151059 
0.110811 
0.154864 
0.175673 
0.185270 
0.162824 
0.131235 
0.120433 
0.153879 
0.123949 
0.112876 
0.150172 
0.124591 
0.133520 
0.135839 
0.100718 
0.095886 
0.140696 
0.120227 
0.120365 
0.146042 
0.109202 
0.131859 
0.157219 
0.110746 
0.113844 
0.136754 
0.090597 
0.111067 
0.121213 
0.077792 
0.107982 
0.099683 
0.069666 
0.088606 
0.071987 
0.050161 
0.036882 
0.035281 
0.027770 
0.021833 
0.067057 
0.063827 
0.040240 
0.058056 
0.058156 
0.038771 
0.029709 
0.023846 
0.017611 
0.012650 
0.009381 
0.006235 
0.012744 
0.013758 
0.008846 
0.010275 
0.009692 
0.007997 
0.005763 
0.006145 
0.007797 
0.005386 
0.004652 
0.003824 
0.005655 
0.005988 
0.003761 
0.004645 
0.005929 
0.005431 
0.003492 
0.005766 
0.006213 
0.004158 
0.003001 
0.003606 
0.004020 
0.002677 
0.002022 
0.001443 
0.001050 
0.000761 
0.000552 
0.000401 
0.000294 
0.000191 
0.000215 
0.000137 
0.002435 
0.009636 
0.010793 
0.013952 
0.028088 
0.042310 
0.073285 
0.070918 
0.055918 
0.055933 
0.054187 
0.062448 
0.064921 
0.063669 
0.055912 
0.066696 
0.060383 
0.114289 
0.136928 
0.162255 
0.231102 
0.198966 
0.280153 
0.253380 
0.200566 
0.206049 
0.213660 
0.218785 
0.298297 
0.262589 
0.247618 
0.228333 
0.250915 
0.231393 
0.259091 
0.259751 
0.267167 
0.257971 
0.243323 
0.231999 
0.246067 
0.241689 
0.252387 
0.248212 
0.243856 
0.247815 
0.232333 
0.233809 
0.253273 
0.252695 
0.248616 
0.244844 
0.240027 
0.242227 
0.248486 
0.231768 
0.240570 
0.229544 
0.244502 
0.244343 
0.223180 
0.215048 
0.229423 
0.209209 
0.236327 
0.226119 
0.210015 
0.204194 
0.136493 
0.110606 
0.145584 
0.131199 
0.167899 
0.143313 
0.151048 
0.151819 
0.119844 
0.126428 
0.091823 
0.117078 
0.090225 
0.093543 
0.084977 
0.066700 
0.066737 
0.045993 
0.036539 
0.027789 
0.019733 
0.033498 
0.027288 
0.032586 
0.043528 
0.030530 
0.039804 
0.031564 
0.029052 
0.023508 
0.020012 
0.023234 
0.016220 
0.011968 
0.008574 
0.006532 
0.005786 
0.003662 
0.006254 
0.007395 
0.005390 
0.005791 
0.003686 
0.006019 
0.006354 
0.005795 
0.006593 
0.004467 
0.003299 
0.002776 
0.002554 
0.002287 
0.001373 
0.004277 
0.005351 
0.004705 
0.005405 
0.004433 
0.006471 
0.004629 
0.004923 
0.004360 
0.003659 
0.004964 
0.003239 
0.004679 
0.005054 
0.004471 
0.006730 
0.002888 
0.018242 
0.038806 
0.053880 
0.064822 
0.049533 
0.036685 
0.096076 
0.147687 
0.103936 
0.079212 
0.056660 
0.044057 
0.036106 
0.032641 
0.034116 
0.044087 
0.043485 
0.036939 
0.038328 
0.043333 
0.046821 
0.049121 
0.057601 
0.069523 
0.068169 
0.091659 
0.098645 
0.110640 
0.116460 
0.140008 
0.117787 
0.121625 
0.106200 
0.100018 
0.092056 
0.082594 
0.093324 
0.076613 
0.098103 
0.074780 
0.077695 
0.060918 
0.057973 
0.047725 
0.048259 
0.042510 
0.038770 
0.037486 
0.034384 
0.041474 
0.033060 
0.040137 
0.031257 
0.038866 
0.031328 
0.040524 
0.033949 
0.038975 
0.035080 
0.035790 
0.033107 
0.030916 
0.028270 
0.032132 
0.030682 
0.030072 
0.029497 
0.030335 
0.026548 
0.025392 
0.023698 
0.025821 
0.022004 
0.040446 
0.054885 
0.042778 
0.068999 
0.086902 
0.113896 
0.146187 
0.166108 
0.216051 
0.221792 
0.243915 
0.242833 
0.244210 
0.231676 
0.221383 
0.213766 
0.208512 
0.213389 
0.229573 
0.230279 
0.241217 
0.237926 
0.231139 
0.222422 
0.223758 
0.223154 
0.235236 
0.231561 
0.235556 
0.238857 
0.238709 
0.241204 
0.239737 
0.241410 
0.234343 
0.237132 
0.237134 
0.232015 
0.224407 
0.218992 
0.212951 
0.211448 
0.205600 
0.199845 
0.191159 
0.200153 
0.197521 
0.198643 
0.182775 
0.192658 
0.193322 
0.193141 
0.195472 
0.206935 
0.196679 
0.200851 
0.196867 
0.190648 
0.183272 
0.186331 
0.182777 
0.180634 
0.171678 
0.164341 
0.155000 
0.147726 
0.132957 
0.116360 
0.110836 
0.092691 
0.091010 
0.065870 
0.060750 
0.045101 
0.045592 
0.035313 
0.031284 
0.032947 
0.022981 
0.029450 
0.024829 
0.021267 
0.017750 
0.015708 
0.013958 
0.018435 
0.015630 
0.017328 
0.013948 
0.016558 
0.014961 
0.014574 
0.015380 
0.011321 
0.009723 
0.008202 
0.011146 
0.008539 
0.007273 
0.007044 
0.007537 
0.006040 
0.007455 
0.005781 
0.006201 
0.005689 
0.004733 
0.004131 
0.003726 
0.003481 
0.003032 
0.002564 
0.002936 
0.002957 
0.003009 
0.003191 
0.003189 
0.003666 
0.003132 
0.003548 
0.002785 
0.003408 
0.002656 
0.002738 
0.002374 
0.002060 
0.001736 
0.001675 
0.001501 
0.002345 
0.001915 
0.003059 
0.002601 
0.002986 
0.002559 
0.001844 
0.001087 
0.002334 
0.003715 
0.002459 
0.001822 
0.001453 
0.000605 
0.004001 
0.006071 
0.004378 
0.002802 
0.010448 
0.033506 
0.060420 
0.058547 
0.047673 
0.038973 
0.039410 
0.029126 
0.021796 
0.016665 
0.016634 
0.022410 
0.024347 
0.025014 
0.023717 
0.024695 
0.022649 
0.028645 
0.038785 
0.033171 
0.027587 
0.025301 
0.024789 
0.028032 
0.037142 
0.040420 
0.041612 
0.041910 
0.037085 
0.040588 
0.041708 
0.036851 
0.038745 
0.039741 
0.035388 
0.034145 
0.032637 
0.037680 
0.038564 
0.034576 
0.047224 
0.043868 
0.045324 
0.054619 
0.036704 
0.064788 
0.062622 
0.053455 
0.072307 
0.049483 
0.071181 
0.070264 
0.056156 
0.095974 
0.072388 
0.088183 
0.100844 
0.067251 
0.079538 
0.065390 
0.054197 
0.082568 
0.066452 
0.066372 
0.066363 
0.059600 
0.078110 
0.072262 
0.070456 
0.098048 
0.078633 
0.066585 
0.065658 
0.060507 
0.086258 
0.104842 
0.090713 
0.092686 
0.109807 
0.109866 
0.109620 
0.099480 
0.116123 
0.139313 
0.115472 
0.113194 
0.116174 
0.106392 
0.126017 
0.145645 
0.133915 
0.125776 
0.117387 
0.130419 
0.147259 
0.143489 
0.127248 
0.156787 
0.153922 
0.142903 
0.131597 
0.113176 
0.118970 
0.111979 
0.115586 
0.140773 
0.118740 
0.101321 
0.112913 
0.118385 
0.126486 
0.143991 
0.151432 
0.125915 
0.103002 
0.099858 
0.091816 
0.103701 
0.100881 
0.119499 
0.096936 
0.115334 
0.136773 
0.099596 
0.090715 
0.127725 
0.124853 
0.102470 
0.085212 
0.090238 
0.103233 
0.099273 
0.113369 
0.118840 
0.137363 
0.127534 
0.111111 
0.087369 
0.071444 
0.064903 
0.069243 
0.055944 
0.067413 
0.077958 
0.074808 
0.064431 
0.067561 
0.063822 
0.048825 
0.058722 
0.064427 
0.060339 
0.051396 
0.045914 
0.046745 
0.045832 
0.037177 
0.039371 
0.036961 
0.026866 
0.021922 
0.018591 
0.023556 
0.021307 
0.014635 
0.012947 
0.011534 
0.009506 
0.006983 
0.005052 
0.003667 
0.002657 
0.001925 
0.001403 
0.001006 
0.001076 
0.001646 
0.002127 
0.002215 
0.001642 
0.001454 
0.001463 
0.001327 
0.001332 
0.001598 
0.001394 
0.001300 
0.001114 
0.001045 
0.000994 
0.000815 
0.000851 
0.000731 
0.000689 
0.000740 
0.000655 
0.000582 
0.000548 
0.000496 
0.000488 
0.000654 
0.000672 
0.000621 
0.000742 
0.000700 
0.000808 
0.002590 
0.007218 
0.011736 
0.014276 
0.009771 
0.013514 
0.020852 
0.019446 
0.029714 
0.038931 
0.033051 
0.027929 
0.027889 
0.020750 
0.044631 
0.069313 
0.109066 
0.207312 
0.227298 
0.216911 
0.259012 
0.256121 
0.265548 
0.247533 
0.235881 
0.226298 
0.223470 
0.247955 
0.239435 
0.242961 
0.235468 
0.226551 
0.232871 
0.220598 
0.216686 
0.208201 
0.194452 
0.217296 
0.213380 
0.215635 
0.204355 
0.195799 
0.213696 
0.199673 
0.210007 
0.215198 
0.206224 
0.219645 
0.212468 
0.210352 
0.218626 
0.201999 
0.187692 
0.180323 
0.170447 
0.165708 
0.149393 
0.148612 
0.138656 
0.139769 
0.140738 
0.114666 
0.123918 
0.100882 
0.083537 
0.073514 
0.051773 
0.048357 
0.036463 
0.031671 
0.038248 
0.026133 
0.027146 
0.030809 
0.023509 
0.019575 
0.014956 
0.022514 
0.017442 
0.016291 
0.015679 
0.011371 
0.011582 
0.008242 
0.007233 
0.006620 
0.005904 
0.008906 
0.006418 
0.006678 
0.006616 
0.005748 
0.010449 
0.007897 
0.006285 
0.004463 
0.004903 
0.006408 
0.004357 
0.005437 
0.004464 
0.003538 
0.003337 
0.002596 
0.004334 
0.003708 
0.002761 
0.002501 
0.002380 
0.004160 
0.003331 
0.003272 
0.003143 
0.002638 
0.003015 
0.002028 
0.003105 
0.002827 
0.002524 
0.003233 
0.002271 
0.002889 
0.002277 
0.002157 
0.002359 
0.001678 
0.001719 
0.001259 
0.001029 
0.000865 
0.000612 
0.000438 
0.000530 
0.001166 
0.001714 
0.002021 
0.003554 
0.011603 
0.012930 
0.024588 
0.035908 
0.033892 
0.034009 
0.027504 
0.033795 
0.032395 
0.026134 
0.020646 
0.024445 
0.023652 
0.074575 
0.065212 
0.089915 
0.122646 
0.095619 
0.139872 
0.103146 
0.153948 
0.133527 
0.137314 
0.155954 
0.136534 
0.152274 
0.143067 
0.167610 
0.154841 
0.160724 
0.174038 
0.149073 
0.151457 
0.135975 
0.146775 
0.147342 
0.137776 
0.175589 
0.131311 
0.157027 
0.158457 
0.121734 
0.175149 
0.142805 
0.169488 
0.166378 
0.126939 
0.177702 
0.132564 
0.151407 
0.160510 
0.114107 
0.167862 
0.128539 
0.131398 
0.162659 
0.113115 
0.133028 
0.139738 
0.144715 
0.152706 
0.134032 
0.137984 
0.129124 
0.133047 
0.155299 
0.134864 
0.132768 
0.138822 
0.134346 
0.176837 
0.158451 
0.163626 
0.160659 
0.154071 
0.185318 
0.153963 
0.146308 
0.162247 
0.157481 
0.119200 
0.135966 
0.117597 
0.143131 
0.163032 
0.142946 
0.208874 
0.195359 
0.163927 
0.165893 
0.127178 
0.150753 
0.207791 
0.179797 
0.175324 
0.182801 
0.141797 
0.164588 
0.212598 
0.166731 
0.174198 
0.190543 
0.157379 
0.187485 
0.187233 
0.141140 
0.158201 
0.184172 
0.144837 
0.202681 
0.209301 
0.178835 
0.225815 
0.191908 
0.174536 
0.225766 
0.203036 
0.184705 
0.220761 
0.181063 
0.173880 
0.209152 
0.176505 
0.184691 
0.196747 
0.161184 
0.166852 
0.187877 
0.170775 
0.206698 
0.195206 
0.155403 
0.196094 
0.191269 
0.183341 
0.203483 
0.154393 
0.177914 
0.217745 
0.179201 
0.212592 
0.230611 
0.197146 
0.201484 
0.182581 
0.151124 
0.153495 
0.135399 
0.178417 
0.195077 
0.151286 
0.151292 
0.134216 
0.131703 
0.162406 
0.155488 
0.168349 
0.174532 
0.161459 
0.167848 
0.154486 
0.121708 
0.146042 
0.121177 
0.133871 
0.150338 
0.142155 
0.174247 
0.149946 
0.126667 
0.148433 
0.152996 
0.141096 
0.163295 
0.142638 
0.141363 
0.170710 
0.148937 
0.153167 
0.158686 
0.164142 
0.166277 
0.136649 
0.150589 
0.128065 
0.146139 
0.173855 
0.142328 
0.137930 
0.135441 
0.120953 
0.103798 
0.089555 
0.077693 
0.080739 
0.092800 
0.080977 
0.063158 
0.069447 
0.059652 
0.051214 
0.067059 
0.063378 
0.056268 
0.063383 
0.051924 
0.044682 
0.042371 
0.048303 
0.051176 
0.038699 
0.043775 
0.046919 
0.037387 
0.034285 
0.031576 
0.028791 
0.024718 
0.026485 
0.028540 
0.023171 
0.017911 
0.017509 
0.015552 
0.012513 
0.009867 
0.007196 
0.005346 
0.007747 
0.008717 
0.007064 
0.006393 
0.005439 
0.005061 
0.005309 
0.003591 
0.003501 
0.002977 
0.002846 
0.003466 
0.002709 
0.002446 
0.001708 
0.001805 
0.002247 
0.001931 
0.001797 
0.001842 
0.002208 
0.003293 
0.003961 
0.004396 
0.003285 
0.005823 
0.009353 
0.009691 
0.008954 
0.008727 
0.007068 
0.008646 
0.013410 
0.017269 
0.016159 
0.016709 
0.019841 
0.023641 
0.023199 
0.023061 
0.026895 
0.028138 
0.025501 
0.028712 
0.027987 
0.033447 
0.044449 
0.037611 
0.040811 
0.040500 
0.035175 
0.036034 
0.035296 
0.039854 
0.057711 
0.079241 
0.063660 
0.048049 
0.045196 
0.053736 
0.078045 
0.078554 
0.072236 
0.057762 
0.050359 
0.056766 
0.066923 
0.070641 
0.061598 
0.047119 
0.047972 
0.059221 
0.054164 
0.060359 
0.050905 
0.057335 
0.055153 
0.044996 
0.042598 
0.051094 
0.065176 
0.079174 
0.094288 
0.084550 
0.063196 
0.066717 
0.057646 
0.065471 
0.062529 
0.061471 
0.070452 
0.073819 
0.075266 
0.062191 
0.055274 
0.070042 
0.070343 
0.053954 
0.051278 
0.062845 
0.050589 
0.056932 
0.057754 
0.061595 
0.064757 
0.079258 
0.086850 
0.074643 
0.062555 
0.056379 
0.071457 
0.084577 
0.074351 
0.063645 
0.060574 
0.060703 
0.056772 
0.056923 
0.047750 
0.053180 
0.054820 
0.055738 
0.068493 
0.066774 
0.063885 
0.068765 
0.071252 
0.075913 
0.083254 
0.089697 
0.105225 
0.092047 
0.070652 
0.064430 
0.070007 
0.097515 
0.088615 
0.075405 
0.077844 
0.069584 
0.054413 
0.046076 
0.049266 
0.044538 
0.053429 
0.053773 
0.049746 
0.053268 
0.060275 
0.070876 
0.058587 
0.062273 
0.063044 
0.045484 
0.045679 
0.044118 
0.034694 
0.035155 
0.057194 
0.054490 
0.058188 
0.066656 
0.058650 
0.044379 
0.042443 
0.049147 
0.061368 
0.057138 
0.048002 
0.045044 
0.043217 
0.047190 
0.052607 
0.039849 
0.032121 
0.034804 
0.036058 
0.034276 
0.036673 
0.031990 
0.022822 
0.032202 
0.044982 
0.042485 
0.040223 
0.041209 
0.042565 
0.037093 
0.035585 
0.030929 
0.025109 
0.024188 
0.039426 
0.039111 
0.032275 
0.027181 
0.025311 
0.023870 
0.025775 
0.033185 
0.034233 
0.024091 
0.020813 
0.018628 
0.023204 
0.023649 
0.024178 
0.029484 
0.027758 
0.023714 
0.019045 
0.019211 
0.018003 
0.017628 
0.022009 
0.022462 
0.017420 
0.018859 
0.017753 
0.015463 
0.020600 
0.027019 
0.021265 
0.020945 
0.020191 
0.015664 
0.015904 
0.016728 
0.018738 
0.015632 
0.014135 
0.012198 
0.009924 
0.009025 
0.009164 
0.016804 
0.020052 
0.018559 
0.017482 
0.012338 
0.014154 
0.016787 
0.014593 
0.013166 
0.010607 
0.009998 
0.011831 
0.011391 
0.010089 
0.008625 
0.009583 
0.010594 
0.009379 
0.008112 
0.005998 
0.005489 
0.007281 
0.006553 
0.005411 
0.004409 
0.004333 
0.005152 
0.004386 
0.005840 
0.008354 
0.006943 
0.007954 
0.007861 
0.007837 
0.007328 
0.006174 
0.005053 
0.005965 
0.005396 
0.004780 
0.005144 
0.004602 
0.005566 
0.006361 
0.005626 
0.006831 
0.006647 
0.005581 
0.004985 
0.003908 
0.004560 
0.003804 
0.003866 
0.004524 
0.005120 
0.004508 
0.003446 
0.002870 
0.002753 
0.003169 
0.003765 
0.003471 
0.002628 
0.002384 
0.002830 
0.002697 
0.003577 
0.003960 
0.003287 
0.002973 
0.003044 
0.002787 
0.002088 
0.001805 
0.001616 
0.001488 
0.001790 
0.001996 
0.001665 
0.001215 
0.000930 
0.000743 
0.000605 
0.000467 
0.000418 
0.000364 
0.000295 
0.000251 
0.000190 
0.000157 
0.000115 
0.000091 
0.000080 
0.000058 
0.000042 
0.000030 
0.000022 
0.000016 
0.000012 
0.000008 
0.000006 
0.000004 
0.000003 
0.000002 
0.000002 
0.000003 
0.000006 
0.000013 
0.000016 
0.000013 
0.000013 
0.000016 
0.000018 
0.000015 
0.000013 
0.000011 
0.000013 
0.000015 
0.000015 
0.000016 
0.000015 
0.000014 
0.000014 
0.000017 
0.000018 
0.000019 
0.000017 
0.000015 
0.000014 
0.000011 
0.000015 
0.000018 
0.000019 
0.000019 
0.000019 
0.000018 
0.000015 
0.000011 
0.000008 
0.000006 
0.000004 
0.000003 
0.000002 
0.000002 
0.000001 
0.000001 
0.000001 
0.000001 
0.000000 
0.000001 
0.000003 
0.000002 
0.000001 
0.000001 
0.000001 
0.000000 
0.000004 
0.000018 
0.000026 
0.000038 
0.000053 
0.000077 
0.000190 
0.000208 
0.000220 
0.000332 
0.000340 
0.000300 
0.000555 
0.000735 
0.000842 
0.001373 
0.001302 
0.001142 
0.001286 
0.001380 
0.001464 
0.001299 
0.001639 
0.001625 
0.001787 
0.002448 
0.001932 
0.001628 
0.002643 
0.002329 
0.001774 
0.002312 
0.003440 
0.004578 
0.004095 
0.003233 
0.003105 
0.003298 
0.002844 
0.002771 
0.003121 
0.004474 
0.003848 
0.003293 
0.003196 
0.003168 
0.002679 
0.002384 
0.002255 
0.002460 
0.002111 
0.003719 
0.003250 
0.017408 
0.022938 
0.066288 
0.075476 
0.133028 
0.150234 
0.140028 
0.146395 
0.151085 
0.158648 
0.172664 
0.174674 
0.179288 
0.188249 
0.196065 
0.209742 
0.225463 
0.232922 
0.238825 
0.252357 
0.253034 
0.254044 
0.255084 
0.242063 
0.257458 
0.255055 
0.258499 
0.242318 
0.245506 
0.243425 
0.237636 
0.254571 
0.242904 
0.235058 
0.241396 
0.240061 
0.222001 
0.242457 
0.232545 
0.259483 
0.261582 
0.288732 
0.256849 
0.241514 
0.220316 
0.246333 
0.246006 
0.275920 
0.259920 
0.274616 
0.247187 
0.270004 
0.246520 
0.277151 
0.263266 
0.270121 
0.253893 
0.261430 
0.247456 
0.251954 
0.232187 
0.235775 
0.221321 
0.228371 
0.215005 
0.210177 
0.207834 
0.210636 
0.194080 
0.194407 
0.165930 
0.163854 
0.115155 
0.090595 
0.064136 
0.049238 
0.034534 
0.032869 
0.035659 
0.027211 
0.026252 
0.018034 
0.018506 
0.020734 
0.019002 
0.020740 
0.020858 
0.017211 
0.018562 
0.016468 
0.022716 
0.023124 
0.023198 
0.021621 
0.019806 
0.017207 
0.014991 
0.013218 
0.011126 
0.009970 
0.009563 
0.010794 
0.008946 
0.010198 
0.008333 
0.010519 
0.008484 
0.006985 
0.005882 
0.005969 
0.005361 
0.004186 
0.006616 
0.010838 
0.011586 
0.010515 
0.008081 
0.006332 
0.005919 
0.004620 
0.004616 
0.005094 
0.005017 
0.004589 
0.009138 
0.018760 
0.030602 
0.030357 
0.047005 
0.055696 
0.039462 
0.043605 
0.044206 
0.043712 
0.089781 
0.123225 
0.197624 
0.188889 
0.232191 
0.236508 
0.248252 
0.230596 
0.240995 
0.216830 
0.235762 
0.221550 
0.222670 
0.200672 
0.217017 
0.213249 
0.209924 
0.209108 
0.216945 
0.193039 
0.187258 
0.173024 
0.204186 
0.195111 
0.197056 
0.197084 
0.218074 
0.203597 
0.204015 
0.184318 
0.196671 
0.171501 
0.192201 
0.165377 
0.174747 
0.160668 
0.173370 
0.152642 
0.161431 
0.144520 
0.167941 
0.143048 
0.159872 
0.151238 
0.164336 
0.139967 
0.153362 
0.145491 
0.143253 
0.143952 
0.151494 
0.140908 
0.120398 
0.109880 
0.109219 
0.088194 
0.084584 
0.084043 
0.095612 
0.093618 
0.090317 
0.077014 
0.091452 
0.101460 
0.114871 
0.118955 
0.094452 
0.131681 
0.163402 
0.178518 
0.177469 
0.147053 
0.122480 
0.160439 
0.163902 
0.126745 
0.127135 
0.124651 
0.133350 
0.155968 
0.162774 
0.155065 
0.166469 
0.125299 
0.119872 
0.115019 
0.113622 
0.109736 
0.118322 
0.123307 
0.123884 
0.112765 
0.112861 
0.114582 
0.131069 
0.155319 
0.150005 
0.128917 
0.143781 
0.152778 
0.143462 
0.122860 
0.147702 
0.192787 
0.143250 
0.112918 
0.118226 
0.110894 
0.136610 
0.148242 
0.156471 
0.143811 
0.118033 
0.118292 
0.127616 
0.142724 
0.173379 
0.155325 
0.157135 
0.139465 
0.123738 
0.147838 
0.140229 
0.143307 
0.156715 
0.148158 
0.129615 
0.125847 
0.112033 
0.137737 
0.145845 
0.176560 
0.204854 
0.182678 
0.147159 
0.145382 
0.129422 
0.133559 
0.161051 
0.169617 
0.165562 
0.132587 
0.119301 
0.136684 
0.122314 
0.118863 
0.096686 
0.077870 
0.089886 
0.084972 
0.080784 
0.091463 
0.088750 
0.075136 
0.077634 
0.069353 
0.078821 
0.095102 
0.087738 
0.106561 
0.106015 
0.117062 
0.108642 
0.115457 
0.094204 
0.082871 
0.080707 
0.074552 
0.070667 
0.069170 
0.069479 
0.062872 
0.050972 
0.076225 
0.064910 
0.091248 
0.076426 
0.077591 
0.062918 
0.059955 
0.047932 
0.047172 
0.038514 
0.044096 
0.037726 
0.045460 
0.039466 
0.045414 
0.040824 
0.056414 
0.049306 
0.053541 
0.049322 
0.063886 
0.055768 
0.060519 
0.056376 
0.069890 
0.059187 
0.056850 
0.051965 
0.054426 
0.050552 
0.050503 
0.049393 
0.049946 
0.052891 
0.050816 
0.056872 
0.054699 
0.067420 
0.064044 
0.068384 
0.061410 
0.077007 
0.070936 
0.080868 
0.074419 
0.090189 
0.079010 
0.095581 
0.093341 
0.106407 
0.093572 
0.112858 
0.103973 
0.118915 
0.109087 
0.117968 
0.110630 
0.126084 
0.121643 
0.167700 
0.169135 
0.247235 
0.258647 
0.270228 
0.283365 
0.285627 
0.307755 
0.321156 
0.315738 
0.310607 
0.297484 
0.280645 
0.279170 
0.285032 
0.289798 
0.276029 
0.279811 
0.271025 
0.277598 
0.274344 
0.267354 
0.264499 
0.278172 
0.258964 
0.266603 
0.265663 
0.257704 
0.249250 
0.248460 
0.251970 
0.245201 
0.252383 
0.251127 
0.254077 
0.237741 
0.244524 
0.237371 
0.232354 
0.242725 
0.245261 
0.236160 
0.235027 
0.249012 
0.246007 
0.252549 
0.237599 
0.241332 
0.242850 
0.242681 
0.237570 
0.231021 
0.238583 
0.239648 
0.234855 
0.227145 
0.235641 
0.221333 
0.218815 
0.216009 
0.197636 
0.186392 
0.159050 
0.151652 
0.132698 
0.134298 
0.115820 
0.119453 
0.106763 
0.099073 
0.084457 
0.094355 
0.086033 
0.077092 
0.065412 
0.068064 
0.057988 
0.066012 
0.074535 
0.067589 
0.063174 
0.062811 
0.068754 
0.064390 
0.057403 
0.054621 
0.046282 
0.047304 
0.063755 
0.058306 
0.057988 
0.063106 
0.058937 
0.069048 
0.063744 
0.054162 
0.053359 
0.048185 
0.049359 
0.053846 
0.049686 
0.049094 
0.048393 
0.045191 
0.041749 
0.044313 
0.050705 
0.048668 
0.048437 
0.049097 
0.041479 
0.043531 
0.040046 
0.035723 
0.037359 
0.042011 
0.035045 
0.045095 
0.043683 
0.035657 
0.034689 
0.035416 
0.037105 
0.040001 
0.037387 
0.036339 
0.047500 
0.050923 
0.051138 
0.051716 
0.051966 
0.047319 
0.039831 
0.032641 
0.033100 
0.035624 
0.032910 
0.034805 
0.043709 
0.040684 
0.040965 
0.053487 
0.047850 
0.048887 
0.054685 
0.052090 
0.043418 
0.045187 
0.052520 
0.056528 
0.054563 
0.051707 
0.067566 
0.058083 
0.047603 
0.051809 
0.059314 
0.057998 
0.055226 
0.058090 
0.055054 
0.058797 
0.050753 
0.055599 
0.053214 
0.054810 
0.066640 
0.064241 
0.058212 
0.063771 
0.081749 
0.081884 
0.067083 
0.069331 
0.070530 
0.055847 
0.055217 
0.045630 
0.045764 
0.063180 
0.078222 
0.122847 
0.139710 
0.146435 
0.196483 
0.220567 
0.253115 
0.257967 
0.268137 
0.272059 
0.265946 
0.259662 
0.265120 
0.270091 
0.267752 
0.264008 
0.266556 
0.260660 
0.250757 
0.240344 
0.229102 
0.223979 
0.215315 
0.214508 
0.221125 
0.220761 
0.209541 
0.214614 
0.214883 
0.226010 
0.230699 
0.229364 
0.228346 
0.234706 
0.231270 
0.224229 
0.231413 
0.241495 
0.229614 
0.225749 
0.221122 
0.221571 
0.219809 
0.218637 
0.223257 
0.220852 
0.213294 
0.215577 
0.217277 
0.218757 
0.209554 
0.203734 
0.203053 
0.207266 
0.211818 
0.231612 
0.220872 
0.213932 
0.210645 
0.216332 
0.213197 
0.207216 
0.208856 
0.204844 
0.204701 
0.207989 
0.209659 
0.206799 
0.203671 
0.206462 
0.197738 
0.195783 
0.190455 
0.190087 
0.205175 
0.206092 
0.207089 
0.199453 
0.199578 
0.209523 
0.211654 
0.204495 
0.210198 
0.219126 
0.200303 
0.198686 
0.202193 
0.205066 
0.206718 
0.201016 
0.202927 
0.202104 
0.202398 
0.201342 
0.195997 
0.204678 
0.207458 
0.199718 
0.200552 
0.197982 
0.192859 
0.198819 
0.196974 
0.192876 
0.191296 
0.186919 
0.186642 
0.184622 
0.190778 
0.199459 
0.192529 
0.179770 
0.190738 
0.203155 
0.196823 
0.190790 
0.191885 
0.190367 
0.195205 
0.182899 
0.174527 
0.175816 
0.168109 
0.161831 
0.184230 
0.192385 
0.188346 
0.185924 
0.186715 
0.182471 
0.183081 
0.196564 
0.191834 
0.192610 
0.207134 
0.211736 
0.219177 
0.217301 
0.216285 
0.224194 
0.227353 
0.227304 
0.222542 
0.209330 
0.198869 
0.187452 
0.173981 
0.168304 
0.143289 
0.119902 
0.094463 
0.072573 
0.052534 
0.041431 
0.033486 
0.030129 
0.025965 
0.025165 
0.024217 
0.027783 
0.026955 
0.031412 
0.037765 
0.041129 
0.037978 
0.034498 
0.032875 
0.031801 
0.034586 
0.035188 
0.035331 
0.038891 
0.042169 
0.046044 
0.045157 
0.046336 
0.046764 
0.047743 
0.046955 
0.046721 
0.050040 
0.049985 
0.052081 
0.049000 
0.047800 
0.056281 
0.058008 
0.059460 
0.058085 
0.058360 
0.054867 
0.053969 
0.056332 
0.052949 
0.053014 
0.055135 
0.063774 
0.056650 
0.055436 
0.057098 
0.062715 
0.070594 
0.068730 
0.068453 
0.065959 
0.065195 
0.091477 
0.121412 
0.161908 
0.233963 
0.237313 
0.225507 
0.257613 
0.250971 
0.190695 
0.221636 
0.254765 
0.239706 
0.214975 
0.229844 
0.233809 
0.245785 
0.254424 
0.249851 
0.245196 
0.252866 
0.256267 
0.257288 
0.244365 
0.253109 
0.257325 
0.258470 
0.264803 
0.249648 
0.248292 
0.268543 
0.257222 
0.246375 
0.257808 
0.248776 
0.231419 
0.220302 
0.219185 
0.244361 
0.229074 
0.204308 
0.202735 
0.200517 
0.200315 
0.195639 
0.197227 
0.192881 
0.190718 
0.185767 
0.178367 
0.167949 
0.158681 
0.161458 
0.155837 
0.157189 
0.156144 
0.150862 
0.146171 
0.151889 
0.153807 
0.149920 
0.148384 
0.144009 
0.148681 
0.148598 
0.147850 
0.130002 
0.114691 
0.115822 
0.099994 
0.087693 
0.076552 
0.070528 
0.058141 
0.051291 
0.052864 
0.049588 
0.047870 
0.043040 
0.039648 
0.040546 
0.037588 
0.035470 
0.037344 
0.037229 
0.039061 
0.046412 
0.067274 
0.090517 
0.124180 
0.151040 
0.181460 
0.210564 
0.227376 
0.235343 
0.241284 
0.244211 
0.239270 
0.228702 
0.215028 
0.203296 
0.194263 
0.178004 
0.165094 
0.146292 
0.130729 
0.118034 
0.112038 
0.113767 
0.116687 
0.118821 
0.115098 
0.121412 
0.124610 
0.125926 
0.128998 
0.129364 
0.128730 
0.135613 
0.133419 
0.134255 
0.134225 
0.127101 
0.136136 
0.125261 
0.118189 
0.109736 
0.097927 
0.095489 
0.082878 
0.070513 
0.062789 
0.055144 
0.040924 
0.033622 
0.026067 
0.027514 
0.024000 
0.020159 
0.016977 
0.015113 
0.012878 
0.011008 
0.010014 
0.008072 
0.006657 
0.005792 
0.005932 
0.006167 
0.006100 
0.006497 
0.006140 
0.005673 
0.005537 
0.005483 
0.005176 
0.004301 
0.003887 
0.003548 
0.003431 
0.003279 
0.003079 
0.003056 
0.003166 
0.002757 
0.002462 
0.002317 
0.002162 
0.001837 
0.001457 
0.001112 
0.001146 
0.001319 
0.001312 
0.001322 
0.001505 
0.001534 
0.001605 
0.001661 
0.001807 
0.002118 
0.002074 
0.002184 
0.002024 
0.001911 
0.001961 
0.001816 
0.001584 
0.001404 
0.001252 
0.001101 
0.000920 
0.000790 
0.000719 
0.000741 
0.000853 
0.000929 
0.001049 
0.001213 
0.001450 
0.002623 
0.004122 
0.011318 
0.021408 
0.027650 
0.033127 
0.035889 
0.029734 
0.045287 
0.064045 
0.080956 
0.112898 
0.221203 
0.282572 
0.321985 
0.328897 
0.322810 
0.308105 
0.300387 
0.278929 
0.260571 
0.250945 
0.204796 
0.166133 
0.178596 
0.177608 
0.196447 
0.191720 
0.199425 
0.215313 
0.172692 
0.193406 
0.224202 
0.183148 
0.172806 
0.211697 
0.200511 
0.173876 
0.207810 
0.211355 
0.187596 
0.182052 
0.193919 
0.184673 
0.171248 
0.189689 
0.175949 
0.167375 
0.191503 
0.192021 
0.182926 
0.174026 
0.176737 
0.182373 
0.192444 
0.206191 
0.199231 
0.203719 
0.194767 
0.183424 
0.189835 
0.187501 
0.180741 
0.180864 
0.167372 
0.159429 
0.168953 
0.176010 
0.174625 
0.179302 
0.178510 
0.178262 
0.183862 
0.188910 
0.188019 
0.180008 
0.164701 
0.164930 
0.174846 
0.179548 
0.148418 
0.165170 
0.180114 
0.161878 
0.163504 
0.170066 
0.165615 
0.171564 
0.172709 
0.159983 
0.162591 
0.170955 
0.185652 
0.187866 
0.190352 
0.178158 
0.170744 
0.178392 
0.180821 
0.175440 
0.176438 
0.184590 
0.188374 
0.188349 
0.193875 
0.199984 
0.196601 
0.183928 
0.174905 
0.179477 
0.187215 
0.185706 
0.186399 
0.191542 
0.196330 
0.208183 
0.207628 
0.217523 
0.235365 
0.235620 
0.242474 
0.239070 
0.224073 
0.221011 
0.220741 
0.206055 
0.199084 
0.204095 
0.211333 
0.204675 
0.194090 
0.185965 
0.182967 
0.181547 
0.174962 
0.155167 
0.143750 
0.117983 
0.093759 
0.087072 
0.075892 
0.071918 
0.077256 
0.075696 
0.068167 
0.063104 
0.052627 
0.043727 
0.034998 
0.033561 
0.034560 
0.032687 
0.030010 
0.023840 
0.016581 
0.013374 
0.015053 
0.012470 
0.011779 
0.011208 
0.007797 
0.006248 
0.007311 
0.010138 
0.011737 
0.011843 
0.009862 
0.007438 
0.005434 
0.005049 
0.005412 
0.005967 
0.005703 
0.005065 
0.004303 
0.003086 
0.002892 
0.003412 
0.003936 
0.003575 
0.002455 
0.003097 
0.003559 
0.003976 
0.004289 
0.004535 
0.004604 
0.004518 
0.004455 
0.004141 
0.003748 
0.003228 
0.003091 
0.003171 
0.003375 
0.003915 
0.004203 
0.004165 
0.003881 
0.003728 
0.003725 
0.003978 
0.004379 
0.004448 
0.004059 
0.003409 
0.002771 
0.002276 
0.001729 
0.001423 
0.001349 
0.001326 
0.001363 
0.001367 
0.001217 
0.001189 
0.001225 
0.001308 
0.001260 
0.001176 
0.001025 
0.000893 
0.000816 
0.000714 
0.000524 
0.000378 
0.000275 
0.000199 
0.000144 
0.000105 
0.000075 
0.000058 
0.000047 
0.000033 
0.000027 
0.000021 
0.000016 
0.000013 
0.000009 
0.000009 
0.000007 
0.000008 
0.000009 
0.000006 
0.000006 
0.000015 
0.000019 
0.000017 
0.000014 
0.000012 
0.000011 
0.000012 
0.000013 
0.000012 
0.000009 
0.000014 
0.000016 
0.000015 
0.000013 
0.000015 
0.000017 
0.000016 
0.000017 
0.000018 
0.000017 
0.000016 
0.000018 
0.000014 
0.000012 
0.000015 
0.000015 
0.000012 
0.000013 
0.000018 
0.000018 
0.000016 
0.000019 
0.000020 
0.000019 
0.000019 
0.000017 
0.000017 
0.000016 
0.000016 
0.000015 
0.000016 
0.000016 
0.000014 
0.000011 
0.000011 
0.000008 
0.000006 
0.000004 
0.000003 
0.000002 
0.000002 
0.000001 
-0.000000 
0.000009 
0.000090 
0.001004 
0.003668 
0.005431 
0.007455 
0.016021 
0.017207 
0.020570 
0.027108 
0.027610 
0.025572 
0.027041 
0.027689 
0.038215 
0.056312 
0.113642 
0.104517 
0.138811 
0.133244 
0.139419 
0.137741 
0.144623 
0.144086 
0.133141 
0.132325 
0.126003 
0.121894 
0.125121 
0.141350 
0.125282 
0.137457 
0.125906 
0.123595 
0.135868 
0.148787 
0.152716 
0.137577 
0.126345 
0.141878 
0.130293 
0.127117 
0.130156 
0.136900 
0.137448 
0.154184 
0.150950 
0.144974 
0.134962 
0.145220 
0.165849 
0.152279 
0.144321 
0.153081 
0.158607 
0.145397 
0.110659 
0.106285 
0.109920 
0.096596 
0.117582 
0.114942 
0.095594 
0.109541 
0.144096 
0.128107 
0.134001 
0.113643 
0.140029 
0.120713 
0.116176 
0.108792 
0.112205 
0.117510 
0.102650 
0.096976 
0.108845 
0.134297 
0.111610 
0.152792 
0.147413 
0.145254 
0.114358 
0.135606 
0.119341 
0.126264 
0.109363 
0.097971 
0.096820 
0.119521 
0.135349 
0.104911 
0.122971 
0.106242 
0.109625 
0.126533 
0.140360 
0.136697 
0.133916 
0.131338 
0.101799 
0.088887 
0.081657 
0.081806 
0.077628 
0.104409 
0.099014 
0.116447 
0.082818 
0.105942 
0.100469 
0.098124 
0.089164 
0.104535 
0.107768 
0.091041 
0.089334 
0.082768 
0.102014 
0.085072 
0.093044 
0.075730 
0.075857 
0.085455 
0.089646 
0.116114 
0.091657 
0.084064 
0.076932 
0.106926 
0.086662 
0.089405 
0.119969 
0.098316 
0.092610 
0.080200 
0.082416 
0.065673 
0.062669 
0.059043 
0.048524 
0.073395 
0.065837 
0.070836 
0.078353 
0.078822 
0.085540 
0.085635 
0.107048 
0.102250 
0.082011 
0.072698 
0.055986 
0.043476 
0.054483 
0.068752 
0.061845 
0.051164 
0.071973 
0.073856 
0.065067 
0.065133 
0.056414 
0.075295 
0.078193 
0.063719 
0.056464 
0.046195 
0.047575 
0.041571 
0.061933 
0.073557 
0.050062 
0.049180 
0.043807 
0.032951 
0.033248 
0.031802 
0.036032 
0.029457 
0.029002 
0.030691 
0.024727 
0.033914 
0.039676 
0.032615 
0.045771 
0.045234 
0.044244 
0.050937 
0.052528 
0.050176 
0.040185 
0.037025 
0.034486 
0.040401 
0.054109 
0.054281 
0.061713 
0.064035 
0.051986 
0.044582 
0.045221 
0.050306 
0.050676 
0.059261 
0.062310 
0.050561 
0.053899 
0.062551 
0.059203 
0.056272 
0.056191 
0.066411 
0.067813 
0.073992 
0.073617 
0.059185 
0.056483 
0.051563 
0.058866 
0.061338 
0.063854 
0.066110 
0.057826 
0.062541 
0.054722 
0.046159 
0.044812 
0.041281 
0.039694 
0.033232 
0.031988 
0.029472 
0.035703 
0.041051 
0.037559 
0.031977 
0.035437 
0.038963 
0.036028 
0.029306 
0.024545 
0.021393 
0.020848 
0.021286 
0.021261 
0.021337 
0.023538 
0.021551 
0.020232 
0.021626 
0.019778 
0.017433 
0.018528 
0.017242 
0.017335 
0.020344 
0.020630 
0.017502 
0.019760 
0.019044 
0.018642 
0.020078 
0.019232 
0.019982 
0.020477 
0.017452 
0.015239 
0.014954 
0.017725 
0.018664 
0.013928 
0.012693 
0.011543 
0.014767 
0.016113 
0.018082 
0.017000 
0.015641 
0.018228 
0.018600 
0.016797 
0.020162 
0.019534 
0.015642 
0.013650 
0.014161 
0.015294 
0.011909 
0.013951 
0.015417 
0.013667 
0.013527 
0.012055 
0.015813 
0.015343 
0.014838 
0.015771 
0.015483 
0.013165 
0.014167 
0.014748 
0.018330 
0.017706 
0.013287 
0.014193 
0.013286 
0.011568 
0.012321 
0.016190 
0.017458 
0.015937 
0.014087 
0.014746 
0.016584 
0.017278 
0.014915 
0.016627 
0.018144 
0.018339 
0.019126 
0.018545 
0.018135 
0.015181 
0.013001 
0.014963 
0.017283 
0.021281 
0.020732 
0.023043 
0.024519 
0.022799 
0.020313 
0.018022 
0.019181 
0.025192 
0.024022 
0.024691 
0.029864 
0.028630 
0.024434 
0.022952 
0.025684 
0.026609 
0.025622 
0.024723 
0.020360 
0.019794 
0.023081 
0.026867 
0.028821 
0.023912 
0.024278 
0.028926 
0.034190 
0.031825 
0.029860 
0.036215 
0.036850 
0.042535 
0.039389 
0.048316 
0.059811 
0.071126 
0.062996 
0.080749 
0.070856 
0.125134 
0.122238 
0.168966 
0.160367 
0.191011 
0.191026 
0.248832 
0.218535 
0.232571 
0.213126 
0.239878 
0.216716 
0.232176 
0.195151 
0.220146 
0.208223 
0.235923 
0.224692 
0.228068 
0.212614 
0.225394 
0.227383 
0.250577 
0.259388 
0.274402 
0.272016 
0.282210 
0.293273 
0.309739 
0.309009 
0.312693 
0.299883 
0.298645 
0.284856 
0.268016 
0.254972 
0.248788 
0.211639 
0.204553 
0.199921 
0.202060 
0.204414 
0.207703 
0.205192 
0.190445 
0.186055 
0.177105 
0.176553 
0.167357 
0.179979 
0.169120 
0.163577 
0.138054 
0.106697 
0.092929 
0.065573 
0.048966 
0.036617 
0.022891 
0.033592 
0.051713 
0.036750 
0.037659 
0.026612 
0.048641 
0.048668 
0.039396 
0.034814 
0.028962 
0.030214 
0.032996 
0.057553 
0.066274 
0.083749 
0.103707 
0.115181 
0.156718 
0.176456 
0.191483 
0.194376 
0.198746 
0.203942 
0.208761 
0.218335 
0.214243 
0.234514 
0.222033 
0.242691 
0.222603 
0.240624 
0.229130 
0.230687 
0.240603 
0.232786 
0.227804 
0.242403 
0.255723 
0.250260 
0.210655 
0.215006 
0.201111 
0.219357 
0.203061 
0.219269 
0.200072 
0.220454 
0.192329 
0.207822 
0.197864 
0.215748 
0.193683 
0.195222 
0.172403 
0.194004 
0.188596 
0.185265 
0.176086 
0.178661 
0.169492 
0.162226 
0.145606 
0.128968 
0.116089 
0.086771 
0.069860 
0.050326 
0.040839 
0.041194 
0.030058 
0.028827 
0.021016 
0.022944 
0.023488 
0.021658 
0.019612 
0.019212 
0.017398 
0.019777 
0.017494 
0.015786 
0.014421 
0.010851 
0.012663 
0.010363 
0.012216 
0.009789 
0.011945 
0.010554 
0.010567 
0.009631 
0.008830 
0.007910 
0.008106 
0.007262 
0.007456 
0.007277 
0.005718 
0.006026 
0.004847 
0.004532 
0.003401 
0.003637 
0.002857 
0.003546 
0.003446 
0.003362 
0.003092 
0.003329 
0.003105 
0.002724 
0.002235 
0.003155 
0.003338 
0.002665 
0.002444 
0.001696 
0.001190 
0.001152 
0.001292 
0.001217 
0.001245 
0.001114 
0.001071 
0.001248 
0.001794 
0.001956 
0.004181 
0.002062 
0.016867 
0.039354 
0.042466 
0.034265 
0.026045 
0.018851 
0.020485 
0.021396 
0.023817 
0.028939 
0.022005 
0.031227 
0.042628 
0.044335 
0.077035 
0.115599 
0.124142 
0.155913 
0.187109 
0.193736 
0.215749 
0.228418 
0.246502 
0.236320 
0.250050 
0.239152 
0.251370 
0.275733 
0.246766 
0.243585 
0.229049 
0.229700 
0.217957 
0.214201 
0.221987 
0.231086 
0.258446 
0.244208 
0.238941 
0.228442 
0.238702 
0.237964 
0.249941 
0.237827 
0.248401 
0.249156 
0.251398 
0.239479 
0.249663 
0.254071 
0.256259 
0.248447 
0.250794 
0.259032 
0.264283 
0.262442 
0.259145 
0.253530 
0.249849 
0.272707 
0.284264 
0.275765 
0.257455 
0.253838 
0.249504 
0.274860 
0.276605 
0.270409 
0.256458 
0.250960 
0.241203 
0.227573 
0.218924 
0.211103 
0.213946 
0.202709 
0.202166 
0.177755 
0.181947 
0.164060 
0.162044 
0.159724 
0.178886 
0.177410 
0.179621 
0.162177 
0.174039 
0.172302 
0.177318 
0.175623 
0.184969 
0.184771 
0.192463 
0.191637 
0.206022 
0.206666 
0.213175 
0.204057 
0.222760 
0.218859 
0.230953 
0.233392 
0.228893 
0.237188 
0.241253 
0.229146 
0.230657 
0.243386 
0.261336 
0.261849 
0.263655 
0.264921 
0.279016 
0.279367 
0.284178 
0.276631 
0.268657 
0.266736 
0.265408 
0.261039 
0.260448 
0.254394 
0.273732 
0.270209 
0.268206 
0.260494 
0.258895 
0.257152 
0.259960 
0.235927 
0.247024 
0.248637 
0.246532 
0.242500 
0.241620 
0.224361 
0.224262 
0.225122 
0.212518 
0.188151 
0.186115 
0.165121 
0.142501 
0.118328 
0.105717 
0.089665 
0.076899 
0.060769 
0.051968 
0.044700 
0.035071 
0.037672 
0.028843 
0.029717 
0.023764 
0.029969 
0.024371 
0.033950 
0.037891 
0.032340 
0.031180 
0.029238 
0.029344 
0.024333 
0.024924 
0.021322 
0.026021 
0.019500 
0.024106 
0.020399 
0.025729 
0.021840 
0.025064 
0.021826 
0.023571 
0.020101 
0.020955 
0.018221 
0.018718 
0.015968 
0.017103 
0.015211 
0.014786 
0.012776 
0.012804 
0.011097 
0.010372 
0.008768 
0.008552 
0.007289 
0.006418 
0.005196 
0.004319 
0.003485 
0.002906 
0.002676 
0.002008 
0.001640 
0.001546 
0.001598 
0.001508 
0.001253 
0.001502 
0.002389 
0.002921 
0.002284 
0.003393 
0.006858 
0.007269 
0.006681 
0.004929 
0.015393 
0.021864 
0.015241 
0.012245 
0.010187 
0.012513 
0.022507 
0.022846 
0.017154 
0.014645 
0.010553 
0.010146 
0.010429 
0.008409 
0.009049 
0.012035 
0.011239 
0.011924 
0.010710 
0.010984 
0.012545 
0.015459 
0.017287 
0.023916 
0.033204 
0.038881 
0.043868 
0.061158 
0.073270 
0.070226 
0.055737 
0.054525 
0.050464 
0.051197 
0.085338 
0.073615 
0.067076 
0.052625 
0.048900 
0.066002 
0.053148 
0.050509 
0.061387 
0.057736 
0.056270 
0.071054 
0.066949 
0.063883 
0.064421 
0.070467 
0.082168 
0.067480 
0.050377 
0.047782 
0.056478 
0.094483 
0.080703 
0.058102 
0.047068 
0.036254 
0.030032 
0.024379 
0.038534 
0.054610 
0.051752 
0.050415 
0.046960 
0.043373 
0.036892 
0.034258 
0.035994 
0.034490 
0.028981 
0.036043 
0.047245 
0.048246 
0.043804 
0.040283 
0.037275 
0.035002 
0.035011 
0.041588 
0.044735 
0.043607 
0.048349 
0.058543 
0.062687 
0.073695 
0.073358 
0.088753 
0.097105 
0.121120 
0.114050 
0.133198 
0.139069 
0.148989 
0.149248 
0.161755 
0.156503 
0.171738 
0.179594 
0.197028 
0.189366 
0.200179 
0.179000 
0.193890 
0.181351 
0.202561 
0.191415 
0.208123 
0.188097 
0.189839 
0.176379 
0.180940 
0.166257 
0.168600 
0.149347 
0.143200 
0.126669 
0.128546 
0.115003 
0.103385 
0.092217 
0.082329 
0.072796 
0.063475 
0.049919 
0.043120 
0.033589 
0.036883 
0.032644 
0.034025 
0.037056 
0.034072 
0.040326 
0.033093 
0.034137 
0.027759 
0.028853 
0.023768 
0.028457 
0.021550 
0.022976 
0.018499 
0.013154 
0.009833 
0.006989 
0.006515 
0.005449 
0.007214 
0.007559 
0.008522 
0.006890 
0.009198 
0.008470 
0.009146 
0.008243 
0.008542 
0.007541 
0.007339 
0.006271 
0.005925 
0.004939 
0.004674 
0.004369 
0.003835 
0.003776 
0.003018 
0.002971 
0.002578 
0.002312 
0.001868 
0.001653 
0.001290 
0.001365 
0.001029 
0.000867 
0.000617 
0.000598 
0.000452 
0.000717 
0.001192 
0.001132 
0.001365 
0.001268 
0.001456 
0.001446 
0.001639 
0.001661 
0.001992 
0.001728 
0.001902 
0.001573 
0.001970 
0.001627 
0.002178 
0.001789 
0.002026 
0.001681 
0.001826 
0.001504 
0.001499 
0.001210 
0.001079 
0.000881 
0.000844 
0.000721 
0.000710 
0.000677 
0.000710 
0.000804 
0.000966 
0.000989 
0.001080 
0.000976 
0.000918 
0.000996 
0.001016 
0.000984 
0.000922 
0.000881 
0.000815 
0.000665 
0.000552 
0.000456 
0.000391 
0.000374 
0.000352 
0.000539 
0.000495 
0.000606 
0.000513 
0.000553 
0.000416 
0.000330 
0.000261 
0.000236 
0.000190 
0.000165 
0.000142 
0.000118 
0.000094 
0.000120 
0.000481 
0.000454 
0.000301 
0.000239 
0.000289 
0.000226 
0.000202 
0.000178 
0.001866 
0.006802 
0.010055 
0.016951 
0.040982 
0.048436 
0.045082 
0.051473 
0.055561 
0.046677 
0.052590 
0.092807 
0.174646 
0.227634 
0.235613 
0.228113 
0.231636 
0.247962 
0.250659 
0.254790 
0.250066 
0.217403 
0.208030 
0.197434 
0.214775 
0.212793 
0.225595 
0.228170 
0.218846 
0.219960 
0.215946 
0.228974 
0.224745 
0.232405 
0.231603 
0.234141 
0.230201 
0.238531 
0.240265 
0.249716 
0.251444 
0.263359 
0.262361 
0.255931 
0.268965 
0.246434 
0.258653 
0.242768 
0.245500 
0.225122 
0.224240 
0.213097 
0.214299 
0.204338 
0.204564 
0.197660 
0.184754 
0.184424 
0.165222 
0.160557 
0.150764 
0.158674 
0.154479 
0.157304 
0.148754 
0.145778 
0.141281 
0.136276 
0.140446 
0.141093 
0.133962 
0.123365 
0.143242 
0.131432 
0.137561 
0.135168 
0.138029 
0.137500 
0.136458 
0.144239 
0.135551 
0.136177 
0.137088 
0.148767 
0.138069 
0.138349 
0.129881 
0.126111 
0.126391 
0.132461 
0.135217 
0.133293 
0.140362 
0.132529 
0.128894 
0.122247 
0.126849 
0.134638 
0.138866 
0.135730 
0.138408 
0.136019 
0.126189 
0.129818 
0.127509 
0.122906 
0.116128 
0.118989 
0.120779 
0.116863 
0.111340 
0.105260 
0.109532 
0.112541 
0.109170 
0.104646 
0.100209 
0.094678 
0.091404 
0.081267 
0.073404 
0.064924 
0.059588 
0.057667 
0.049104 
0.042443 
0.038535 
0.034338 
0.032291 
0.030088 
0.031624 
0.031742 
0.033969 
0.029819 
0.027859 
0.030600 
0.028975 
0.027937 
0.027159 
0.030057 
0.027840 
0.027559 
0.032214 
0.032604 
0.031433 
0.030642 
0.033849 
0.032672 
0.031728 
0.033546 
0.031978 
0.032932 
0.032299 
0.032206 
0.031043 
0.031514 
0.030775 
0.030275 
0.028041 
0.031071 
0.036926 
0.032356 
0.029453 
0.033880 
0.034951 
0.033275 
0.033854 
0.031994 
0.032532 
0.031033 
0.031698 
0.032026 
0.026325 
0.028219 
0.036740 
0.029064 
0.025464 
0.036115 
0.035079 
0.034478 
0.033717 
0.032260 
0.034310 
0.038993 
0.040627 
0.038608 
0.037730 
0.039605 
0.040795 
0.036845 
0.039052 
0.044266 
0.042531 
0.037032 
0.048041 
0.059858 
0.112599 
0.167005 
0.185442 
0.184728 
0.183332 
0.172517 
0.164476 
0.170654 
0.172590 
0.175728 
0.170781 
0.167136 
0.186906 
0.206724 
0.226601 
0.254723 
0.273876 
0.297203 
0.301582 
0.313854 
0.316756 
0.318975 
0.325691 
0.323900 
0.322635 
0.319510 
0.319654 
0.315817 
0.309854 
0.303851 
0.288835 
0.266441 
0.247855 
0.233857 
0.224016 
0.218527 
0.221780 
0.215750 
0.192722 
0.192469 
0.201469 
0.184767 
0.176766 
0.171358 
0.164146 
0.163639 
0.158734 
0.145368 
0.134308 
0.144263 
0.150214 
0.158955 
0.171339 
0.174567 
0.175427 
0.186521 
0.190431 
0.172342 
0.176501 
0.177661 
0.162962 
0.168782 
0.187584 
0.180907 
0.180433 
0.188796 
0.174917 
0.152741 
0.111235 
0.083105 
0.059588 
0.043115 
0.032338 
0.025275 
0.023607 
0.021175 
0.017521 
0.013314 
0.012081 
0.012355 
0.015718 
0.014966 
0.013955 
0.010058 
0.009274 
0.010151 
0.016965 
0.016079 
0.014056 
0.012871 
0.012632 
0.010733 
0.010384 
0.010449 
0.011648 
0.011208 
0.010326 
0.009099 
0.007852 
0.007067 
0.007044 
0.007090 
0.007146 
0.007165 
0.005895 
0.004380 
0.003434 
0.003640 
0.003299 
0.003369 
0.003683 
0.003851 
0.003930 
0.004186 
0.004083 
0.004229 
0.004459 
0.004598 
0.004266 
0.003517 
0.002829 
0.002516 
0.002512 
0.002524 
0.002585 
0.002611 
0.003140 
0.003171 
0.003181 
0.002938 
0.002523 
0.001895 
0.001609 
0.001609 
0.001993 
0.002287 
0.002477 
0.002441 
0.002385 
0.002223 
0.002075 
0.001892 
0.001736 
0.001443 
0.001097 
0.000974 
0.000856 
0.000745 
0.000885 
0.001030 
0.001255 
0.001270 
0.002696 
0.006198 
0.009565 
0.012477 
0.010720 
0.027011 
0.072142 
0.083191 
0.078222 
0.076725 
0.142649 
0.197627 
0.206142 
0.187223 
0.226887 
0.263107 
0.287240 
0.293752 
0.287862 
0.278340 
0.272295 
0.263477 
0.277707 
0.281235 
0.274990 
0.258643 
0.256657 
0.263550 
0.249768 
0.246391 
0.253430 
0.251650 
0.252354 
0.261053 
0.251786 
0.242090 
0.239558 
0.239415 
0.237924 
0.236991 
0.235548 
0.243067 
0.239173 
0.233440 
0.229991 
0.223667 
0.215625 
0.209265 
0.196265 
0.183768 
0.184869 
0.172602 
0.151817 
0.137025 
0.126127 
0.120271 
0.114462 
0.110235 
0.098273 
0.095559 
0.097139 
0.092353 
0.085963 
0.076721 
0.067968 
0.063205 
0.050081 
0.041758 
0.034009 
0.027567 
0.021427 
0.016098 
0.016420 
0.016845 
0.020521 
0.022125 
0.023813 
0.023006 
0.021217 
0.019073 
0.015564 
0.013072 
0.012080 
0.010427 
0.008804 
0.007221 
0.006449 
0.007344 
0.007897 
0.008722 
0.010559 
0.011558 
0.013978 
0.013516 
0.013421 
0.014055 
0.013297 
0.012846 
0.011185 
0.009741 
0.009032 
0.007824 
0.006560 
0.005891 
0.005265 
0.004018 
0.004092 
0.005209 
0.004044 
0.003183 
0.003291 
0.003105 
0.003349 
0.002887 
0.002322 
0.001941 
0.001874 
0.001993 
0.002449 
0.002546 
0.003342 
0.007369 
0.012216 
0.025392 
0.034594 
0.039017 
0.037728 
0.027638 
0.021045 
0.029588 
0.033633 
0.038509 
0.060118 
0.092604 
0.107351 
0.125127 
0.119512 
0.117455 
0.113836 
0.110526 
0.110083 
0.120083 
0.129387 
0.130218 
0.145451 
0.131819 
0.149743 
0.151358 
0.165487 
0.146348 
0.137437 
0.137090 
0.153942 
0.147728 
0.158246 
0.164714 
0.184921 
0.168942 
0.167458 
0.159954 
0.174952 
0.159568 
0.187292 
0.184234 
0.183654 
0.167072 
0.181480 
0.179581 
0.195346 
0.203941 
0.208176 
0.204284 
0.208006 
0.200173 
0.199295 
0.195314 
0.196307 
0.191584 
0.195666 
0.196074 
0.195632 
0.205320 
0.198894 
0.194562 
0.195207 
0.199148 
0.202168 
0.210001 
0.212863 
0.209618 
0.190698 
0.192385 
0.191635 
0.199576 
0.182113 
0.186830 
0.184894 
0.191013 
0.176268 
0.200096 
0.191297 
0.194568 
0.182821 
0.191949 
0.174189 
0.194552 
0.206399 
0.212153 
0.190629 
0.187525 
0.189153 
0.211432 
0.207187 
0.206229 
0.206612 
0.220244 
0.205809 
0.204077 
0.190110 
0.200045 
0.190770 
0.189916 
0.185271 
0.192139 
0.200654 
0.193627 
0.195263 
0.176101 
0.170591 
0.158355 
0.165024 
0.159438 
0.172437 
0.196378 
0.220235 
0.177439 
0.161935 
0.154010 
0.164316 
0.184565 
0.172172 
0.177244 
0.172763 
0.160259 
0.151795 
0.183027 
0.145320 
0.133091 
0.141034 
0.156970 
0.159121 
0.177530 
0.168553 
0.164209 
0.197365 
0.164674 
0.155815 
0.144969 
0.170855 
0.212419 
0.241539 
0.208555 
0.193655 
0.161671 
0.145219 
0.138021 
0.163745 
0.193497 
0.189213 
0.222006 
0.232040 
0.210040 
0.159325 
0.153175 
0.157641 
0.169071 
0.174245 
0.171888 
0.174977 
0.183261 
0.226963 
0.198264 
0.170526 
0.152294 
0.191861 
0.158755 
0.160689 
0.145530 
0.200527 
0.187925 
0.159933 
0.149293 
0.136617 
0.137845 
0.142551 
0.137860 
0.125656 
0.186051 
0.190228 
0.175928 
0.173852 
0.156838 
0.157591 
0.167974 
0.188432 
0.159476 
0.163224 
0.150947 
0.166121 
0.144737 
0.193590 
0.192075 
0.187035 
0.172824 
0.177185 
0.166750 
0.140122 
0.123271 
0.124905 
0.161355 
0.169540 
0.152934 
0.144459 
0.161560 
0.150285 
0.133779 
0.136774 
0.159600 
0.159271 
0.140210 
0.116280 
0.102788 
0.103276 
0.103047 
0.128953 
0.121605 
0.145651 
0.121930 
0.110845 
0.137364 
0.158247 
0.149801 
0.111377 
0.092666 
0.075402 
0.085019 
0.080891 
0.084181 
0.086175 
0.080711 
0.105118 
0.092168 
0.097644 
0.095842 
0.079886 
0.064019 
0.053568 
0.074570 
0.101860 
0.103508 
0.084915 
0.063311 
0.045646 
0.034633 
0.040562 
0.050349 
0.044024 
0.040160 
0.042655 
0.035303 
0.032181 
0.024294 
0.018043 
0.016614 
0.018588 
0.018552 
0.018740 
0.018379 
0.015046 
0.012339 
0.010180 
0.007937 
0.007053 
0.006683 
0.006294 
0.005962 
0.005842 
0.005921 
0.004602 
0.004368 
0.003395 
0.003944 
0.003616 
0.003506 
0.003574 
0.002866 
0.002542 
0.002867 
0.002742 
0.001969 
0.002422 
0.001835 
0.001844 
0.001491 
0.002203 
0.002481 
0.001941 
0.001708 
0.001591 
0.003059 
0.003150 
0.003017 
0.003153 
0.004600 
0.005194 
0.004513 
0.005458 
0.007269 
0.009626 
0.009552 
0.009350 
0.010998 
0.012453 
0.012232 
0.012287 
0.010587 
0.011864 
0.015489 
0.015591 
0.013631 
0.015474 
0.017630 
0.016236 
0.015416 
0.018497 
0.023688 
0.021244 
0.015987 
0.015283 
0.021786 
0.029928 
0.028966 
0.033922 
0.042233 
0.036646 
0.035944 
0.032681 
0.026533 
0.030234 
0.031567 
0.038704 
0.033440 
0.031514 
0.031314 
0.031447 
0.041265 
0.037347 
0.027022 
0.035383 
0.045097 
0.034565 
0.036528 
0.048427 
0.047218 
0.043302 
0.044408 
0.045475 
0.048285 
0.049816 
0.039424 
0.040569 
0.045422 
0.048026 
0.044203 
0.044026 
0.049227 
0.048695 
0.054778 
0.045208 
0.041031 
0.038130 
0.037092 
0.038410 
0.038519 
0.044157 
0.039343 
0.035716 
0.044553 
0.057954 
0.048150 
0.044379 
0.044859 
0.048314 
0.051355 
0.057528 
0.059320 
0.056419 
0.053266 
0.047544 
0.049751 
0.044905 
0.041194 
0.061579 
0.060191 
0.040774 
0.034226 
0.054677 
0.056629 
0.053956 
0.043734 
0.034837 
0.055807 
0.067878 
0.065882 
0.054047 
0.052398 
0.049722 
0.038085 
0.039920 
0.048369 
0.041210 
0.034475 
0.038983 
0.038188 
0.033685 
0.037060 
0.045941 
0.042306 
0.035743 
0.027114 
0.032839 
0.033388 
0.026650 
0.035621 
0.041029 
0.031694 
0.033050 
0.031406 
0.046969 
0.038199 
0.033969 
0.030438 
0.024212 
0.027013 
0.023102 
0.020208 
0.018488 
0.021641 
0.029613 
0.026751 
0.020814 
0.018546 
0.015448 
0.012876 
0.012905 
0.010761 
0.017039 
0.024343 
0.023427 
0.018462 
0.021237 
0.017979 
0.017057 
0.022029 
0.019849 
0.016046 
0.016414 
0.014851 
0.014421 
0.016069 
0.015469 
0.012444 
0.011808 
0.012650 
0.012590 
0.012745 
0.013136 
0.010489 
0.009830 
0.012639 
0.014352 
0.014251 
0.010239 
0.008327 
0.008978 
0.012134 
0.011113 
0.009517 
0.008481 
0.007087 
0.004949 
0.005864 
0.009259 
0.007021 
0.006737 
0.008496 
0.010708 
0.010556 
0.009805 
0.008460 
0.006036 
0.004939 
0.006174 
0.005973 
0.005660 
0.004754 
0.004443 
0.004294 
0.004874 
0.005318 
0.004184 
0.004878 
0.004744 
0.005618 
0.004747 
0.003442 
0.003020 
0.003013 
0.002843 
0.002617 
0.002180 
0.002188 
0.002421 
0.002127 
0.001607 
0.001768 
0.002662 
0.002817 
0.002612 
0.003018 
0.002555 
0.002137 
0.001744 
0.001623 
0.001544 
0.001348 
0.001314 
0.001271 
0.001412 
0.001289 
0.000947 
0.001041 
0.000880 
0.000978 
0.001035 
0.001005 
0.000886 
0.000813 
0.000695 
0.000575 
0.000687 
0.000904 
0.000732 
0.000830 
0.000894 
0.000851 
0.000666 
0.000570 
0.000560 
0.000545 
0.000465 
0.000366 
0.000440 
0.000405 
0.000387 
0.000392 
0.000336 
0.000294 
0.000250 
0.000208 
0.000207 
0.000184 
0.000170 
0.000195 
0.000196 
0.000143 
0.000105 
0.000136 
0.000197 
0.000147 
0.000108 
0.000089 
0.000126 
0.000119 
0.000085 
0.000102 
0.000082 
0.000060 
0.000095 
0.000100 
0.000072 
0.000064 
0.000136 
0.000169 
0.000115 
0.000086 
0.000061 
0.000045 
0.000033 
0.000023 
0.000030 
0.000037 
0.000044 
0.000035 
0.000036 
0.000039 
0.000028 
0.000024 
0.000027 
0.000030 
0.000026 
0.000019 
0.000018 
0.000028 
0.000029 
0.000023 
0.000020 
0.000024 
0.000022 
0.000016 
0.000012 
0.000009 
0.000006 
0.000005 
0.000003 
0.000002 
0.000002 
0.000001 
0.000001 
0.000001 
0.000000 
0.000000 
0.000000 
0.000000 
0.000000 
0.000000 
0.000000 
0.000000 
0.000000 
0.000000 
0.000000 
0.000000 
0.000000 
0.000000 
