[ASCII 1000Hz, Channels: 1, Samples: 2952, Flags: 0]                          
0.000000 
0.000000 
0.000000 
0.000000 
0.000000 
0.000000 
0.000000 
0.000000 
0.000000 
0.000000 
0.000000 
0.000000 
0.000000 
0.000000 
0.000000 
0.000000 
0.000000 
0.000000 
0.000000 
0.000000 
0.000000 
0.000000 
0.000000 
0.000000 
0.000000 
0.000000 
0.000000 
0.000000 
0.000000 
0.000000 
0.000000 
0.000000 
0.000000 
0.000000 
0.000000 
0.000000 
0.000000 
0.000000 
0.000000 
0.000000 
0.000000 
0.000000 
0.000000 
0.000000 
0.000000 
0.000000 
0.000000 
0.000000 
0.000000 
0.000000 
0.000000 
0.000000 
0.000000 
0.000000 
0.000000 
0.000000 
0.000000 
0.000000 
0.000000 
0.000000 
0.000000 
0.000000 
0.000000 
0.000000 
0.000000 
0.000000 
0.000000 
0.000000 
0.000000 
0.000000 
0.000000 
0.000000 
0.000000 
0.000000 
-0.000000 
-0.000000 
0.000000 
-0.000000 
0.000000 
-0.000001 
0.000009 
0.000033 
0.000046 
0.000050 
0.000055 
0.000132 
0.000180 
0.000199 
0.000368 
0.000473 
0.000358 
0.000321 
0.000560 
0.000602 
0.000707 
0.000678 
0.000506 
0.000422 
0.000227 
0.000496 
0.002023 
0.002021 
0.001597 
0.001324 
0.001133 
0.001685 
0.005486 
0.008513 
0.009587 
0.010401 
0.013617 
0.013589 
0.027040 
0.029475 
0.031927 
0.039395 
0.045740 
0.047661 
0.063019 
0.055632 
0.064324 
0.068548 
0.069966 
0.074789 
0.087174 
0.123258 
0.126180 
0.099717 
0.102781 
0.141273 
0.174472 
0.146516 
0.136870 
0.165051 
0.157862 
0.136433 
0.121189 
0.142605 
0.157619 
0.131967 
0.113774 
0.105818 
0.127410 
0.144653 
0.121357 
0.170870 
0.173136 
0.158599 
0.139120 
0.128545 
0.141567 
0.153485 
0.165042 
0.200101 
0.165085 
0.206411 
0.207722 
0.197008 
0.199856 
0.172069 
0.132811 
0.135522 
0.226112 
0.198842 
0.173032 
0.223655 
0.260137 
0.234109 
0.191823 
0.202020 
0.193911 
0.137873 
0.154032 
0.197285 
0.177624 
0.159137 
0.220370 
0.237122 
0.184753 
0.225688 
0.236056 
0.169596 
0.190931 
0.213033 
0.155603 
0.163414 
0.191539 
0.168909 
0.207928 
0.278463 
0.238520 
0.167535 
0.213594 
0.236923 
0.199286 
0.260275 
0.235391 
0.166883 
0.174005 
0.180806 
0.148043 
0.215223 
0.273298 
0.192069 
0.165292 
0.188501 
0.140876 
0.175784 
0.235336 
0.190581 
0.137021 
0.163667 
0.137053 
0.152606 
0.194771 
0.155510 
0.116758 
0.132789 
0.102533 
0.076980 
0.130439 
0.154563 
0.104128 
0.122830 
0.176414 
0.151077 
0.104385 
0.128746 
0.170839 
0.144135 
0.121609 
0.110504 
0.128909 
0.138074 
0.137259 
0.121273 
0.121545 
0.103528 
0.090000 
0.129036 
0.155452 
0.150451 
0.130549 
0.127438 
0.164592 
0.182756 
0.160091 
0.147052 
0.141243 
0.123046 
0.120115 
0.138318 
0.126452 
0.141622 
0.154357 
0.167023 
0.151882 
0.164435 
0.176646 
0.150531 
0.114141 
0.136613 
0.146653 
0.122728 
0.112317 
0.107327 
0.097587 
0.140711 
0.144062 
0.131204 
0.174343 
0.188097 
0.197504 
0.207788 
0.189194 
0.151716 
0.164177 
0.188118 
0.179944 
0.144315 
0.126958 
0.132430 
0.137187 
0.132690 
0.137223 
0.151483 
0.133227 
0.112648 
0.090854 
0.141079 
0.147027 
0.135476 
0.132982 
0.098629 
0.110990 
0.123102 
0.104118 
0.151775 
0.128496 
0.128734 
0.174194 
0.131799 
0.158654 
0.169167 
0.128792 
0.181887 
0.132004 
0.160319 
0.193328 
0.142997 
0.227284 
0.171394 
0.224248 
0.237166 
0.197578 
0.249133 
0.191401 
0.235784 
0.180581 
0.221653 
0.199347 
0.222582 
0.245361 
0.223061 
0.291370 
0.228787 
0.283106 
0.231026 
0.293401 
0.240448 
0.263773 
0.228585 
0.225705 
0.214135 
0.189634 
0.199290 
0.167079 
0.227876 
0.180475 
0.207974 
0.176284 
0.192127 
0.161034 
0.184550 
0.174620 
0.178641 
0.190314 
0.164589 
0.182421 
0.148780 
0.145385 
0.110051 
0.117800 
0.087955 
0.108034 
0.090920 
0.115314 
0.107977 
0.110046 
0.105577 
0.102507 
0.108953 
0.106011 
0.125766 
0.109474 
0.126270 
0.105390 
0.128005 
0.107190 
0.128733 
0.104265 
0.118256 
0.096825 
0.114592 
0.094405 
0.112213 
0.094416 
0.106182 
0.088199 
0.108064 
0.091367 
0.104452 
0.087989 
0.107012 
0.094411 
0.105486 
0.097704 
0.110808 
0.116207 
0.125077 
0.169652 
0.188112 
0.209043 
0.239614 
0.253897 
0.228557 
0.213658 
0.210156 
0.233849 
0.226830 
0.236530 
0.243927 
0.235587 
0.245220 
0.235826 
0.234812 
0.250617 
0.243277 
0.249515 
0.247588 
0.254770 
0.236984 
0.234895 
0.233540 
0.236243 
0.221318 
0.222063 
0.193444 
0.192338 
0.183508 
0.203660 
0.192841 
0.211448 
0.188206 
0.197420 
0.175476 
0.188483 
0.174975 
0.190973 
0.178816 
0.201452 
0.188757 
0.218773 
0.206152 
0.221245 
0.196945 
0.218074 
0.198874 
0.211090 
0.197841 
0.179336 
0.150650 
0.121453 
0.107017 
0.091726 
0.068496 
0.049802 
0.035389 
0.028955 
0.032679 
0.022874 
0.025153 
0.027383 
0.020345 
0.027202 
0.021307 
0.018617 
0.017488 
0.017833 
0.016566 
0.015706 
0.015100 
0.021747 
0.018412 
0.018670 
0.014955 
0.013491 
0.012733 
0.011465 
0.010527 
0.010493 
0.010436 
0.010069 
0.008886 
0.009641 
0.006904 
0.006934 
0.006926 
0.006514 
0.006656 
0.006376 
0.006806 
0.007086 
0.006825 
0.006967 
0.005810 
0.005425 
0.005564 
0.004384 
0.004097 
0.002970 
0.002107 
0.002761 
0.006605 
0.011817 
0.013313 
0.047388 
0.066107 
0.076285 
0.070631 
0.060226 
0.049997 
0.038747 
0.043032 
0.037562 
0.033813 
0.039895 
0.046854 
0.039607 
0.061282 
0.061937 
0.069960 
0.096180 
0.086343 
0.110436 
0.099112 
0.119861 
0.110445 
0.126812 
0.124192 
0.124036 
0.126311 
0.108552 
0.129351 
0.115541 
0.122268 
0.091784 
0.102061 
0.096954 
0.093698 
0.096442 
0.093205 
0.116841 
0.101381 
0.141736 
0.114715 
0.113750 
0.128257 
0.105160 
0.124127 
0.107845 
0.100055 
0.101793 
0.086923 
0.103609 
0.095141 
0.088746 
0.110280 
0.093729 
0.097239 
0.086653 
0.077501 
0.087513 
0.072602 
0.079319 
0.088814 
0.069836 
0.099437 
0.080470 
0.079951 
0.098180 
0.068614 
0.093572 
0.081292 
0.065694 
0.087933 
0.061628 
0.062928 
0.078442 
0.052751 
0.057655 
0.052887 
0.037669 
0.047136 
0.038585 
0.024793 
0.039242 
0.043161 
0.026995 
0.028102 
0.032541 
0.022161 
0.018095 
0.008075 
0.063226 
0.086875 
0.048952 
0.065738 
0.145635 
0.116928 
0.072460 
0.104881 
0.161095 
0.113292 
0.077460 
0.134509 
0.148525 
0.095109 
0.082799 
0.148580 
0.129005 
0.080946 
0.094585 
0.145707 
0.106897 
0.069639 
0.111791 
0.137495 
0.091163 
0.068870 
0.126361 
0.124448 
0.078237 
0.078433 
0.134222 
0.106862 
0.067309 
0.094539 
0.129601 
0.089107 
0.062353 
0.112218 
0.120708 
0.076203 
0.070917 
0.126960 
0.105893 
0.065564 
0.090358 
0.129485 
0.089666 
0.062954 
0.108380 
0.114526 
0.070926 
0.072591 
0.126317 
0.099152 
0.063923 
0.103460 
0.124528 
0.084011 
0.074159 
0.122601 
0.101688 
0.065899 
0.108070 
0.123098 
0.077439 
0.086348 
0.132919 
0.103251 
0.074446 
0.125262 
0.138392 
0.090651 
0.103906 
0.144245 
0.105341 
0.087715 
0.141166 
0.127355 
0.085942 
0.133378 
0.147018 
0.094258 
0.107521 
0.151176 
0.107575 
0.098024 
0.146784 
0.117168 
0.090910 
0.145322 
0.131955 
0.095167 
0.145789 
0.151898 
0.099355 
0.119897 
0.149988 
0.100454 
0.113272 
0.162173 
0.118921 
0.106078 
0.165302 
0.136689 
0.096942 
0.154903 
0.146224 
0.094309 
0.143919 
0.153971 
0.095198 
0.134107 
0.158030 
0.098855 
0.135644 
0.157645 
0.097295 
0.124884 
0.153799 
0.096713 
0.122674 
0.144774 
0.091109 
0.122379 
0.138122 
0.089609 
0.128349 
0.123394 
0.086899 
0.120553 
0.094812 
0.082571 
0.123115 
0.086432 
0.090950 
0.104583 
0.067221 
0.105240 
0.105758 
0.077210 
0.128948 
0.104654 
0.095728 
0.138920 
0.095809 
0.118792 
0.135086 
0.092723 
0.134049 
0.110664 
0.102833 
0.130916 
0.088729 
0.123061 
0.114277 
0.094004 
0.124876 
0.085054 
0.116438 
0.112085 
0.094163 
0.126632 
0.087406 
0.118681 
0.105912 
0.098109 
0.120424 
0.086812 
0.123091 
0.094713 
0.109070 
0.120604 
0.092087 
0.117031 
0.082812 
0.104897 
0.093710 
0.090399 
0.106573 
0.076335 
0.100815 
0.075666 
0.094287 
0.089963 
0.079605 
0.098568 
0.073879 
0.101502 
0.075520 
0.090872 
0.089590 
0.081204 
0.110550 
0.077911 
0.104572 
0.086842 
0.095747 
0.100699 
0.095780 
0.123981 
0.117172 
0.136736 
0.124602 
0.147850 
0.139730 
0.160044 
0.174543 
0.159549 
0.177216 
0.153130 
0.175896 
0.153811 
0.165081 
0.175312 
0.157984 
0.177251 
0.140107 
0.159601 
0.153151 
0.175213 
0.167485 
0.146674 
0.154506 
0.135716 
0.166098 
0.153032 
0.155627 
0.153432 
0.147410 
0.156754 
0.134573 
0.152457 
0.136661 
0.151050 
0.152825 
0.134190 
0.148700 
0.136113 
0.163173 
0.160854 
0.145140 
0.139440 
0.142828 
0.145143 
0.143779 
0.147232 
0.133886 
0.147027 
0.167531 
0.155383 
0.153880 
0.167362 
0.153413 
0.147351 
0.132061 
0.130846 
0.144524 
0.134417 
0.132057 
0.113887 
0.119381 
0.139060 
0.115050 
0.132971 
0.160209 
0.122573 
0.132124 
0.114023 
0.116274 
0.140228 
0.105557 
0.128923 
0.136159 
0.096343 
0.139094 
0.114376 
0.107393 
0.124472 
0.098071 
0.130503 
0.122209 
0.095721 
0.126863 
0.102423 
0.091802 
0.143638 
0.105096 
0.106369 
0.126491 
0.079650 
0.097858 
0.116053 
0.073719 
0.091950 
0.098077 
0.060439 
0.080918 
0.090100 
0.056717 
0.057097 
0.072809 
0.053477 
0.034197 
0.069723 
0.087535 
0.055543 
0.049930 
0.089280 
0.074667 
0.050593 
0.044321 
0.038035 
0.026588 
0.019637 
0.014131 
0.010264 
0.007437 
0.005411 
0.003860 
0.003769 
0.003206 
0.002217 
0.001647 
0.001181 
0.000859 
0.000623 
0.000451 
0.000327 
0.000237 
0.000172 
0.000125 
0.000090 
0.000066 
0.000048 
0.000034 
0.000026 
0.000019 
0.000015 
0.000015 
0.000017 
0.000021 
0.000022 
0.000018 
0.000017 
0.000016 
0.000013 
0.000015 
0.000015 
0.000018 
0.000018 
0.000017 
0.000017 
0.000013 
0.000011 
0.000008 
0.000006 
0.000004 
0.000003 
0.000002 
0.000002 
0.000001 
0.000001 
0.000001 
0.000000 
0.000000 
0.000000 
0.000000 
0.000000 
0.000000 
-0.000000 
0.000020 
0.000030 
0.000063 
0.000061 
0.000160 
0.000230 
0.000172 
0.000416 
0.000586 
0.000428 
0.000555 
0.000760 
0.000511 
0.000417 
0.000480 
0.000374 
0.000283 
0.000352 
0.001926 
0.006655 
0.007167 
0.028406 
0.049585 
0.041598 
0.048987 
0.050803 
0.051686 
0.051653 
0.050565 
0.046866 
0.048490 
0.048076 
0.031899 
0.045447 
0.100142 
0.094385 
0.085560 
0.124759 
0.122511 
0.081682 
0.092440 
0.129081 
0.097031 
0.081447 
0.119283 
0.135930 
0.097150 
0.106735 
0.140905 
0.110119 
0.092093 
0.129729 
0.113760 
0.077950 
0.114240 
0.156493 
0.107332 
0.094148 
0.143454 
0.133143 
0.089951 
0.114995 
0.154168 
0.109547 
0.088811 
0.140494 
0.148175 
0.097431 
0.102285 
0.147838 
0.116456 
0.084256 
0.127376 
0.150810 
0.101461 
0.086173 
0.142026 
0.131810 
0.095631 
0.131612 
0.169333 
0.128125 
0.084408 
0.108778 
0.123258 
0.080790 
0.075735 
0.132634 
0.129191 
0.084099 
0.095008 
0.137767 
0.103886 
0.072685 
0.092608 
0.123300 
0.087743 
0.060358 
0.099115 
0.106659 
0.070688 
0.053651 
0.079253 
0.074941 
0.050569 
0.038857 
0.073181 
0.071556 
0.047077 
0.044512 
0.077492 
0.067727 
0.046113 
0.063278 
0.098254 
0.086045 
0.060469 
0.097096 
0.152189 
0.109959 
0.098447 
0.162914 
0.154091 
0.108427 
0.151879 
0.216899 
0.168835 
0.114030 
0.119164 
0.151566 
0.114781 
0.103913 
0.172835 
0.181470 
0.121162 
0.105940 
0.168533 
0.146213 
0.103641 
0.120844 
0.180391 
0.152632 
0.128959 
0.154368 
0.167269 
0.150728 
0.145854 
0.162279 
0.144560 
0.129864 
0.159272 
0.161093 
0.149994 
0.159773 
0.174994 
0.184189 
0.132284 
0.127811 
0.170512 
0.169735 
0.144074 
0.164023 
0.204371 
0.179903 
0.132449 
0.149775 
0.180489 
0.159594 
0.126118 
0.142059 
0.181640 
0.160369 
0.134154 
0.152337 
0.205865 
0.180733 
0.141131 
0.150747 
0.176473 
0.167489 
0.157654 
0.201302 
0.191886 
0.157053 
0.159018 
0.195182 
0.208141 
0.187804 
0.199565 
0.219735 
0.168902 
0.150403 
0.201668 
0.168496 
0.160964 
0.194630 
0.172966 
0.160151 
0.208040 
0.219650 
0.196635 
0.229211 
0.254830 
0.187535 
0.171895 
0.235879 
0.201045 
0.161349 
0.210163 
0.196183 
0.172492 
0.212992 
0.197922 
0.161632 
0.193118 
0.189609 
0.158800 
0.185271 
0.196459 
0.159089 
0.162624 
0.196443 
0.178551 
0.145992 
0.185413 
0.183490 
0.144448 
0.202067 
0.205264 
0.156799 
0.201178 
0.183897 
0.162865 
0.194285 
0.157457 
0.146968 
0.156480 
0.131474 
0.153712 
0.136901 
0.107143 
0.136847 
0.128060 
0.109481 
0.146556 
0.122209 
0.111942 
0.152856 
0.119873 
0.116843 
0.141926 
0.104264 
0.102901 
0.099269 
0.068907 
0.057329 
0.051472 
0.038809 
0.023453 
0.059413 
0.078915 
0.047157 
0.054968 
0.112740 
0.092383 
0.057802 
0.100710 
0.119839 
0.079454 
0.059374 
0.099914 
0.101191 
0.064951 
0.059445 
0.105714 
0.088714 
0.056608 
0.066362 
0.098045 
0.072449 
0.047862 
0.069574 
0.086297 
0.056715 
0.046894 
0.062027 
0.049927 
0.034438 
0.036730 
0.029837 
0.027005 
0.039541 
0.027710 
0.030510 
0.051924 
0.039841 
0.027315 
0.051666 
0.056254 
0.033236 
0.044702 
0.072468 
0.049535 
0.042327 
0.083211 
0.086535 
0.054569 
0.074263 
0.110961 
0.080716 
0.065052 
0.111386 
0.114504 
0.077515 
0.111307 
0.136425 
0.093040 
0.113533 
0.159206 
0.118815 
0.117898 
0.183873 
0.174209 
0.153065 
0.228454 
0.206142 
0.164660 
0.225975 
0.193145 
0.141929 
0.193198 
0.161691 
0.156696 
0.205117 
0.173496 
0.199467 
0.210268 
0.174066 
0.215628 
0.183295 
0.179099 
0.215948 
0.152954 
0.193607 
0.182994 
0.134563 
0.189787 
0.144121 
0.135294 
0.148392 
0.097407 
0.109032 
0.110778 
0.072655 
0.079986 
0.079974 
0.052861 
0.045910 
0.070071 
0.056491 
0.037759 
0.062069 
0.069087 
0.044727 
0.041321 
0.088788 
0.078330 
0.050445 
0.052673 
0.070036 
0.050537 
0.034898 
0.033583 
0.063925 
0.054226 
0.035801 
0.044393 
0.066906 
0.050361 
0.035157 
0.035253 
0.041766 
0.031500 
0.023386 
0.035412 
0.050574 
0.036722 
0.028823 
0.031202 
0.034366 
0.041009 
0.034778 
0.025361 
0.018425 
0.033591 
0.026328 
0.046738 
0.110843 
0.082156 
0.080426 
0.149560 
0.121003 
0.133206 
0.154493 
0.136036 
0.188767 
0.157872 
0.183781 
0.224944 
0.199271 
0.269590 
0.235618 
0.240365 
0.271060 
0.222953 
0.263958 
0.236366 
0.227226 
0.256197 
0.203832 
0.237924 
0.227821 
0.194357 
0.250317 
0.210374 
0.236309 
0.254138 
0.186192 
0.239855 
0.218554 
0.203804 
0.264200 
0.220857 
0.245839 
0.243159 
0.224608 
0.268709 
0.228546 
0.230827 
0.240371 
0.211713 
0.227569 
0.215486 
0.207521 
0.220438 
0.198170 
0.192533 
0.209226 
0.198755 
0.174855 
0.188707 
0.169312 
0.174218 
0.135652 
0.184142 
0.178793 
0.161257 
0.210942 
0.170236 
0.186258 
0.197723 
0.150586 
0.202078 
0.164432 
0.167819 
0.201563 
0.137332 
0.196996 
0.168327 
0.148912 
0.204478 
0.134890 
0.175280 
0.164462 
0.127723 
0.180451 
0.124727 
0.143484 
0.145453 
0.113442 
0.141564 
0.116450 
0.131054 
0.155090 
0.116963 
0.116760 
0.100535 
0.103338 
0.084939 
0.069922 
0.077224 
0.068147 
0.057681 
0.056632 
0.054563 
0.066231 
0.066547 
0.075998 
0.066103 
0.048212 
0.050299 
0.043543 
0.038407 
0.031944 
0.032262 
0.034557 
0.033326 
0.037766 
0.032439 
0.032385 
0.033543 
0.028543 
0.029700 
0.031237 
0.032332 
0.029839 
0.026791 
0.027080 
0.028436 
0.029734 
0.027897 
0.033791 
0.033738 
0.028510 
0.041348 
0.039899 
0.034917 
0.032719 
0.038623 
0.038577 
0.033121 
0.031247 
0.032383 
0.036077 
0.036725 
0.036663 
0.036262 
0.031797 
0.029514 
0.033431 
0.041252 
0.036190 
0.047196 
0.053214 
0.042283 
0.040836 
0.038017 
0.033752 
0.041372 
0.047116 
0.043812 
0.043380 
0.046859 
0.044661 
0.037571 
0.034427 
0.031905 
0.036575 
0.036082 
0.041414 
0.050935 
0.053585 
0.057822 
0.058120 
0.047078 
0.041865 
0.050586 
0.057556 
0.048408 
0.047465 
0.052320 
0.053402 
0.059113 
0.056309 
0.050706 
0.051030 
0.052478 
0.050811 
0.053789 
0.053842 
0.053178 
0.049745 
0.050374 
0.059889 
0.059661 
0.047805 
0.056948 
0.060112 
0.054368 
0.055641 
0.053784 
0.057623 
0.063278 
0.070537 
0.076025 
0.076342 
0.071064 
0.061296 
0.060111 
0.061815 
0.055415 
0.050800 
0.050159 
0.062163 
0.063979 
0.051950 
0.053926 
0.057827 
0.063265 
0.066526 
0.066889 
0.055939 
0.060083 
0.060496 
0.048841 
0.056376 
0.067584 
0.058866 
0.059812 
0.060346 
0.064939 
0.068771 
0.075626 
0.072793 
0.061411 
0.063915 
0.063047 
0.063481 
0.070879 
0.064823 
0.059210 
0.055183 
0.064159 
0.079485 
0.064824 
0.064447 
0.074095 
0.065578 
0.065702 
0.076187 
0.087274 
0.077409 
0.080940 
0.101509 
0.092886 
0.085781 
0.079910 
0.092945 
0.104573 
0.108537 
0.103462 
0.097461 
0.083017 
0.068769 
0.089883 
0.106692 
0.080463 
0.095153 
0.097358 
0.099514 
0.112118 
0.104150 
0.090915 
0.110459 
0.088895 
0.102727 
0.090277 
0.090752 
0.094428 
0.088435 
0.096122 
0.088395 
0.147150 
0.114196 
0.154011 
0.116892 
0.162382 
0.176059 
0.174851 
0.212599 
0.170450 
0.237791 
0.183075 
0.262141 
0.207326 
0.254196 
0.233396 
0.242672 
0.245995 
0.220239 
0.266819 
0.226956 
0.286644 
0.244816 
0.305496 
0.252537 
0.318517 
0.268646 
0.311736 
0.272864 
0.291083 
0.257453 
0.264258 
0.226146 
0.252009 
0.223442 
0.217335 
0.196227 
0.182370 
0.171702 
0.136816 
0.158682 
0.123524 
0.180873 
0.144907 
0.144908 
0.137193 
0.121050 
0.113741 
0.079995 
0.071012 
0.056084 
0.045734 
0.097727 
0.078815 
0.092913 
0.155095 
0.105091 
0.098003 
0.094836 
0.063394 
0.054846 
0.121884 
0.106174 
0.076282 
0.095641 
0.079138 
0.047308 
0.088874 
0.118384 
0.077452 
0.060666 
0.101493 
0.094823 
0.062544 
0.083331 
0.078861 
0.050019 
0.050931 
0.090535 
0.071877 
0.047013 
0.053630 
0.072511 
0.049452 
0.041801 
0.055538 
0.044177 
0.026727 
0.045919 
0.067030 
0.045256 
0.033091 
0.039613 
0.037541 
0.025049 
0.023782 
0.020228 
0.013089 
0.013649 
0.023777 
0.018094 
0.012796 
0.009763 
0.011994 
0.009494 
0.008788 
0.009365 
0.006550 
0.004355 
0.005901 
0.007748 
0.005224 
0.003721 
0.006400 
0.006849 
0.004423 
0.004325 
0.004044 
0.002845 
0.002140 
0.006008 
0.006255 
0.004080 
0.003554 
0.002840 
0.002024 
0.001429 
0.001423 
0.001427 
0.000855 
0.001096 
0.001902 
0.001340 
0.000986 
0.000758 
0.000544 
0.000497 
0.000344 
0.001453 
0.001486 
0.001362 
0.001630 
0.001220 
0.001030 
0.000720 
0.000530 
0.000382 
0.000277 
0.000201 
0.000146 
0.000106 
0.000077 
0.000056 
0.000040 
0.000030 
0.000024 
0.000023 
0.000030 
0.000040 
0.000050 
0.000088 
0.000090 
0.000146 
0.000816 
0.002171 
0.003878 
0.006945 
0.007990 
0.012689 
0.057198 
0.125484 
0.124495 
0.115443 
0.120534 
0.123873 
0.096997 
0.089473 
0.069844 
0.123777 
0.146221 
0.114829 
0.136190 
0.097195 
0.194946 
0.159573 
0.195354 
0.236276 
0.180694 
0.279541 
0.205801 
0.270261 
0.232258 
0.252915 
0.235028 
0.286305 
0.263377 
0.262633 
0.256990 
0.239519 
0.214796 
0.188096 
0.180387 
0.176143 
0.186644 
0.186293 
0.177218 
0.187362 
0.196857 
0.185584 
0.184275 
0.194722 
0.197234 
0.195922 
0.211519 
0.222990 
0.221750 
0.219659 
0.219745 
0.225415 
0.221441 
0.230185 
0.227033 
0.226134 
0.228197 
0.229025 
0.234420 
0.240186 
0.242995 
0.240631 
0.231629 
0.228605 
0.218049 
0.211287 
0.229545 
0.219546 
0.211418 
0.217527 
0.209554 
0.203226 
0.197938 
0.191030 
0.187899 
0.183605 
0.188591 
0.183832 
0.177378 
0.174178 
0.156062 
0.144938 
0.119397 
0.102820 
0.083812 
0.071272 
0.058374 
0.053438 
0.041244 
0.033849 
0.024379 
0.027909 
0.027154 
0.030880 
0.028711 
0.026625 
0.025989 
0.024608 
0.024949 
0.023859 
0.023404 
0.020076 
0.017021 
0.012179 
0.009434 
0.010268 
0.013322 
0.013898 
0.017954 
0.015857 
0.014670 
0.016973 
0.017796 
0.022025 
0.017827 
0.017227 
0.018020 
0.017134 
0.015293 
0.015648 
0.015029 
0.015615 
0.013816 
0.011835 
0.011699 
0.013743 
0.014205 
0.013250 
0.015445 
0.017053 
0.017100 
0.017867 
0.017853 
0.013622 
0.010276 
0.019899 
0.022787 
0.055494 
0.075938 
0.109612 
0.118942 
0.135449 
0.158316 
0.182341 
0.198185 
0.209401 
0.243208 
0.237598 
0.246121 
0.237471 
0.255533 
0.261527 
0.272389 
0.274859 
0.268604 
0.279324 
0.265562 
0.272824 
0.271421 
0.285630 
0.272962 
0.261042 
0.268943 
0.259876 
0.276298 
0.267360 
0.269892 
0.267976 
0.255878 
0.263356 
0.255835 
0.268787 
0.262921 
0.258447 
0.252778 
0.242317 
0.242446 
0.237591 
0.245098 
0.231819 
0.218605 
0.227373 
0.218621 
0.218878 
0.212140 
0.202202 
0.209139 
0.197520 
0.190029 
0.181670 
0.176119 
0.171069 
0.159496 
0.163949 
0.149674 
0.142934 
0.130107 
0.118554 
0.120284 
0.108788 
0.100150 
0.084101 
0.072041 
0.063421 
0.059824 
0.061469 
0.058122 
0.057218 
0.044787 
0.043192 
0.037363 
0.035827 
0.030759 
0.022429 
0.016929 
0.012045 
0.012928 
0.012661 
0.016171 
0.015177 
0.014733 
0.012328 
0.011181 
0.013111 
0.013498 
0.014953 
0.014490 
0.014467 
0.012777 
0.012374 
0.012349 
0.012144 
0.012134 
0.012243 
0.011001 
0.008985 
0.008181 
0.007592 
0.007954 
0.007861 
0.009238 
0.009598 
0.010401 
0.010173 
0.010620 
0.010159 
0.009214 
0.008133 
0.007150 
0.006245 
0.006474 
0.006649 
0.006419 
0.005991 
0.006253 
0.005661 
0.005955 
0.006507 
0.006582 
0.006008 
0.005113 
0.007509 
0.003633 
0.028045 
0.086463 
0.076327 
0.048514 
0.082629 
0.117137 
0.105933 
0.103057 
0.095747 
0.074173 
0.060691 
0.052196 
0.042196 
0.047120 
0.053839 
0.067644 
0.087712 
0.102995 
0.094212 
0.088957 
0.077732 
0.084094 
0.084550 
0.065416 
0.060095 
0.060540 
0.094474 
0.126378 
0.123368 
0.123981 
0.110742 
0.087236 
0.083637 
0.069159 
0.064833 
0.103142 
0.088350 
0.076143 
0.084914 
0.088202 
0.081723 
0.068607 
0.091903 
0.067710 
0.106059 
0.139582 
0.117235 
0.182655 
0.134163 
0.175801 
0.169206 
0.159740 
0.195671 
0.152571 
0.230906 
0.175623 
0.214621 
0.227972 
0.211990 
0.236374 
0.192046 
0.222979 
0.205559 
0.258622 
0.234460 
0.255488 
0.266627 
0.283144 
0.287342 
0.274392 
0.294454 
0.264125 
0.264878 
0.239374 
0.234373 
0.216422 
0.235934 
0.226252 
0.218986 
0.211280 
0.205221 
0.231046 
0.211402 
0.228838 
0.201746 
0.208481 
0.224869 
0.188181 
0.202022 
0.201864 
0.158492 
0.152142 
0.139271 
0.119056 
0.152798 
0.131530 
0.162571 
0.186892 
0.155202 
0.205286 
0.194409 
0.195086 
0.245377 
0.229127 
0.285542 
0.278505 
0.292737 
0.324833 
0.280560 
0.323112 
0.306312 
0.263022 
0.342428 
0.286307 
0.309027 
0.313795 
0.254801 
0.317326 
0.261461 
0.294522 
0.303306 
0.273802 
0.328455 
0.282497 
0.317283 
0.289586 
0.268591 
0.296194 
0.248933 
0.292113 
0.250520 
0.251900 
0.238307 
0.213838 
0.233872 
0.178059 
0.216845 
0.202923 
0.192922 
0.189489 
0.166705 
0.178775 
0.149915 
0.163553 
0.158732 
0.153876 
0.146669 
0.135945 
0.148683 
0.119721 
0.127128 
0.114276 
0.115817 
0.126465 
0.115252 
0.128990 
0.109962 
0.105423 
0.093320 
0.087481 
0.075074 
0.054264 
0.053719 
0.046575 
0.042495 
0.041335 
0.028609 
0.029382 
0.026053 
0.017941 
0.022246 
0.021797 
0.018894 
0.014633 
0.012546 
0.013847 
0.009326 
0.011499 
0.009912 
0.008365 
0.009695 
0.006613 
0.007261 
0.006008 
0.005748 
0.005527 
0.004137 
0.005606 
0.004200 
0.004683 
0.004787 
0.004431 
0.005298 
0.005559 
0.003933 
0.005768 
0.005120 
0.004045 
0.003960 
0.003052 
0.003877 
0.002873 
0.002732 
0.002695 
0.002337 
0.002125 
0.004271 
0.003894 
0.005467 
0.004330 
0.020799 
0.060771 
0.058738 
0.046785 
0.045483 
0.065210 
0.068731 
0.059202 
0.052609 
0.054766 
0.048370 
0.042989 
0.059492 
0.072706 
0.061639 
0.054544 
0.070091 
0.061307 
0.048872 
0.041051 
0.042045 
0.041009 
0.064017 
0.070400 
0.066668 
0.108965 
0.085375 
0.130122 
0.114428 
0.196720 
0.193687 
0.211772 
0.243540 
0.214204 
0.228558 
0.192779 
0.240207 
0.209985 
0.241260 
0.207355 
0.213579 
0.192215 
0.201863 
0.200189 
0.200830 
0.198497 
0.208115 
0.211460 
0.225029 
0.238765 
0.242214 
0.243991 
0.259984 
0.252018 
0.263424 
0.274509 
0.267658 
0.259737 
0.275497 
0.249159 
0.262764 
0.216258 
0.221992 
0.233327 
0.194712 
0.225396 
0.209126 
0.240541 
0.215269 
0.223677 
0.229133 
0.233017 
0.232056 
0.235833 
0.245518 
0.226503 
0.228412 
0.217663 
0.238365 
0.227199 
0.246602 
0.258968 
0.263293 
0.271720 
0.261154 
0.280566 
0.264581 
0.284678 
0.281906 
0.288004 
0.298393 
0.279178 
0.312340 
0.304698 
0.288516 
0.315513 
0.272666 
0.306802 
0.295982 
0.254313 
0.295357 
0.282950 
0.256437 
0.283590 
0.256645 
0.256368 
0.251300 
0.239126 
0.274060 
0.250175 
0.247578 
0.258630 
0.240863 
0.262765 
0.254786 
0.241763 
0.253216 
0.228406 
0.224401 
0.251064 
0.249847 
0.249003 
0.271577 
0.243464 
0.283722 
0.281843 
0.279053 
0.288294 
0.304360 
0.290332 
0.282189 
0.269488 
0.264530 
0.261367 
0.275413 
0.271600 
0.255674 
0.250382 
0.239059 
0.219323 
0.197605 
0.196890 
0.188502 
0.205634 
0.186714 
0.138732 
0.119492 
0.086214 
0.063874 
0.046748 
0.038863 
0.038619 
0.029653 
0.026431 
0.028711 
0.018777 
0.033057 
0.031513 
0.028220 
0.034543 
0.024885 
0.030571 
0.023039 
0.023347 
0.020616 
0.015654 
0.013574 
0.009814 
0.007779 
0.006593 
0.007948 
0.006589 
0.010749 
0.009323 
0.009965 
0.008696 
0.010745 
0.009942 
0.008965 
0.008176 
0.007773 
0.005787 
0.005237 
0.005656 
0.008014 
0.009121 
0.009037 
0.007439 
0.014692 
0.025885 
0.027526 
0.030413 
0.036382 
0.037083 
0.029638 
0.032678 
0.049422 
0.064529 
0.083489 
0.075117 
0.138757 
0.119673 
0.192552 
0.174485 
0.233139 
0.214833 
0.240765 
0.209992 
0.229189 
0.199683 
0.210459 
0.186351 
0.192301 
0.191115 
0.198062 
0.182000 
0.214569 
0.195218 
0.208509 
0.188491 
0.203385 
0.194119 
0.203818 
0.191046 
0.206073 
0.224207 
0.236797 
0.216214 
0.219509 
0.202981 
0.211915 
0.198892 
0.204930 
0.204167 
0.211945 
0.205712 
0.208073 
0.203570 
0.215244 
0.207355 
0.211126 
0.194515 
0.190693 
0.168683 
0.175655 
0.155688 
0.161839 
0.143404 
0.155621 
0.143402 
0.165345 
0.144602 
0.162949 
0.144759 
0.155236 
0.144509 
0.141227 
0.129610 
0.132204 
0.139842 
0.137298 
0.149827 
0.148575 
0.145688 
0.146628 
0.146261 
0.133260 
0.158658 
0.146761 
0.148293 
0.143992 
0.152056 
0.136360 
0.149850 
0.164061 
0.166131 
0.141170 
0.137774 
0.149016 
0.157300 
0.161340 
0.171859 
0.161159 
0.170463 
0.153045 
0.149610 
0.134814 
0.154487 
0.165313 
0.151159 
0.138196 
0.147553 
0.153809 
0.138071 
0.146466 
0.134080 
0.138574 
0.136974 
0.156037 
0.138585 
0.123783 
0.123667 
0.126061 
0.102053 
0.111651 
0.121855 
0.110947 
0.102002 
0.109958 
0.130235 
0.134127 
0.109626 
0.117995 
0.125007 
0.120544 
0.123254 
0.144748 
0.134707 
0.131140 
0.119478 
0.116642 
0.101357 
0.097537 
0.132068 
0.137669 
0.112552 
0.122443 
0.119521 
0.094920 
0.088352 
0.072580 
0.088645 
0.078484 
0.069130 
0.055585 
0.067735 
0.072591 
0.070125 
0.072915 
0.065836 
0.091873 
0.069180 
0.054308 
0.055998 
0.043854 
0.047729 
0.044379 
0.045212 
0.043867 
0.038227 
0.039960 
0.043309 
0.032360 
0.028106 
0.023131 
0.018489 
0.019970 
0.017273 
0.015503 
0.018288 
0.017514 
0.012529 
0.009041 
0.012931 
0.011993 
0.008353 
0.006544 
0.004715 
0.003318 
0.002904 
0.003375 
0.002632 
0.002248 
0.001835 
0.001978 
0.001869 
0.001947 
0.002065 
0.003369 
0.002894 
0.003318 
0.002879 
0.003948 
0.003397 
0.006380 
0.005253 
0.006434 
0.007773 
0.006413 
0.009615 
0.013365 
0.013226 
0.014401 
0.015995 
0.014612 
0.013378 
0.015949 
0.019543 
0.020201 
0.027019 
0.026088 
0.025938 
0.024529 
0.020835 
0.019213 
0.021942 
0.023560 
0.026851 
0.025818 
0.025007 
0.023779 
0.026297 
0.023743 
0.020099 
0.017995 
0.018237 
0.019490 
0.025612 
0.024008 
0.019713 
0.020313 
0.021484 
0.024897 
0.028236 
0.028152 
0.029127 
0.027610 
0.025959 
0.025053 
0.019881 
0.021466 
0.026022 
0.021199 
0.022284 
0.025627 
0.027383 
0.029709 
0.026576 
0.028718 
0.024010 
0.031891 
0.032125 
0.023573 
0.023324 
0.027958 
0.022105 
0.018595 
0.022309 
0.021031 
0.022556 
0.031381 
0.028648 
0.026399 
0.023679 
0.023782 
0.023015 
0.020009 
0.019427 
0.028404 
0.026896 
0.024094 
0.021412 
0.017971 
0.024479 
0.030046 
0.026903 
0.027604 
0.028419 
0.021323 
0.024935 
0.025219 
0.022977 
0.022578 
0.019737 
0.020664 
0.023126 
0.023926 
0.023891 
0.023226 
0.026492 
0.029887 
0.029311 
0.022919 
0.024578 
0.025387 
0.022698 
0.019429 
0.016723 
0.019455 
0.023872 
0.019611 
0.020157 
0.025271 
0.025966 
0.030526 
0.030546 
0.025515 
0.023468 
0.025087 
0.023665 
0.024264 
0.022004 
0.020118 
0.017487 
0.019332 
0.023763 
0.021619 
0.017728 
0.016657 
0.014684 
0.018258 
0.024367 
0.024605 
0.019751 
0.017472 
0.015168 
0.016405 
0.015150 
0.019363 
0.017214 
0.015946 
0.014673 
0.017601 
0.014609 
0.014866 
0.015092 
0.012261 
0.010078 
0.009078 
0.008677 
0.011639 
0.011618 
0.011809 
0.013886 
0.010755 
0.010414 
0.017189 
0.017810 
0.012868 
0.009739 
0.008920 
0.009027 
0.007235 
0.009338 
0.012102 
0.010413 
0.009143 
0.009344 
0.009414 
0.007923 
0.006539 
0.006567 
0.007293 
0.007498 
0.006562 
0.007413 
0.005818 
0.005269 
0.006106 
0.006052 
0.006824 
0.007119 
0.006522 
0.006969 
0.006880 
0.006147 
0.006152 
0.005353 
0.005159 
0.005329 
0.005257 
0.004958 
0.004511 
0.003743 
0.003918 
0.004215 
0.004044 
0.003818 
0.004831 
0.005329 
0.004427 
0.004234 
0.003949 
0.004270 
0.003892 
0.002915 
0.003278 
0.003863 
0.004977 
0.004352 
0.003254 
0.002376 
0.002297 
0.003034 
0.002868 
0.002467 
0.002770 
0.003452 
0.004079 
0.003502 
0.002741 
0.003505 
0.004663 
0.005145 
0.004768 
0.003861 
0.002842 
0.002359 
0.002231 
0.002162 
0.002327 
0.001912 
0.001768 
0.001693 
0.001519 
0.001444 
0.001493 
0.001236 
0.001778 
0.002468 
0.002447 
0.001887 
0.001558 
0.001537 
0.001340 
0.000913 
0.000959 
0.001107 
0.001030 
0.001364 
0.001741 
0.001373 
0.001036 
0.000912 
0.000825 
0.000687 
0.000593 
0.000670 
0.001000 
0.001041 
0.000761 
0.000652 
0.000520 
0.000758 
0.000757 
0.000514 
0.000448 
0.000444 
0.000357 
0.000383 
0.000717 
0.000644 
0.000508 
0.000491 
0.000476 
0.000398 
0.000431 
0.000501 
0.000476 
0.000487 
0.000414 
0.000399 
0.000433 
0.000542 
0.000603 
0.000488 
0.000392 
0.000288 
0.000212 
0.000279 
0.000295 
0.000239 
0.000178 
0.000134 
0.000112 
0.000105 
0.000099 
0.000088 
0.000082 
0.000066 
0.000068 
0.000063 
0.000050 
0.000039 
0.000027 
0.000020 
0.000015 
