[ASCII 1000Hz, Channels: 1, Samples: 2880, Flags: 0]                          
0.000000 
0.000000 
0.000000 
0.000000 
0.000000 
0.000000 
0.000000 
0.000000 
0.000000 
0.000000 
0.000000 
0.000000 
0.000000 
0.000000 
0.000000 
0.000000 
0.000000 
0.000000 
0.000000 
0.000000 
0.000000 
0.000000 
0.000000 
0.000000 
0.000000 
0.000000 
0.000000 
0.000000 
0.000000 
0.000000 
0.000000 
0.000000 
0.000000 
0.000000 
0.000000 
0.000000 
0.000000 
0.000000 
0.000000 
0.000000 
0.000000 
0.000000 
0.000000 
0.000000 
0.000000 
0.000000 
0.000000 
0.000000 
0.000000 
0.000000 
0.000000 
0.000000 
0.000000 
0.000000 
0.000000 
0.000000 
0.000000 
0.000000 
0.000000 
0.000000 
0.000000 
0.000000 
0.000000 
0.000000 
0.000000 
0.000000 
0.000000 
0.000000 
0.000000 
0.000000 
0.000000 
0.000000 
0.000000 
0.000000 
0.000000 
-0.000000 
0.000000 
-0.000000 
0.000000 
-0.000000 
0.000000 
0.000009 
0.000022 
0.000020 
0.000053 
0.000098 
0.000143 
0.000176 
0.000268 
0.000317 
0.000505 
0.001060 
0.001945 
0.003490 
0.004127 
0.003487 
0.006761 
0.010529 
0.009592 
0.010081 
0.010169 
0.007998 
0.010467 
0.011435 
0.016899 
0.020856 
0.021279 
0.023901 
0.030798 
0.027632 
0.041330 
0.039599 
0.029323 
0.040561 
0.048646 
0.051802 
0.056387 
0.047120 
0.034139 
0.031769 
0.047275 
0.054321 
0.078108 
0.085912 
0.077275 
0.068992 
0.087603 
0.109838 
0.154856 
0.166305 
0.118079 
0.153180 
0.192723 
0.154240 
0.167639 
0.195351 
0.154984 
0.131193 
0.188784 
0.171647 
0.136055 
0.188048 
0.204602 
0.137558 
0.166389 
0.195326 
0.128352 
0.135499 
0.180134 
0.171383 
0.151476 
0.209267 
0.235724 
0.210820 
0.224259 
0.274346 
0.265255 
0.240692 
0.205366 
0.169083 
0.185606 
0.225255 
0.216159 
0.188215 
0.158871 
0.140214 
0.188716 
0.176140 
0.126626 
0.169768 
0.185786 
0.161782 
0.146067 
0.177846 
0.149230 
0.109600 
0.085085 
0.058423 
0.051254 
0.061978 
0.037405 
0.059840 
0.097540 
0.069726 
0.047214 
0.073814 
0.083821 
0.055339 
0.043978 
0.051985 
0.043933 
0.032039 
0.023236 
0.018303 
0.028219 
0.030377 
0.019820 
0.019046 
0.032850 
0.024517 
0.018524 
0.016674 
0.015316 
0.010535 
0.014137 
0.019703 
0.015164 
0.016616 
0.013148 
0.012330 
0.016721 
0.010120 
0.022594 
0.040598 
0.038017 
0.028156 
0.021304 
0.025275 
0.023558 
0.023107 
0.025456 
0.059890 
0.072872 
0.084500 
0.096223 
0.080881 
0.067235 
0.055975 
0.070878 
0.080631 
0.064773 
0.112099 
0.158396 
0.121737 
0.166609 
0.255069 
0.204905 
0.200215 
0.255764 
0.257766 
0.254574 
0.206271 
0.230624 
0.235844 
0.263918 
0.275543 
0.265014 
0.263508 
0.239483 
0.261997 
0.255656 
0.277665 
0.250338 
0.258418 
0.248934 
0.239483 
0.257895 
0.239018 
0.257627 
0.249885 
0.255444 
0.240209 
0.221728 
0.226601 
0.198758 
0.199891 
0.179553 
0.175227 
0.168598 
0.152885 
0.162900 
0.164533 
0.152762 
0.109331 
0.093063 
0.080774 
0.118021 
0.123923 
0.127971 
0.119398 
0.097966 
0.114621 
0.098017 
0.100009 
0.090118 
0.100917 
0.107224 
0.093852 
0.122160 
0.143733 
0.121811 
0.126490 
0.127260 
0.114098 
0.148701 
0.128783 
0.122981 
0.152878 
0.154265 
0.150871 
0.153648 
0.156404 
0.168568 
0.135198 
0.155578 
0.159128 
0.122218 
0.099469 
0.109480 
0.097639 
0.112401 
0.118650 
0.122321 
0.130125 
0.104076 
0.117122 
0.131640 
0.120847 
0.119690 
0.116369 
0.116348 
0.111960 
0.107347 
0.120611 
0.110887 
0.091239 
0.093321 
0.093815 
0.128826 
0.144409 
0.119488 
0.105970 
0.095792 
0.082915 
0.093293 
0.104053 
0.120532 
0.118491 
0.085200 
0.083072 
0.093483 
0.088666 
0.115403 
0.117544 
0.121425 
0.137541 
0.128748 
0.118452 
0.148149 
0.135022 
0.107437 
0.102633 
0.111541 
0.148579 
0.161706 
0.143983 
0.132370 
0.120245 
0.123464 
0.141380 
0.174110 
0.152179 
0.140697 
0.139395 
0.124067 
0.100335 
0.075692 
0.080849 
0.114773 
0.109313 
0.116409 
0.115677 
0.088341 
0.074320 
0.068630 
0.077630 
0.087637 
0.075542 
0.095581 
0.075714 
0.091622 
0.088313 
0.068565 
0.102617 
0.074963 
0.110280 
0.112305 
0.105617 
0.143956 
0.107232 
0.150702 
0.126858 
0.103678 
0.113962 
0.076634 
0.074707 
0.084575 
0.061975 
0.077106 
0.076477 
0.059316 
0.083210 
0.066279 
0.051281 
0.063565 
0.049296 
0.037478 
0.074950 
0.064436 
0.056011 
0.085186 
0.065735 
0.063844 
0.081874 
0.058766 
0.066129 
0.080872 
0.060742 
0.083447 
0.074535 
0.062813 
0.089468 
0.072369 
0.073975 
0.091692 
0.068471 
0.089412 
0.095781 
0.074543 
0.102301 
0.088933 
0.081921 
0.108867 
0.084023 
0.096592 
0.104901 
0.082304 
0.109379 
0.097900 
0.093029 
0.116084 
0.090028 
0.107985 
0.110039 
0.087875 
0.107731 
0.087211 
0.091175 
0.104389 
0.077127 
0.098556 
0.094422 
0.083939 
0.130305 
0.110181 
0.167555 
0.164246 
0.152019 
0.227765 
0.188604 
0.248742 
0.243480 
0.197587 
0.269525 
0.213381 
0.250756 
0.262477 
0.205990 
0.289191 
0.218418 
0.242474 
0.280426 
0.195835 
0.276032 
0.231568 
0.218610 
0.287365 
0.190905 
0.260207 
0.256319 
0.190013 
0.272260 
0.196435 
0.218735 
0.284568 
0.185198 
0.267686 
0.248787 
0.192060 
0.289285 
0.215388 
0.227301 
0.280613 
0.189809 
0.262770 
0.249100 
0.195974 
0.286330 
0.209910 
0.224928 
0.272889 
0.179203 
0.252751 
0.233602 
0.185311 
0.270140 
0.201207 
0.217177 
0.260373 
0.185985 
0.237068 
0.219094 
0.189572 
0.251865 
0.193922 
0.208886 
0.225771 
0.176231 
0.223678 
0.194379 
0.175999 
0.205104 
0.160166 
0.173581 
0.163159 
0.127755 
0.132463 
0.102732 
0.095633 
0.089134 
0.070521 
0.077982 
0.058650 
0.050418 
0.051338 
0.034667 
0.032911 
0.029574 
0.019888 
0.020516 
0.021527 
0.017332 
0.012639 
0.013525 
0.012105 
0.008602 
0.008922 
0.007295 
0.005115 
0.003776 
0.002716 
0.001974 
0.001430 
0.001037 
0.000752 
0.000545 
0.000395 
0.000286 
0.000208 
0.000151 
0.000109 
0.000079 
0.000057 
0.000042 
0.000030 
0.000024 
0.000019 
0.000019 
0.000017 
0.000016 
0.000018 
0.000020 
0.000018 
0.000016 
0.000017 
0.000016 
0.000015 
0.000016 
0.000018 
0.000015 
0.000015 
0.000017 
0.000018 
0.000016 
0.000017 
0.000016 
0.000012 
0.000009 
0.000006 
0.000005 
0.000011 
0.000016 
0.000018 
0.000019 
0.000020 
0.000020 
0.000020 
0.000020 
0.000020 
0.000021 
0.000020 
0.000020 
0.000021 
0.000021 
0.000020 
0.000015 
0.000011 
0.000007 
0.000008 
0.000019 
0.000034 
0.000032 
0.000096 
0.000350 
0.000865 
0.001129 
0.006472 
0.005699 
0.009330 
0.013538 
0.009043 
0.025397 
0.020985 
0.048899 
0.088271 
0.130470 
0.148660 
0.266151 
0.293641 
0.296017 
0.358833 
0.293811 
0.346804 
0.287857 
0.342301 
0.309914 
0.327688 
0.308271 
0.306648 
0.275949 
0.274883 
0.269044 
0.242588 
0.296118 
0.299130 
0.308618 
0.326596 
0.296729 
0.344985 
0.346016 
0.334179 
0.340904 
0.335481 
0.316983 
0.304277 
0.304777 
0.306018 
0.300072 
0.272958 
0.291698 
0.280435 
0.263201 
0.295465 
0.243714 
0.257099 
0.263927 
0.221517 
0.264632 
0.238483 
0.236769 
0.257671 
0.215691 
0.264959 
0.235348 
0.229597 
0.260622 
0.212363 
0.235542 
0.228059 
0.237999 
0.270546 
0.224947 
0.267574 
0.247961 
0.223682 
0.255279 
0.217607 
0.244634 
0.234529 
0.223944 
0.250653 
0.217227 
0.255488 
0.231354 
0.223740 
0.250153 
0.215928 
0.211125 
0.200491 
0.179170 
0.188359 
0.196975 
0.218697 
0.225432 
0.199366 
0.201801 
0.184496 
0.194719 
0.200946 
0.190109 
0.203085 
0.187888 
0.209077 
0.214269 
0.204209 
0.187436 
0.191659 
0.186746 
0.159388 
0.203134 
0.170329 
0.160550 
0.174137 
0.155502 
0.126105 
0.095305 
0.079643 
0.071420 
0.073716 
0.066618 
0.072113 
0.075940 
0.070709 
0.065504 
0.057925 
0.043045 
0.048444 
0.041652 
0.039773 
0.054823 
0.038025 
0.046503 
0.046086 
0.051233 
0.050466 
0.041238 
0.035370 
0.030464 
0.044227 
0.036281 
0.040388 
0.036078 
0.036064 
0.040371 
0.037425 
0.039557 
0.036753 
0.045732 
0.035455 
0.046211 
0.037190 
0.044228 
0.043746 
0.049085 
0.045451 
0.044823 
0.057552 
0.047084 
0.052379 
0.043374 
0.052945 
0.041669 
0.052686 
0.045344 
0.052128 
0.046048 
0.052142 
0.052669 
0.047210 
0.049207 
0.042618 
0.050905 
0.040001 
0.052112 
0.039513 
0.044960 
0.039622 
0.037295 
0.036033 
0.029833 
0.031518 
0.024576 
0.027485 
0.021037 
0.020850 
0.015152 
0.015491 
0.013105 
0.010638 
0.012771 
0.009062 
0.010300 
0.008433 
0.010787 
0.016348 
0.015588 
0.026947 
0.034394 
0.049723 
0.053961 
0.077543 
0.124537 
0.151212 
0.187749 
0.215699 
0.216773 
0.217772 
0.212190 
0.203706 
0.192731 
0.204771 
0.226827 
0.235835 
0.241010 
0.237659 
0.245540 
0.243401 
0.231765 
0.223165 
0.223929 
0.228554 
0.215896 
0.213746 
0.222532 
0.222573 
0.214617 
0.206152 
0.208930 
0.207177 
0.201403 
0.204253 
0.226057 
0.224305 
0.215858 
0.203193 
0.210729 
0.219700 
0.209159 
0.199050 
0.202769 
0.199189 
0.192854 
0.188249 
0.177716 
0.182930 
0.178160 
0.170143 
0.166734 
0.154963 
0.144874 
0.143041 
0.146683 
0.150835 
0.150374 
0.145951 
0.144121 
0.150126 
0.147625 
0.146956 
0.156628 
0.149396 
0.166755 
0.158050 
0.168927 
0.162606 
0.167645 
0.173398 
0.178528 
0.186943 
0.180835 
0.182979 
0.199022 
0.179839 
0.204318 
0.184569 
0.185486 
0.150133 
0.158946 
0.129722 
0.140251 
0.127706 
0.104782 
0.098172 
0.083210 
0.076897 
0.071534 
0.085045 
0.087427 
0.091111 
0.079176 
0.091549 
0.083864 
0.090960 
0.091499 
0.089520 
0.081537 
0.093540 
0.092684 
0.097884 
0.109966 
0.097272 
0.119155 
0.104650 
0.113476 
0.111131 
0.115859 
0.125005 
0.116838 
0.136211 
0.111010 
0.108252 
0.105987 
0.131885 
0.130415 
0.127597 
0.147851 
0.150022 
0.161232 
0.148997 
0.160185 
0.168133 
0.197443 
0.207420 
0.220772 
0.214356 
0.223715 
0.205564 
0.221952 
0.199516 
0.199556 
0.184434 
0.180578 
0.174732 
0.191175 
0.164448 
0.175153 
0.175304 
0.168108 
0.170236 
0.148027 
0.176139 
0.176295 
0.203958 
0.180439 
0.189767 
0.162062 
0.181578 
0.185599 
0.187608 
0.210991 
0.198495 
0.203912 
0.187808 
0.205688 
0.176499 
0.212704 
0.204883 
0.217757 
0.227851 
0.223200 
0.239269 
0.214727 
0.239774 
0.215803 
0.240775 
0.219429 
0.247876 
0.240507 
0.251212 
0.245300 
0.233887 
0.260229 
0.233636 
0.240638 
0.220445 
0.250113 
0.226342 
0.234615 
0.220293 
0.220414 
0.221823 
0.215356 
0.235717 
0.207772 
0.230192 
0.210046 
0.218253 
0.204269 
0.224214 
0.212501 
0.213751 
0.212711 
0.210090 
0.216107 
0.196429 
0.207542 
0.198459 
0.210672 
0.195797 
0.199679 
0.197239 
0.197632 
0.197001 
0.200269 
0.213436 
0.186964 
0.183218 
0.183347 
0.156002 
0.150755 
0.132054 
0.119505 
0.091804 
0.078465 
0.062832 
0.068413 
0.066740 
0.055896 
0.060887 
0.054071 
0.061478 
0.056621 
0.072871 
0.068036 
0.081414 
0.085322 
0.094578 
0.113353 
0.109921 
0.128929 
0.127152 
0.144577 
0.144056 
0.169358 
0.168728 
0.191515 
0.176054 
0.196888 
0.196549 
0.218700 
0.198529 
0.210603 
0.185575 
0.197482 
0.183101 
0.185187 
0.162146 
0.159541 
0.145336 
0.149190 
0.136060 
0.136490 
0.120274 
0.121332 
0.111011 
0.105348 
0.098483 
0.099428 
0.087997 
0.084269 
0.077806 
0.078058 
0.070451 
0.073522 
0.060114 
0.056054 
0.049055 
0.049356 
0.041062 
0.041601 
0.031995 
0.030589 
0.024411 
0.026141 
0.020919 
0.023193 
0.018215 
0.019642 
0.016078 
0.014805 
0.011655 
0.010986 
0.010259 
0.008303 
0.008301 
0.008223 
0.007932 
0.006550 
0.005435 
0.004621 
0.007077 
0.008378 
0.006641 
0.005550 
0.004511 
0.004314 
0.003869 
0.004064 
0.003260 
0.003487 
0.003338 
0.004912 
0.003791 
0.003204 
0.002335 
0.002151 
0.001654 
0.001524 
0.001244 
0.000866 
0.000640 
0.000463 
0.000329 
0.000283 
0.000244 
0.000170 
0.000125 
0.000090 
0.000066 
0.000048 
0.000034 
0.000025 
0.000018 
0.000013 
0.000010 
0.000007 
0.000005 
0.000004 
0.000003 
0.000002 
0.000001 
0.000001 
0.000001 
0.000001 
0.000000 
0.000000 
0.000000 
-0.000000 
0.000006 
0.000017 
0.000023 
0.000025 
0.000046 
0.000122 
0.000153 
0.000491 
0.001128 
0.001480 
0.007903 
0.015311 
0.017222 
0.015736 
0.052429 
0.114250 
0.141905 
0.182797 
0.222593 
0.233291 
0.240891 
0.240496 
0.249507 
0.259428 
0.267599 
0.276735 
0.292051 
0.286101 
0.290193 
0.297460 
0.304007 
0.296714 
0.279473 
0.278363 
0.276937 
0.250393 
0.242199 
0.235226 
0.226285 
0.220022 
0.213377 
0.218460 
0.232670 
0.223425 
0.231366 
0.241302 
0.240904 
0.238456 
0.245478 
0.247335 
0.239662 
0.246680 
0.250572 
0.266234 
0.265974 
0.267980 
0.256824 
0.257329 
0.258258 
0.252518 
0.240980 
0.253084 
0.244988 
0.267700 
0.263739 
0.264033 
0.246964 
0.233267 
0.230340 
0.236321 
0.226334 
0.236154 
0.223635 
0.225667 
0.226385 
0.211633 
0.201514 
0.203674 
0.210678 
0.210423 
0.214846 
0.190072 
0.206351 
0.185797 
0.195338 
0.187654 
0.191326 
0.178075 
0.183806 
0.173352 
0.162919 
0.155261 
0.148794 
0.156828 
0.158706 
0.155302 
0.154631 
0.164292 
0.162707 
0.166111 
0.161921 
0.150339 
0.150453 
0.138831 
0.141148 
0.146039 
0.154884 
0.145129 
0.142025 
0.148666 
0.148167 
0.150344 
0.142295 
0.135156 
0.136607 
0.133714 
0.131029 
0.140258 
0.149772 
0.153911 
0.162054 
0.160645 
0.160458 
0.156364 
0.168504 
0.153247 
0.153206 
0.157608 
0.156525 
0.159692 
0.164911 
0.157280 
0.167505 
0.157133 
0.149145 
0.150344 
0.131017 
0.118016 
0.119453 
0.115876 
0.123474 
0.115578 
0.121445 
0.117324 
0.117495 
0.112806 
0.107671 
0.104395 
0.094747 
0.082949 
0.077559 
0.069423 
0.062365 
0.052567 
0.043402 
0.037311 
0.032445 
0.026857 
0.023044 
0.023375 
0.021720 
0.019048 
0.017586 
0.017982 
0.019879 
0.018393 
0.017275 
0.013935 
0.012221 
0.010057 
0.007071 
0.006200 
0.006350 
0.006915 
0.006917 
0.005994 
0.005895 
0.007404 
0.007622 
0.007347 
0.006901 
0.005780 
0.004481 
0.003580 
0.002882 
0.002542 
0.002333 
0.002449 
0.002173 
0.001995 
0.002047 
0.002260 
0.002164 
0.001880 
0.001570 
0.001133 
0.000849 
0.000608 
0.000447 
0.000353 
0.000258 
0.000186 
0.000136 
0.000098 
0.000071 
0.000052 
0.000037 
0.000027 
0.000020 
0.000014 
0.000010 
0.000009 
0.000015 
0.000015 
0.000018 
0.000017 
0.000018 
0.000019 
0.000017 
0.000019 
0.000023 
0.000021 
0.000017 
0.000014 
0.000014 
0.000016 
0.000017 
0.000017 
0.000015 
0.000011 
0.000011 
0.000017 
0.000016 
0.000013 
0.000016 
0.000016 
0.000015 
0.000012 
0.000015 
0.000018 
0.000019 
0.000018 
0.000020 
0.000017 
0.000012 
0.000012 
0.000012 
0.000009 
0.000008 
0.000009 
0.000010 
0.000009 
0.000012 
0.000017 
0.000017 
0.000019 
0.000016 
0.000016 
0.000015 
0.000011 
0.000011 
0.000013 
0.000009 
0.000014 
0.000015 
0.000010 
0.000011 
0.000018 
0.000020 
0.000036 
0.000009 
0.000262 
0.003005 
0.007709 
0.013060 
0.015113 
0.016118 
0.017456 
0.014883 
0.026837 
0.046927 
0.080343 
0.096954 
0.116023 
0.114923 
0.100461 
0.096625 
0.097226 
0.109980 
0.107890 
0.127672 
0.134192 
0.152862 
0.164186 
0.175781 
0.191959 
0.196739 
0.207827 
0.213219 
0.220239 
0.230408 
0.221786 
0.219389 
0.216216 
0.210896 
0.211444 
0.205827 
0.208291 
0.202795 
0.190927 
0.188153 
0.174512 
0.170627 
0.155457 
0.150403 
0.144514 
0.138289 
0.134772 
0.140197 
0.132736 
0.125902 
0.128544 
0.125971 
0.135405 
0.158859 
0.167341 
0.197489 
0.211409 
0.171074 
0.185759 
0.157207 
0.108180 
0.099842 
0.090499 
0.113914 
0.149525 
0.108904 
0.129964 
0.144093 
0.119962 
0.124383 
0.124216 
0.123443 
0.114312 
0.096139 
0.103079 
0.099827 
0.119220 
0.108915 
0.125150 
0.117487 
0.119092 
0.111342 
0.109881 
0.105488 
0.122757 
0.148082 
0.151412 
0.139709 
0.139010 
0.136804 
0.161150 
0.155006 
0.148335 
0.130017 
0.117493 
0.110712 
0.137166 
0.130052 
0.142509 
0.137436 
0.140753 
0.130521 
0.132755 
0.118881 
0.114835 
0.114904 
0.113364 
0.111688 
0.114916 
0.114306 
0.108173 
0.124760 
0.114125 
0.129211 
0.117247 
0.114033 
0.115701 
0.112653 
0.120008 
0.092100 
0.113569 
0.101597 
0.113845 
0.101489 
0.101028 
0.113656 
0.090181 
0.104488 
0.091894 
0.096043 
0.097203 
0.090976 
0.093232 
0.083392 
0.081828 
0.065305 
0.066447 
0.068148 
0.063839 
0.077814 
0.059660 
0.075050 
0.065339 
0.068295 
0.072416 
0.054685 
0.073196 
0.066956 
0.073312 
0.073497 
0.066606 
0.073271 
0.065788 
0.070019 
0.060620 
0.065896 
0.076172 
0.061298 
0.058634 
0.045159 
0.049531 
0.042399 
0.041844 
0.053085 
0.044545 
0.049525 
0.051631 
0.055591 
0.060734 
0.045265 
0.050238 
0.046386 
0.042030 
0.049306 
0.046624 
0.042616 
0.041965 
0.033010 
0.033761 
0.030336 
0.027471 
0.031110 
0.023358 
0.025366 
0.029720 
0.028998 
0.031046 
0.025566 
0.028400 
0.030784 
0.028702 
0.027846 
0.031043 
0.034083 
0.032326 
0.035075 
0.036265 
0.030300 
0.030968 
0.038346 
0.037963 
0.037966 
0.040932 
0.040096 
0.036920 
0.041300 
0.040753 
0.035465 
0.034984 
0.033169 
0.031913 
0.035443 
0.037188 
0.033655 
0.036242 
0.040818 
0.032430 
0.034219 
0.036580 
0.033660 
0.036745 
0.036226 
0.045661 
0.042152 
0.055026 
0.059089 
0.057740 
0.054203 
0.067043 
0.058967 
0.057593 
0.064361 
0.063147 
0.061360 
0.054136 
0.053401 
0.059692 
0.077744 
0.065932 
0.068177 
0.058348 
0.063767 
0.055193 
0.042576 
0.045255 
0.059273 
0.064009 
0.053570 
0.054570 
0.054039 
0.052676 
0.046076 
0.057325 
0.064209 
0.053220 
0.063230 
0.069087 
0.058172 
0.050674 
0.047102 
0.038698 
0.047983 
0.071862 
0.073136 
0.076416 
0.059765 
0.048528 
0.044615 
0.073221 
0.066236 
0.059365 
0.061489 
0.058945 
0.077862 
0.061283 
0.064164 
0.074774 
0.076798 
0.083691 
0.069597 
0.055099 
0.053948 
0.053262 
0.058414 
0.061805 
0.065321 
0.054633 
0.039387 
0.035982 
0.032249 
0.026049 
0.024287 
0.019172 
0.019435 
0.022722 
0.022450 
0.024614 
0.025802 
0.025041 
0.026395 
0.026880 
0.024468 
0.032156 
0.031095 
0.033886 
0.036641 
0.031666 
0.023544 
0.027958 
0.034150 
0.051929 
0.061703 
0.063757 
0.097838 
0.083500 
0.115916 
0.122832 
0.159535 
0.150800 
0.147305 
0.154725 
0.170181 
0.173451 
0.187816 
0.173420 
0.184501 
0.180127 
0.205374 
0.176546 
0.194467 
0.186062 
0.182246 
0.189977 
0.174314 
0.209350 
0.166125 
0.201076 
0.169193 
0.183424 
0.173457 
0.163270 
0.193375 
0.169631 
0.206183 
0.168707 
0.189129 
0.176771 
0.174387 
0.197778 
0.170164 
0.186107 
0.155681 
0.161146 
0.171188 
0.150224 
0.166325 
0.148166 
0.171328 
0.162815 
0.135789 
0.145440 
0.136780 
0.156613 
0.140453 
0.154644 
0.167047 
0.152961 
0.160102 
0.155062 
0.159429 
0.130455 
0.125130 
0.152361 
0.142741 
0.172584 
0.178634 
0.148454 
0.135128 
0.133054 
0.152038 
0.132001 
0.151284 
0.151856 
0.155119 
0.147835 
0.141471 
0.163046 
0.131912 
0.151553 
0.153332 
0.154521 
0.162473 
0.149870 
0.182616 
0.150007 
0.173486 
0.160474 
0.169697 
0.180007 
0.159604 
0.188135 
0.168244 
0.202817 
0.174541 
0.190980 
0.190187 
0.180400 
0.196714 
0.177911 
0.218378 
0.175322 
0.213429 
0.203035 
0.206689 
0.209860 
0.185042 
0.240863 
0.186362 
0.227596 
0.175865 
0.206920 
0.197366 
0.190308 
0.195823 
0.172066 
0.199691 
0.166748 
0.203600 
0.172256 
0.198396 
0.175562 
0.202526 
0.183992 
0.194415 
0.183465 
0.195232 
0.203588 
0.185406 
0.189981 
0.183187 
0.207888 
0.193581 
0.207222 
0.194294 
0.209771 
0.194476 
0.208520 
0.187555 
0.199547 
0.186027 
0.189334 
0.178016 
0.191368 
0.193573 
0.201433 
0.191308 
0.190873 
0.182951 
0.183180 
0.186093 
0.181426 
0.176663 
0.170565 
0.164342 
0.156641 
0.145689 
0.129713 
0.122270 
0.101080 
0.106725 
0.082052 
0.080041 
0.066798 
0.072625 
0.063627 
0.068013 
0.062760 
0.058222 
0.068676 
0.061279 
0.071524 
0.066544 
0.068321 
0.067869 
0.065433 
0.069780 
0.059453 
0.071181 
0.063684 
0.074784 
0.065921 
0.077120 
0.077382 
0.082204 
0.084001 
0.084491 
0.092832 
0.089953 
0.098346 
0.088429 
0.101479 
0.090706 
0.109405 
0.098285 
0.109659 
0.098339 
0.110978 
0.097485 
0.107205 
0.094792 
0.103193 
0.092794 
0.099427 
0.091208 
0.097480 
0.089672 
0.096418 
0.092501 
0.094092 
0.092250 
0.096660 
0.093702 
0.095493 
0.092010 
0.097250 
0.094988 
0.097086 
0.093027 
0.094708 
0.093370 
0.093469 
0.090740 
0.089994 
0.086092 
0.084213 
0.078290 
0.087647 
0.103241 
0.096670 
0.121007 
0.135476 
0.199207 
0.240134 
0.250593 
0.293947 
0.285881 
0.321579 
0.325157 
0.337651 
0.357262 
0.353869 
0.345902 
0.328773 
0.305972 
0.294400 
0.272849 
0.262805 
0.248430 
0.249564 
0.236121 
0.236236 
0.227343 
0.220911 
0.215846 
0.224039 
0.216486 
0.204410 
0.212000 
0.215299 
0.221808 
0.221217 
0.226336 
0.223796 
0.220226 
0.223899 
0.224976 
0.218514 
0.212751 
0.220940 
0.211541 
0.208446 
0.207395 
0.197937 
0.199098 
0.203885 
0.198917 
0.199515 
0.203435 
0.197205 
0.189082 
0.195147 
0.200346 
0.191528 
0.181784 
0.186981 
0.183136 
0.177550 
0.169408 
0.175623 
0.186765 
0.195639 
0.185570 
0.178210 
0.187269 
0.184685 
0.176918 
0.174447 
0.171697 
0.162980 
0.158863 
0.144244 
0.125999 
0.104523 
0.080205 
0.057096 
0.042528 
0.032448 
0.027105 
0.021646 
0.020959 
0.020298 
0.020313 
0.019890 
0.018039 
0.016958 
0.014138 
0.010595 
0.010754 
0.011855 
0.014171 
0.011827 
0.012599 
0.013009 
0.013257 
0.012781 
0.013426 
0.014073 
0.012935 
0.012888 
0.012386 
0.011432 
0.010249 
0.010303 
0.008838 
0.007814 
0.006747 
0.005898 
0.004571 
0.004081 
0.003629 
0.004401 
0.004425 
0.004218 
0.003978 
0.003815 
0.003756 
0.003663 
0.003621 
0.003222 
0.002807 
0.002289 
0.002011 
0.001693 
0.001654 
0.001782 
0.001577 
0.001899 
0.001725 
0.001683 
0.001632 
0.001333 
0.001095 
0.000878 
0.000673 
0.000513 
0.000386 
0.000328 
0.000250 
0.000179 
0.000131 
0.000095 
0.000068 
0.000050 
0.000034 
0.000037 
0.000045 
0.000052 
0.000084 
0.000175 
0.000282 
0.000358 
0.000436 
0.000465 
0.000484 
0.000450 
0.000466 
0.000444 
0.000440 
0.000451 
0.000431 
0.000459 
0.000429 
0.000300 
0.000226 
0.000178 
0.000129 
0.000122 
0.000213 
0.000419 
0.006532 
0.011039 
0.026217 
0.042142 
0.038297 
0.054622 
0.113635 
0.210024 
0.242271 
0.268444 
0.263455 
0.260152 
0.279083 
0.280315 
0.273844 
0.256877 
0.233222 
0.201757 
0.169524 
0.129035 
0.147066 
0.161029 
0.171608 
0.158719 
0.128631 
0.171307 
0.176529 
0.169550 
0.169689 
0.171261 
0.191326 
0.184304 
0.174796 
0.179486 
0.176839 
0.174920 
0.187644 
0.191746 
0.179929 
0.176089 
0.171383 
0.187619 
0.188965 
0.187480 
0.186208 
0.190264 
0.190054 
0.188884 
0.188583 
0.184780 
0.184895 
0.182812 
0.174511 
0.181749 
0.184705 
0.175321 
0.168599 
0.171331 
0.169973 
0.176006 
0.186379 
0.189504 
0.206502 
0.208363 
0.202694 
0.203678 
0.191696 
0.196107 
0.203836 
0.199736 
0.201893 
0.209092 
0.203288 
0.194035 
0.203778 
0.207914 
0.221571 
0.226050 
0.219654 
0.216500 
0.208016 
0.208001 
0.197141 
0.199479 
0.189864 
0.197315 
0.203760 
0.194447 
0.185487 
0.172886 
0.159780 
0.148146 
0.136994 
0.131487 
0.126790 
0.128465 
0.120200 
0.112754 
0.106001 
0.110342 
0.105098 
0.103676 
0.091370 
0.083765 
0.068689 
0.058361 
0.047102 
0.040821 
0.033598 
0.024977 
0.016498 
0.024114 
0.024103 
0.022947 
0.021245 
0.027552 
0.038761 
0.031902 
0.044285 
0.035781 
0.044768 
0.033714 
0.041035 
0.032993 
0.038755 
0.035461 
0.039891 
0.048588 
0.040149 
0.049565 
0.036862 
0.046236 
0.035407 
0.044118 
0.039514 
0.039142 
0.043803 
0.033633 
0.039430 
0.029506 
0.039736 
0.031732 
0.035034 
0.037774 
0.028661 
0.033672 
0.025171 
0.033747 
0.027703 
0.027289 
0.033962 
0.025351 
0.033716 
0.025157 
0.030835 
0.031085 
0.025379 
0.034035 
0.024908 
0.034324 
0.029670 
0.026818 
0.031738 
0.021777 
0.030914 
0.026914 
0.024816 
0.032438 
0.022153 
0.029545 
0.025119 
0.023261 
0.031104 
0.020890 
0.025203 
0.022962 
0.019070 
0.025015 
0.017589 
0.019295 
0.016465 
0.013091 
0.015646 
0.016302 
0.021888 
0.017632 
0.020743 
0.020157 
0.025202 
0.039877 
0.065488 
0.089156 
0.110639 
0.157709 
0.167218 
0.181214 
0.216072 
0.175154 
0.208946 
0.205397 
0.197390 
0.231217 
0.211387 
0.215238 
0.211926 
0.208219 
0.225657 
0.219657 
0.232801 
0.224137 
0.207313 
0.219315 
0.210758 
0.213566 
0.208114 
0.204717 
0.204953 
0.194823 
0.205549 
0.190202 
0.179788 
0.185509 
0.173422 
0.177775 
0.186807 
0.184625 
0.194667 
0.156058 
0.151271 
0.161413 
0.152486 
0.137254 
0.159080 
0.167202 
0.159900 
0.135644 
0.115326 
0.148257 
0.138738 
0.141931 
0.147013 
0.137779 
0.162433 
0.144822 
0.154076 
0.123740 
0.112865 
0.141334 
0.106059 
0.137318 
0.101839 
0.131250 
0.137302 
0.112624 
0.137735 
0.100927 
0.131021 
0.107932 
0.128901 
0.118826 
0.119524 
0.161035 
0.121134 
0.149575 
0.135198 
0.147496 
0.131226 
0.131882 
0.140027 
0.128875 
0.150470 
0.120898 
0.163526 
0.124118 
0.136839 
0.137524 
0.148546 
0.159227 
0.135349 
0.182694 
0.138499 
0.170079 
0.138273 
0.170016 
0.143507 
0.163728 
0.139732 
0.164676 
0.198054 
0.186260 
0.185755 
0.169199 
0.187975 
0.159486 
0.187079 
0.156107 
0.185024 
0.159598 
0.187570 
0.175793 
0.195364 
0.181359 
0.202580 
0.184184 
0.208645 
0.206310 
0.205884 
0.202487 
0.191561 
0.177706 
0.186997 
0.187871 
0.221543 
0.213375 
0.191712 
0.176870 
0.178928 
0.178582 
0.211128 
0.183766 
0.199108 
0.195904 
0.200728 
0.191370 
0.189531 
0.196549 
0.213303 
0.195142 
0.225691 
0.225397 
0.221646 
0.207726 
0.220330 
0.209630 
0.196009 
0.201926 
0.205086 
0.184121 
0.182433 
0.182546 
0.191767 
0.193021 
0.178244 
0.183195 
0.196942 
0.201085 
0.180768 
0.176769 
0.182048 
0.169668 
0.177080 
0.177686 
0.173443 
0.153892 
0.162542 
0.157510 
0.137855 
0.128387 
0.112317 
0.116417 
0.125202 
0.145595 
0.140300 
0.130084 
0.100927 
0.108629 
0.103001 
0.131109 
0.134770 
0.140385 
0.153341 
0.141326 
0.156854 
0.153425 
0.136758 
0.152017 
0.144668 
0.118440 
0.103934 
0.094063 
0.093287 
0.139195 
0.149726 
0.204358 
0.206445 
0.216159 
0.197705 
0.155699 
0.147252 
0.120604 
0.097562 
0.087842 
0.107032 
0.103240 
0.105727 
0.087427 
0.087255 
0.079834 
0.093386 
0.074413 
0.078742 
0.103380 
0.124435 
0.090800 
0.069831 
0.072744 
0.072573 
0.066524 
0.067701 
0.077818 
0.064651 
0.061045 
0.053083 
0.049208 
0.048167 
0.044981 
0.045731 
0.046649 
0.046698 
0.039594 
0.038479 
0.036529 
0.031863 
0.048894 
0.061531 
0.065052 
0.055774 
0.041956 
0.035208 
0.028136 
0.029916 
0.035273 
0.029430 
0.021610 
0.019234 
0.021235 
0.016222 
0.012169 
0.010125 
0.008508 
0.009134 
0.007928 
0.006799 
0.006750 
0.009282 
0.008412 
0.006472 
0.005473 
0.003908 
0.003145 
0.004030 
0.005218 
0.003924 
0.003103 
0.002663 
0.002951 
0.002390 
0.001732 
0.001294 
0.001275 
0.001207 
0.001465 
0.001409 
0.001179 
0.001028 
0.000983 
0.000837 
0.001077 
0.001426 
0.000982 
0.000897 
0.000796 
0.001057 
0.001277 
0.000920 
0.000725 
0.000873 
0.000717 
0.000935 
0.001025 
0.001001 
0.001447 
0.001901 
0.003504 
0.003113 
0.002394 
0.002595 
0.002467 
0.002843 
0.003524 
0.004351 
0.005245 
0.006773 
0.006906 
0.005919 
0.004976 
0.005478 
0.005341 
0.004800 
0.004590 
0.003830 
0.004095 
0.004866 
0.005652 
0.004994 
0.005348 
0.005521 
0.006114 
0.006369 
0.006369 
0.005099 
0.004772 
0.005912 
0.005124 
0.004334 
0.005745 
0.006249 
0.005392 
0.004405 
0.004483 
0.007833 
0.007417 
0.006212 
0.006018 
0.008726 
0.008577 
0.006622 
0.006441 
0.006969 
0.006149 
0.005492 
0.005772 
0.006596 
0.005897 
0.005213 
0.005556 
0.006999 
0.009868 
0.013772 
0.012318 
0.010354 
0.009242 
0.009226 
0.008164 
0.006095 
0.005166 
0.005638 
0.007454 
0.009385 
0.008976 
0.006694 
0.005801 
0.006688 
0.006712 
0.006085 
0.006454 
0.008929 
0.010004 
0.008731 
0.008551 
0.007108 
0.006568 
0.005519 
0.004277 
0.003532 
0.004782 
0.005962 
0.006983 
0.006804 
0.007636 
0.007742 
0.006050 
0.005881 
0.006005 
0.006630 
0.009730 
0.010490 
0.008184 
0.009314 
0.009262 
0.007348 
0.005303 
0.006932 
0.006537 
0.005378 
0.004502 
0.003353 
0.003277 
0.004476 
0.005963 
0.007373 
0.006425 
0.005117 
0.008789 
0.010152 
0.007325 
0.007269 
0.006357 
0.006314 
0.005723 
0.004094 
0.004121 
0.004486 
0.003634 
0.003697 
0.004930 
0.005710 
0.005298 
0.004959 
0.003763 
0.003804 
0.003756 
0.003835 
0.004085 
0.003790 
0.003675 
0.002582 
0.002471 
0.002941 
0.002585 
0.002530 
0.002886 
0.002376 
0.002746 
0.003300 
0.003501 
0.003186 
0.002269 
0.001803 
0.002132 
0.002932 
0.005410 
0.005127 
0.004443 
0.004813 
0.004358 
0.003274 
0.002691 
0.002969 
0.003086 
0.002750 
0.003036 
0.003181 
0.002440 
0.002481 
0.002873 
0.002878 
0.002854 
0.001991 
0.001719 
0.001694 
0.002065 
0.001804 
0.001473 
0.001440 
0.001393 
0.001683 
0.001659 
0.001390 
0.001180 
0.001227 
0.001392 
0.000995 
0.001148 
0.001151 
0.000989 
0.001017 
0.000943 
0.000751 
0.000662 
0.000713 
0.000769 
0.000679 
0.000710 
0.000707 
0.000657 
0.000888 
0.000771 
0.000709 
0.000597 
0.000491 
0.000474 
0.000559 
0.000584 
0.000568 
0.000555 
0.000472 
0.000414 
0.000324 
0.000209 
0.000275 
0.000435 
0.000318 
0.000265 
0.000206 
0.000231 
0.000178 
0.000152 
0.000222 
0.000171 
0.000136 
0.000141 
0.000117 
0.000100 
0.000143 
0.000149 
0.000108 
0.000088 
0.000064 
0.000046 
0.000034 
0.000030 
0.000024 
0.000037 
0.000046 
0.000033 
0.000028 
0.000034 
0.000028 
0.000020 
0.000015 
0.000011 
0.000008 
0.000006 
0.000004 
0.000003 
0.000002 
0.000002 
0.000001 
0.000001 
0.000001 
0.000000 
0.000000 
0.000000 
0.000000 
0.000000 
0.000000 
0.000000 
0.000000 
0.000000 
0.000000 
0.000000 
0.000000 
0.000000 
0.000000 
0.000000 
0.000000 
0.000000 
0.000000 
0.000000 
0.000000 
0.000000 
