[ASCII 1000Hz, Channels: 1, Samples: 4284, Flags: 0]                          
0.000000 
0.000000 
0.000000 
0.000000 
0.000000 
0.000000 
0.000000 
0.000000 
0.000000 
0.000000 
0.000000 
0.000000 
0.000000 
0.000000 
0.000000 
0.000000 
0.000000 
0.000000 
0.000000 
0.000000 
0.000000 
0.000000 
0.000000 
0.000000 
0.000000 
0.000000 
0.000000 
0.000000 
0.000000 
0.000000 
0.000000 
0.000000 
0.000000 
0.000000 
0.000000 
0.000000 
0.000000 
0.000000 
0.000000 
0.000000 
0.000000 
0.000000 
0.000000 
0.000000 
0.000000 
0.000000 
0.000000 
0.000000 
0.000000 
0.000000 
0.000000 
0.000000 
0.000000 
0.000000 
0.000000 
0.000000 
0.000000 
0.000000 
0.000000 
0.000000 
0.000000 
0.000000 
0.000000 
0.000000 
0.000000 
-0.000000 
0.000000 
-0.000000 
0.000000 
-0.000000 
0.000001 
0.000009 
0.000016 
0.000018 
0.000019 
0.000020 
0.000022 
0.000027 
0.000032 
0.000071 
0.000455 
0.001421 
0.001996 
0.004764 
0.009114 
0.015043 
0.057883 
0.066241 
0.102267 
0.121107 
0.107945 
0.119739 
0.137509 
0.222306 
0.209533 
0.204057 
0.281495 
0.280005 
0.354148 
0.336893 
0.343262 
0.321324 
0.293261 
0.313848 
0.269613 
0.268486 
0.290772 
0.219782 
0.222376 
0.282497 
0.227651 
0.243484 
0.279408 
0.237102 
0.256100 
0.278563 
0.264991 
0.272159 
0.280325 
0.274155 
0.258632 
0.262789 
0.266050 
0.264655 
0.279624 
0.272714 
0.270832 
0.259272 
0.247617 
0.263266 
0.244412 
0.255332 
0.265369 
0.242817 
0.267275 
0.239427 
0.218348 
0.263546 
0.194179 
0.235602 
0.253373 
0.195326 
0.236619 
0.188595 
0.176558 
0.163619 
0.153680 
0.166800 
0.143265 
0.130956 
0.121721 
0.114482 
0.111163 
0.126525 
0.094535 
0.095086 
0.092962 
0.085474 
0.068182 
0.073574 
0.066069 
0.086137 
0.077760 
0.072735 
0.069778 
0.061596 
0.059932 
0.049600 
0.041291 
0.043117 
0.039475 
0.030173 
0.036062 
0.034272 
0.039493 
0.029184 
0.044040 
0.044413 
0.031987 
0.031449 
0.029761 
0.022333 
0.021797 
0.028735 
0.027319 
0.026297 
0.023887 
0.027168 
0.033981 
0.031328 
0.023994 
0.036837 
0.029986 
0.027479 
0.020939 
0.028759 
0.029814 
0.020973 
0.028028 
0.023529 
0.021987 
0.024836 
0.017804 
0.017270 
0.016006 
0.016830 
0.015910 
0.012376 
0.013106 
0.013121 
0.012197 
0.008494 
0.010117 
0.009521 
0.013257 
0.010644 
0.009020 
0.008943 
0.012581 
0.008463 
0.010954 
0.011471 
0.012538 
0.014593 
0.010990 
0.042748 
0.077050 
0.104100 
0.103146 
0.078830 
0.056741 
0.049666 
0.046110 
0.039704 
0.038084 
0.043740 
0.053680 
0.071147 
0.079413 
0.063143 
0.048722 
0.039935 
0.037637 
0.049710 
0.082534 
0.064853 
0.119773 
0.118135 
0.145714 
0.166882 
0.173921 
0.203735 
0.183320 
0.193985 
0.172115 
0.203719 
0.197880 
0.192440 
0.195630 
0.204481 
0.228068 
0.210069 
0.239845 
0.207147 
0.202421 
0.233188 
0.188485 
0.223189 
0.196557 
0.167053 
0.253822 
0.201032 
0.241453 
0.288988 
0.225359 
0.269901 
0.248433 
0.239007 
0.291742 
0.225608 
0.251198 
0.281300 
0.214242 
0.247303 
0.265895 
0.218156 
0.253527 
0.240162 
0.206885 
0.245313 
0.238004 
0.233827 
0.248707 
0.206541 
0.194671 
0.221977 
0.154014 
0.162260 
0.173171 
0.126377 
0.148771 
0.114442 
0.111742 
0.155958 
0.104760 
0.139170 
0.127156 
0.095428 
0.107045 
0.075168 
0.096968 
0.090871 
0.069869 
0.059143 
0.042391 
0.045698 
0.059178 
0.046934 
0.046625 
0.048850 
0.039243 
0.050442 
0.039530 
0.048974 
0.068971 
0.053189 
0.065821 
0.067762 
0.047775 
0.064345 
0.070379 
0.050579 
0.078659 
0.070112 
0.058208 
0.085921 
0.072820 
0.088204 
0.122607 
0.097847 
0.126988 
0.147022 
0.109592 
0.147573 
0.151755 
0.137869 
0.175307 
0.142978 
0.110884 
0.151042 
0.126177 
0.124447 
0.164491 
0.129853 
0.133426 
0.177922 
0.152333 
0.158560 
0.195047 
0.160105 
0.159149 
0.179872 
0.166125 
0.144629 
0.169508 
0.168272 
0.137183 
0.156581 
0.148956 
0.142296 
0.179148 
0.159710 
0.129475 
0.143981 
0.129941 
0.101246 
0.136106 
0.150929 
0.118562 
0.138740 
0.151607 
0.111692 
0.087943 
0.092397 
0.063189 
0.088710 
0.123147 
0.085911 
0.072866 
0.095127 
0.078576 
0.067328 
0.100836 
0.084267 
0.058379 
0.079206 
0.079570 
0.055950 
0.084860 
0.082676 
0.052616 
0.071915 
0.091102 
0.059331 
0.063401 
0.087496 
0.064562 
0.056211 
0.091568 
0.075922 
0.060824 
0.089980 
0.076123 
0.053995 
0.082129 
0.082467 
0.054268 
0.083650 
0.102661 
0.067851 
0.085333 
0.099088 
0.065796 
0.068385 
0.092357 
0.062605 
0.064033 
0.099358 
0.072598 
0.067579 
0.104971 
0.077611 
0.065359 
0.096146 
0.072863 
0.064211 
0.097702 
0.075508 
0.063300 
0.104135 
0.077580 
0.088632 
0.126028 
0.087171 
0.079403 
0.094062 
0.061273 
0.073336 
0.095761 
0.063553 
0.082698 
0.085661 
0.056264 
0.077724 
0.075698 
0.051674 
0.093529 
0.083882 
0.062378 
0.103256 
0.082729 
0.078391 
0.092317 
0.061900 
0.087962 
0.085743 
0.068433 
0.098585 
0.070819 
0.083001 
0.104296 
0.071296 
0.093180 
0.080450 
0.067894 
0.087895 
0.059563 
0.086005 
0.081871 
0.065425 
0.084487 
0.058965 
0.076996 
0.073736 
0.059847 
0.078417 
0.055295 
0.082752 
0.074650 
0.069145 
0.079899 
0.059196 
0.085362 
0.064577 
0.074744 
0.070069 
0.057862 
0.067382 
0.049622 
0.070815 
0.054730 
0.062012 
0.060428 
0.051148 
0.055681 
0.047176 
0.069548 
0.053443 
0.071641 
0.060587 
0.073921 
0.076480 
0.068965 
0.083239 
0.066039 
0.089447 
0.067440 
0.095231 
0.079292 
0.095793 
0.096007 
0.088693 
0.106052 
0.080076 
0.103700 
0.078445 
0.112967 
0.097879 
0.102138 
0.106669 
0.090079 
0.107220 
0.087275 
0.118520 
0.096381 
0.103368 
0.092165 
0.098646 
0.104678 
0.105924 
0.140302 
0.143743 
0.199685 
0.211377 
0.240706 
0.235681 
0.277038 
0.254009 
0.275811 
0.258240 
0.241975 
0.280525 
0.230899 
0.252625 
0.278037 
0.238966 
0.293410 
0.284056 
0.249505 
0.241812 
0.256946 
0.239098 
0.255597 
0.290459 
0.238851 
0.251778 
0.263963 
0.247656 
0.285833 
0.267811 
0.248671 
0.287384 
0.268348 
0.258519 
0.272230 
0.260329 
0.271371 
0.275434 
0.271004 
0.278467 
0.248445 
0.267488 
0.254967 
0.226961 
0.273571 
0.238570 
0.243084 
0.247637 
0.209870 
0.204413 
0.195443 
0.235307 
0.219891 
0.196964 
0.177693 
0.177567 
0.213865 
0.208389 
0.207779 
0.183022 
0.175280 
0.139378 
0.171649 
0.189688 
0.154845 
0.144875 
0.140988 
0.231654 
0.185463 
0.173068 
0.190120 
0.165429 
0.129800 
0.142609 
0.167986 
0.159989 
0.226967 
0.190353 
0.209246 
0.272826 
0.221082 
0.233723 
0.243593 
0.189710 
0.255035 
0.225401 
0.211816 
0.236356 
0.217291 
0.289123 
0.258429 
0.259175 
0.287628 
0.239288 
0.243121 
0.273629 
0.246127 
0.201581 
0.199609 
0.161251 
0.167090 
0.161060 
0.181738 
0.205449 
0.148033 
0.121518 
0.176485 
0.220801 
0.197037 
0.183456 
0.163231 
0.138685 
0.120996 
0.103689 
0.125990 
0.183219 
0.175343 
0.116559 
0.113140 
0.110782 
0.146356 
0.166862 
0.112771 
0.130065 
0.129212 
0.094573 
0.090337 
0.138448 
0.165254 
0.125941 
0.124033 
0.122968 
0.086810 
0.086051 
0.115752 
0.084312 
0.070992 
0.083764 
0.123074 
0.148788 
0.154301 
0.129798 
0.095793 
0.096274 
0.108863 
0.088365 
0.063289 
0.079011 
0.079647 
0.058037 
0.043470 
0.054071 
0.058257 
0.043362 
0.032818 
0.039153 
0.037297 
0.031167 
0.027577 
0.030314 
0.031252 
0.021246 
0.020975 
0.023700 
0.018814 
0.016504 
0.018958 
0.020154 
0.014421 
0.013592 
0.012433 
0.008698 
0.010702 
0.009261 
0.006136 
0.005992 
0.007119 
0.005511 
0.003873 
0.005742 
0.007266 
0.005350 
0.004418 
0.005356 
0.004255 
0.002780 
0.004020 
0.005800 
0.004329 
0.003411 
0.004100 
0.004760 
0.004479 
0.006953 
0.010615 
0.011764 
0.011765 
0.014372 
0.017862 
0.025012 
0.037369 
0.030617 
0.032612 
0.030901 
0.035379 
0.039703 
0.043635 
0.050004 
0.058953 
0.061881 
0.076944 
0.097704 
0.085036 
0.063510 
0.058178 
0.059459 
0.047086 
0.057598 
0.064398 
0.058410 
0.074586 
0.066451 
0.053964 
0.063655 
0.065863 
0.072788 
0.093166 
0.078044 
0.081172 
0.096252 
0.080389 
0.064443 
0.071317 
0.081577 
0.082704 
0.069697 
0.059011 
0.051115 
0.080962 
0.077327 
0.078055 
0.086810 
0.072118 
0.055835 
0.065543 
0.087739 
0.090015 
0.077725 
0.083284 
0.068480 
0.059946 
0.057058 
0.058609 
0.075257 
0.094769 
0.078460 
0.069303 
0.076942 
0.098097 
0.102789 
0.086773 
0.067127 
0.063985 
0.077001 
0.088099 
0.074893 
0.070003 
0.066280 
0.065131 
0.071540 
0.075896 
0.080960 
0.081672 
0.061839 
0.054361 
0.073574 
0.083799 
0.099268 
0.104731 
0.119189 
0.143473 
0.132414 
0.133330 
0.120766 
0.092178 
0.072401 
0.078372 
0.087896 
0.089427 
0.074346 
0.062214 
0.069256 
0.070484 
0.078052 
0.076366 
0.087305 
0.088434 
0.071907 
0.070312 
0.064966 
0.070935 
0.088572 
0.084032 
0.088801 
0.102171 
0.097467 
0.078488 
0.065301 
0.076643 
0.081389 
0.075695 
0.080563 
0.075898 
0.079338 
0.073937 
0.073102 
0.074557 
0.073712 
0.077019 
0.089240 
0.101122 
0.088891 
0.074403 
0.075205 
0.083172 
0.107776 
0.109581 
0.095469 
0.078943 
0.071086 
0.058258 
0.066587 
0.081702 
0.077834 
0.060121 
0.060073 
0.063487 
0.058317 
0.068871 
0.076481 
0.071234 
0.068366 
0.073714 
0.059634 
0.043980 
0.038499 
0.047826 
0.055035 
0.052401 
0.053530 
0.048440 
0.045707 
0.056174 
0.058101 
0.056534 
0.060917 
0.067601 
0.062711 
0.058371 
0.069310 
0.065229 
0.054941 
0.050791 
0.055359 
0.058638 
0.046682 
0.050535 
0.050725 
0.039932 
0.037010 
0.032728 
0.041818 
0.050621 
0.043293 
0.041323 
0.041002 
0.036219 
0.037133 
0.051834 
0.056780 
0.058318 
0.048537 
0.041913 
0.048341 
0.052256 
0.038752 
0.038923 
0.045294 
0.042969 
0.040493 
0.035612 
0.030042 
0.026407 
0.023933 
0.032578 
0.043642 
0.040651 
0.042344 
0.039212 
0.038907 
0.046544 
0.040021 
0.036211 
0.039798 
0.032470 
0.027639 
0.030947 
0.028464 
0.026808 
0.036430 
0.039246 
0.034090 
0.027981 
0.022783 
0.024599 
0.023108 
0.025381 
0.028118 
0.033363 
0.032655 
0.026545 
0.023990 
0.021469 
0.016112 
0.021068 
0.033501 
0.031539 
0.033041 
0.028206 
0.024436 
0.024101 
0.021053 
0.017597 
0.020164 
0.023512 
0.025119 
0.024960 
0.021511 
0.023162 
0.023417 
0.017830 
0.013464 
0.011075 
0.008464 
0.009101 
0.011474 
0.011683 
0.011629 
0.010043 
0.011609 
0.012073 
0.010394 
0.012205 
0.014186 
0.012623 
0.011347 
0.009130 
0.006351 
0.005788 
0.005640 
0.006137 
0.005288 
0.003612 
0.002825 
0.003002 
0.002506 
0.002139 
0.002772 
0.002767 
0.002380 
0.002012 
0.001709 
0.001358 
0.001368 
0.001062 
0.000840 
0.000577 
0.000666 
0.000683 
0.000468 
0.000389 
0.000330 
0.000355 
0.000360 
0.000351 
0.000259 
0.000187 
0.000136 
0.000099 
0.000072 
0.000052 
0.000038 
0.000027 
0.000024 
0.000051 
0.000058 
0.000044 
0.000034 
0.000028 
0.000025 
0.000021 
0.000017 
0.000013 
0.000012 
0.000010 
0.000011 
0.000014 
0.000017 
0.000017 
0.000017 
0.000016 
0.000017 
0.000017 
0.000015 
0.000014 
0.000014 
0.000015 
0.000012 
0.000012 
0.000013 
0.000013 
0.000018 
0.000018 
0.000017 
0.000014 
0.000010 
0.000007 
0.000005 
0.000004 
0.000003 
0.000002 
0.000001 
0.000001 
0.000001 
0.000001 
0.000000 
0.000000 
0.000000 
0.000000 
-0.000000 
0.000001 
0.000013 
0.000022 
0.000029 
0.000032 
0.000052 
0.000061 
0.000058 
0.000060 
0.000082 
0.000111 
0.000121 
0.000087 
0.000156 
0.000262 
0.000261 
0.000248 
0.000176 
0.000130 
0.000086 
0.000160 
0.000046 
0.000597 
0.000853 
0.002273 
0.001896 
0.005710 
0.006751 
0.012946 
0.012597 
0.027569 
0.029667 
0.043088 
0.041927 
0.047990 
0.043679 
0.050810 
0.045976 
0.053565 
0.048886 
0.057884 
0.053140 
0.060583 
0.056737 
0.065127 
0.061273 
0.067917 
0.065288 
0.071553 
0.068866 
0.072946 
0.072436 
0.080255 
0.073864 
0.078070 
0.074578 
0.084493 
0.076813 
0.086715 
0.076005 
0.089280 
0.077464 
0.091868 
0.075262 
0.094167 
0.074251 
0.097530 
0.076923 
0.096781 
0.080102 
0.095613 
0.095332 
0.089459 
0.109103 
0.085316 
0.117020 
0.085322 
0.109572 
0.090957 
0.097290 
0.103822 
0.089669 
0.105861 
0.078113 
0.090435 
0.075587 
0.093705 
0.085839 
0.090363 
0.108689 
0.092852 
0.122243 
0.123212 
0.130569 
0.154903 
0.156531 
0.182048 
0.195559 
0.183043 
0.215849 
0.204598 
0.211174 
0.204986 
0.202074 
0.225732 
0.222332 
0.209216 
0.187410 
0.215975 
0.215365 
0.200597 
0.208242 
0.192993 
0.216631 
0.214073 
0.223798 
0.206157 
0.204208 
0.210970 
0.202678 
0.202335 
0.187896 
0.221970 
0.191601 
0.218879 
0.216409 
0.182458 
0.213185 
0.219923 
0.205955 
0.231056 
0.226128 
0.236483 
0.227013 
0.213597 
0.243990 
0.213598 
0.215292 
0.232962 
0.207182 
0.232331 
0.241521 
0.213947 
0.244509 
0.224608 
0.214596 
0.246905 
0.217038 
0.231994 
0.239465 
0.217562 
0.253745 
0.242694 
0.216413 
0.243186 
0.224191 
0.222092 
0.248456 
0.213778 
0.213112 
0.226517 
0.191258 
0.209076 
0.213047 
0.186349 
0.215553 
0.193028 
0.187963 
0.211722 
0.176182 
0.182835 
0.180189 
0.149339 
0.169926 
0.161857 
0.142618 
0.153403 
0.129068 
0.118372 
0.133731 
0.111654 
0.117311 
0.130665 
0.104242 
0.119997 
0.128855 
0.097630 
0.121447 
0.114165 
0.094240 
0.121489 
0.100906 
0.095795 
0.099599 
0.069129 
0.075963 
0.077224 
0.054997 
0.072688 
0.066882 
0.058267 
0.081103 
0.060593 
0.060060 
0.079179 
0.055835 
0.063520 
0.067832 
0.048353 
0.074781 
0.066529 
0.058524 
0.077892 
0.054669 
0.063457 
0.073497 
0.051914 
0.071589 
0.065315 
0.052157 
0.069189 
0.051300 
0.057858 
0.068951 
0.048025 
0.063148 
0.059190 
0.047224 
0.065988 
0.050506 
0.053319 
0.066264 
0.048122 
0.059371 
0.053698 
0.042843 
0.055843 
0.041868 
0.047552 
0.056315 
0.040214 
0.053293 
0.046518 
0.044500 
0.053393 
0.036185 
0.048804 
0.048947 
0.038762 
0.054079 
0.041108 
0.049145 
0.053331 
0.039900 
0.050746 
0.043337 
0.044249 
0.055245 
0.038401 
0.049871 
0.047415 
0.042703 
0.059290 
0.044306 
0.051019 
0.053500 
0.043681 
0.062819 
0.052397 
0.061811 
0.061839 
0.059873 
0.071206 
0.055412 
0.063615 
0.053588 
0.048863 
0.057024 
0.048079 
0.058949 
0.055162 
0.067261 
0.102942 
0.109658 
0.120527 
0.191360 
0.192107 
0.254193 
0.268687 
0.276492 
0.307544 
0.280045 
0.342560 
0.311725 
0.317204 
0.324741 
0.289800 
0.321469 
0.304008 
0.289106 
0.341526 
0.284117 
0.302603 
0.322925 
0.276452 
0.295040 
0.289908 
0.258493 
0.284778 
0.267550 
0.253157 
0.269639 
0.231930 
0.249166 
0.245513 
0.219452 
0.240784 
0.222462 
0.233890 
0.231069 
0.218287 
0.249878 
0.228395 
0.228499 
0.230693 
0.215256 
0.242226 
0.225136 
0.238869 
0.252492 
0.235467 
0.246735 
0.226840 
0.218370 
0.216858 
0.192699 
0.214510 
0.198748 
0.156443 
0.126321 
0.098123 
0.090241 
0.084589 
0.071671 
0.059833 
0.044871 
0.033239 
0.033600 
0.026679 
0.024895 
0.026320 
0.021781 
0.024354 
0.018050 
0.018642 
0.017247 
0.014445 
0.014245 
0.016931 
0.025533 
0.021712 
0.022189 
0.022222 
0.026065 
0.027827 
0.020756 
0.020024 
0.022045 
0.019355 
0.014569 
0.011154 
0.012294 
0.012208 
0.010004 
0.011912 
0.009896 
0.009703 
0.011128 
0.012365 
0.013608 
0.012631 
0.010866 
0.010058 
0.009690 
0.009773 
0.007839 
0.005836 
0.005137 
0.003592 
0.003186 
0.002840 
0.002864 
0.002601 
0.002691 
0.004061 
0.003309 
0.004814 
0.005032 
0.004444 
0.005683 
0.006269 
0.008593 
0.020455 
0.037953 
0.041083 
0.041075 
0.033249 
0.045209 
0.056764 
0.068673 
0.083259 
0.139614 
0.180947 
0.211878 
0.222327 
0.207638 
0.206487 
0.180286 
0.169446 
0.163493 
0.166701 
0.161298 
0.158285 
0.161101 
0.152743 
0.169251 
0.175916 
0.189415 
0.168856 
0.194591 
0.181241 
0.183851 
0.183377 
0.169733 
0.186103 
0.173447 
0.201397 
0.168708 
0.173385 
0.180859 
0.153098 
0.178736 
0.146266 
0.174565 
0.153819 
0.159639 
0.189947 
0.140617 
0.180240 
0.148968 
0.128015 
0.157937 
0.108680 
0.107899 
0.089032 
0.067659 
0.066629 
0.048878 
0.039950 
0.030043 
0.018637 
0.029011 
0.041752 
0.027725 
0.022292 
0.033523 
0.031319 
0.027119 
0.041504 
0.030021 
0.022272 
0.024981 
0.020531 
0.013980 
0.020173 
0.020192 
0.014133 
0.015433 
0.011445 
0.009575 
0.007571 
0.007055 
0.009994 
0.006872 
0.009194 
0.009256 
0.008654 
0.009360 
0.007553 
0.011506 
0.008471 
0.008905 
0.007422 
0.007737 
0.006695 
0.005506 
0.006076 
0.004571 
0.003150 
0.003686 
0.005380 
0.003739 
0.003381 
0.002478 
0.002130 
0.001792 
0.001862 
0.001599 
0.001212 
0.001094 
0.000912 
0.000611 
0.001324 
0.001175 
0.001364 
0.001706 
0.001644 
0.002495 
0.001725 
0.001672 
0.001249 
0.001289 
0.001687 
0.001229 
0.001276 
0.000876 
0.001278 
0.001183 
0.001011 
0.001346 
0.000946 
0.000688 
0.000520 
0.000554 
0.000422 
0.000471 
0.000465 
0.000331 
0.000441 
0.000571 
0.000485 
0.000576 
0.000457 
0.000402 
0.000435 
0.000475 
0.000636 
0.000483 
0.000511 
0.000409 
0.000295 
0.000198 
0.000228 
0.000507 
0.000583 
0.000482 
0.000681 
0.001733 
0.002082 
0.002619 
0.002943 
0.002358 
0.003052 
0.002794 
0.006224 
0.008110 
0.045613 
0.065677 
0.148624 
0.154610 
0.182913 
0.187592 
0.125224 
0.164065 
0.158748 
0.151052 
0.166688 
0.123927 
0.153578 
0.174496 
0.149062 
0.186784 
0.166293 
0.155200 
0.206416 
0.144418 
0.201173 
0.246440 
0.185153 
0.268184 
0.252672 
0.242362 
0.304622 
0.267020 
0.302277 
0.314076 
0.266936 
0.326256 
0.316638 
0.253599 
0.259467 
0.226111 
0.169979 
0.197523 
0.204051 
0.160360 
0.237724 
0.233345 
0.208372 
0.263296 
0.224536 
0.209922 
0.259416 
0.215093 
0.218106 
0.260009 
0.210645 
0.247227 
0.278100 
0.221560 
0.267488 
0.274146 
0.230759 
0.296605 
0.279098 
0.238521 
0.298786 
0.266459 
0.247712 
0.315887 
0.259644 
0.231058 
0.277113 
0.220199 
0.170572 
0.164019 
0.128424 
0.110471 
0.089397 
0.064532 
0.077531 
0.063088 
0.044806 
0.038561 
0.028586 
0.021220 
0.021595 
0.027074 
0.023517 
0.015839 
0.036519 
0.036139 
0.023675 
0.018426 
0.019371 
0.015915 
0.013188 
0.013658 
0.024168 
0.021151 
0.015106 
0.010446 
0.012615 
0.014661 
0.011114 
0.007935 
0.007420 
0.008600 
0.008061 
0.005489 
0.005693 
0.006203 
0.004612 
0.003551 
0.004758 
0.005922 
0.004521 
0.003343 
0.004959 
0.004312 
0.003851 
0.004225 
0.005014 
0.005446 
0.003881 
0.005211 
0.006246 
0.005717 
0.003818 
0.004367 
0.004474 
0.002895 
0.003377 
0.003125 
0.003466 
0.003409 
0.002921 
0.003841 
0.003783 
0.003176 
0.003595 
0.003398 
0.003257 
0.003125 
0.002075 
0.002628 
0.002486 
0.001798 
0.001369 
0.001429 
0.001763 
0.001474 
0.001282 
0.002164 
0.001604 
0.001383 
0.001657 
0.001544 
0.001819 
0.001649 
0.001296 
0.001784 
0.001753 
0.001159 
0.001406 
0.001242 
0.001023 
0.001335 
0.001045 
0.000825 
0.000884 
0.000696 
0.000755 
0.000733 
0.000523 
0.001036 
0.001366 
0.001225 
0.000938 
0.000701 
0.000728 
0.000622 
0.000468 
0.000491 
0.000651 
0.000607 
0.000496 
0.000411 
0.000260 
0.000555 
0.000692 
0.000507 
0.000459 
0.000356 
0.000251 
0.000185 
0.000133 
0.000097 
0.000070 
0.000051 
0.000037 
0.000027 
0.000019 
0.000014 
0.000010 
0.000008 
0.000005 
0.000037 
0.000427 
0.001281 
0.002033 
0.002039 
0.003837 
0.009965 
0.011592 
0.016623 
0.019892 
0.010696 
0.047874 
0.069642 
0.077430 
0.092143 
0.129810 
0.135452 
0.151828 
0.146903 
0.153454 
0.143820 
0.139840 
0.167555 
0.147680 
0.201565 
0.166407 
0.235560 
0.191974 
0.257495 
0.238424 
0.271045 
0.272645 
0.258153 
0.277638 
0.270974 
0.292225 
0.260363 
0.275645 
0.232598 
0.248516 
0.206733 
0.248866 
0.203418 
0.212933 
0.183996 
0.189873 
0.199679 
0.190661 
0.213908 
0.185538 
0.211509 
0.191350 
0.229994 
0.198387 
0.215595 
0.187734 
0.203314 
0.203324 
0.204644 
0.222078 
0.198864 
0.229059 
0.188861 
0.186074 
0.161382 
0.173598 
0.162023 
0.163754 
0.175439 
0.173465 
0.187499 
0.164110 
0.167889 
0.166081 
0.169945 
0.168268 
0.175829 
0.178998 
0.166233 
0.178768 
0.158640 
0.155113 
0.157036 
0.140932 
0.166160 
0.169657 
0.177194 
0.169566 
0.189127 
0.176456 
0.163546 
0.139243 
0.138596 
0.124474 
0.124087 
0.108118 
0.125283 
0.123388 
0.136638 
0.126597 
0.115170 
0.093922 
0.085724 
0.072668 
0.070927 
0.064115 
0.068383 
0.053703 
0.054477 
0.041339 
0.041410 
0.044472 
0.040080 
0.050310 
0.044156 
0.054236 
0.044240 
0.066103 
0.057421 
0.069878 
0.058193 
0.066806 
0.056329 
0.064539 
0.055864 
0.060568 
0.053985 
0.052735 
0.046229 
0.042763 
0.036629 
0.036255 
0.033971 
0.033734 
0.031981 
0.032027 
0.031735 
0.030125 
0.031929 
0.029654 
0.031041 
0.027107 
0.026252 
0.025193 
0.027622 
0.024282 
0.024877 
0.020759 
0.018629 
0.017175 
0.016084 
0.015563 
0.015279 
0.016084 
0.015728 
0.018061 
0.018326 
0.018132 
0.015546 
0.012600 
0.009626 
0.007498 
0.005350 
0.005382 
0.005576 
0.004284 
0.003466 
0.002542 
0.003532 
0.004204 
0.006001 
0.005529 
0.005598 
0.004096 
0.003351 
0.002368 
0.001915 
0.001478 
0.002565 
0.002640 
0.002926 
0.002412 
0.001900 
0.001400 
0.001006 
0.000747 
0.000669 
0.000647 
0.000511 
0.000728 
0.000627 
0.000726 
0.000627 
0.000892 
0.000851 
0.000938 
0.000700 
0.000591 
0.000390 
0.000840 
0.001008 
0.001100 
0.001146 
0.000521 
0.001880 
0.003676 
0.002494 
0.001967 
0.001113 
0.002566 
0.006244 
0.005756 
0.003775 
0.006335 
0.010726 
0.018460 
0.028725 
0.042419 
0.173040 
0.227210 
0.305592 
0.299878 
0.329288 
0.353691 
0.310648 
0.309654 
0.316415 
0.325984 
0.307814 
0.308615 
0.306473 
0.311337 
0.308003 
0.293915 
0.293706 
0.297233 
0.290653 
0.281197 
0.292274 
0.285310 
0.248264 
0.264296 
0.230502 
0.246771 
0.227748 
0.223523 
0.213578 
0.234368 
0.217452 
0.219157 
0.239081 
0.251298 
0.222677 
0.218183 
0.233840 
0.229274 
0.210660 
0.228531 
0.249747 
0.249227 
0.248973 
0.223599 
0.243973 
0.243416 
0.240845 
0.246157 
0.267170 
0.286873 
0.267724 
0.270922 
0.282218 
0.267484 
0.258821 
0.258200 
0.268086 
0.260127 
0.258883 
0.272620 
0.262396 
0.270374 
0.266016 
0.275115 
0.265946 
0.250876 
0.240940 
0.250739 
0.248302 
0.244896 
0.234855 
0.224231 
0.246934 
0.241765 
0.252045 
0.257556 
0.257054 
0.252626 
0.254336 
0.244236 
0.237867 
0.245915 
0.248699 
0.258953 
0.239381 
0.229282 
0.240249 
0.247793 
0.248965 
0.248371 
0.254788 
0.244181 
0.249245 
0.257026 
0.258553 
0.259780 
0.252243 
0.247056 
0.237383 
0.255422 
0.258883 
0.253542 
0.251107 
0.246023 
0.249318 
0.251654 
0.252510 
0.255374 
0.245667 
0.245250 
0.242531 
0.245044 
0.243224 
0.243381 
0.239182 
0.228502 
0.228891 
0.224020 
0.222289 
0.216219 
0.203299 
0.185803 
0.186919 
0.190506 
0.162017 
0.149705 
0.151644 
0.136671 
0.112041 
0.095859 
0.081316 
0.060592 
0.048034 
0.037799 
0.031161 
0.024624 
0.017426 
0.013110 
0.011136 
0.009570 
0.008543 
0.011141 
0.010938 
0.013788 
0.011385 
0.010038 
0.009065 
0.008482 
0.006778 
0.008452 
0.008588 
0.008975 
0.008698 
0.006596 
0.007936 
0.007975 
0.007972 
0.005998 
0.006715 
0.006430 
0.007278 
0.006604 
0.006277 
0.005635 
0.006122 
0.006304 
0.005910 
0.006306 
0.005700 
0.007158 
0.006674 
0.006854 
0.006151 
0.005747 
0.005352 
0.004939 
0.004193 
0.004211 
0.004432 
0.003904 
0.003545 
0.003350 
0.003000 
0.002277 
0.002413 
0.002120 
0.001925 
0.002018 
0.001803 
0.001886 
0.001543 
0.001664 
0.001650 
0.001679 
0.001872 
0.001846 
0.002030 
0.001866 
0.002220 
0.002040 
0.002096 
0.001900 
0.002022 
0.001794 
0.001768 
0.001501 
0.001339 
0.001188 
0.001060 
0.001109 
0.001000 
0.001021 
0.000895 
0.000958 
0.000762 
0.001517 
0.002744 
0.009771 
0.021142 
0.023018 
0.021537 
0.022989 
0.022139 
0.028216 
0.039968 
0.045439 
0.044363 
0.041446 
0.049967 
0.051977 
0.059835 
0.061914 
0.071118 
0.071884 
0.084399 
0.081648 
0.099293 
0.085677 
0.092243 
0.084333 
0.095433 
0.085839 
0.096249 
0.090553 
0.102889 
0.099364 
0.107966 
0.105022 
0.114627 
0.102800 
0.109148 
0.102696 
0.112429 
0.106708 
0.116045 
0.115131 
0.111673 
0.109258 
0.121810 
0.121725 
0.115245 
0.109829 
0.113387 
0.117653 
0.123861 
0.122417 
0.122701 
0.122654 
0.118744 
0.125071 
0.133619 
0.124283 
0.131572 
0.126999 
0.143375 
0.128809 
0.149982 
0.142858 
0.155200 
0.141024 
0.147115 
0.140957 
0.147544 
0.135194 
0.154697 
0.137577 
0.157208 
0.141703 
0.163449 
0.137474 
0.150764 
0.128908 
0.158205 
0.136262 
0.149653 
0.142070 
0.140911 
0.134646 
0.137047 
0.158154 
0.121785 
0.142217 
0.110326 
0.159065 
0.128683 
0.163941 
0.156369 
0.147258 
0.156680 
0.137043 
0.179252 
0.136716 
0.165273 
0.130199 
0.148436 
0.146994 
0.130808 
0.124565 
0.104335 
0.122835 
0.095888 
0.102287 
0.085582 
0.069592 
0.076123 
0.052966 
0.077706 
0.070442 
0.064438 
0.084907 
0.055837 
0.068135 
0.066907 
0.052641 
0.067725 
0.045805 
0.055412 
0.071131 
0.048165 
0.070639 
0.059491 
0.052865 
0.060999 
0.042587 
0.037632 
0.036443 
0.025285 
0.026605 
0.027479 
0.017841 
0.019629 
0.024219 
0.014682 
0.023302 
0.032029 
0.020212 
0.027497 
0.028421 
0.019055 
0.024999 
0.022145 
0.016334 
0.028471 
0.024047 
0.020606 
0.024009 
0.016605 
0.019083 
0.027768 
0.019945 
0.024508 
0.044883 
0.031539 
0.043068 
0.050510 
0.036340 
0.061321 
0.067885 
0.051033 
0.075715 
0.069572 
0.071321 
0.105381 
0.086880 
0.100313 
0.116152 
0.102787 
0.136176 
0.129518 
0.120857 
0.156136 
0.141126 
0.144231 
0.167233 
0.138516 
0.149905 
0.156294 
0.127701 
0.160551 
0.165995 
0.140346 
0.189931 
0.167393 
0.157282 
0.218555 
0.167811 
0.183431 
0.219755 
0.157861 
0.212210 
0.205530 
0.157386 
0.232353 
0.202401 
0.192343 
0.231351 
0.195597 
0.202584 
0.224360 
0.188730 
0.217501 
0.225577 
0.189075 
0.215641 
0.201379 
0.175412 
0.197568 
0.181922 
0.184214 
0.191097 
0.154241 
0.182312 
0.183500 
0.158644 
0.170995 
0.151050 
0.167977 
0.182717 
0.133031 
0.172566 
0.148655 
0.126334 
0.167625 
0.120654 
0.129637 
0.136811 
0.094313 
0.131436 
0.110577 
0.088706 
0.098153 
0.074149 
0.073808 
0.063873 
0.048917 
0.042745 
0.030682 
0.021282 
0.027727 
0.028258 
0.017304 
0.030012 
0.031338 
0.020720 
0.015993 
0.016077 
0.016384 
0.016300 
0.012636 
0.015269 
0.014189 
0.010289 
0.013152 
0.009918 
0.012078 
0.014968 
0.009983 
0.010011 
0.009151 
0.009295 
0.012141 
0.012571 
0.011726 
0.010279 
0.009258 
0.007600 
0.005999 
0.008620 
0.007537 
0.006045 
0.009747 
0.009053 
0.008327 
0.017096 
0.027102 
0.032039 
0.034002 
0.032630 
0.026750 
0.041506 
0.055177 
0.055791 
0.093964 
0.085183 
0.129940 
0.125280 
0.185259 
0.229193 
0.198765 
0.245016 
0.196969 
0.237383 
0.193624 
0.219830 
0.193739 
0.231326 
0.211995 
0.248403 
0.240395 
0.242139 
0.244326 
0.246100 
0.262499 
0.269805 
0.285273 
0.292401 
0.296851 
0.267803 
0.260176 
0.260528 
0.262866 
0.247505 
0.212741 
0.229960 
0.231440 
0.225547 
0.233262 
0.230979 
0.235520 
0.230035 
0.228067 
0.232045 
0.245392 
0.237824 
0.234346 
0.231580 
0.233962 
0.238969 
0.236004 
0.235602 
0.223842 
0.219520 
0.208007 
0.215689 
0.222115 
0.229002 
0.222994 
0.214902 
0.201749 
0.182320 
0.170118 
0.160195 
0.155174 
0.141230 
0.114229 
0.098844 
0.075654 
0.060541 
0.046252 
0.039281 
0.028539 
0.026727 
0.020836 
0.019792 
0.017204 
0.016971 
0.020584 
0.015993 
0.012780 
0.011581 
0.010341 
0.008937 
0.010179 
0.008144 
0.010214 
0.008307 
0.008473 
0.007877 
0.008617 
0.010378 
0.009326 
0.009794 
0.007705 
0.007536 
0.007019 
0.006855 
0.006140 
0.005856 
0.005998 
0.005367 
0.006111 
0.005107 
0.005934 
0.005529 
0.006011 
0.004879 
0.004282 
0.003645 
0.003268 
0.002948 
0.003039 
0.004437 
0.005338 
0.023885 
0.028919 
0.039174 
0.052757 
0.044118 
0.033156 
0.024475 
0.017618 
0.015176 
0.015634 
0.014467 
0.012086 
0.009574 
0.008913 
0.007392 
0.005865 
0.004313 
0.003200 
0.002373 
0.003037 
0.002679 
0.001861 
0.001435 
0.001198 
0.000939 
0.001171 
0.001455 
0.001200 
0.001295 
0.001055 
0.001233 
0.001008 
0.000927 
0.000826 
0.000771 
0.001047 
0.000943 
0.001160 
0.000935 
0.000968 
0.000796 
0.000720 
0.000669 
0.000665 
0.000582 
0.000639 
0.000528 
0.000473 
0.000614 
0.000611 
0.000684 
0.000743 
0.000908 
0.000899 
0.000954 
0.000931 
0.000920 
0.000991 
0.000742 
0.000668 
0.000527 
0.000564 
0.000419 
0.000388 
0.000302 
0.000379 
0.000375 
0.000455 
0.000501 
0.000372 
0.000301 
0.000305 
0.000372 
0.000367 
0.000387 
0.000296 
0.000301 
0.000232 
0.000205 
0.000164 
0.000198 
0.000238 
0.000379 
0.001033 
0.001573 
0.001970 
0.004606 
0.012180 
0.021434 
0.023572 
0.025781 
0.029518 
0.034429 
0.037486 
0.059492 
0.083147 
0.090782 
0.112838 
0.127802 
0.175748 
0.200737 
0.212213 
0.231390 
0.231150 
0.234487 
0.247671 
0.247675 
0.250651 
0.258294 
0.263277 
0.263523 
0.270593 
0.276695 
0.247827 
0.229904 
0.217398 
0.191310 
0.175868 
0.193878 
0.195016 
0.206271 
0.193241 
0.177358 
0.167075 
0.172279 
0.171304 
0.174547 
0.169250 
0.172027 
0.182341 
0.202624 
0.193952 
0.183319 
0.159245 
0.163559 
0.156237 
0.166848 
0.151222 
0.168575 
0.147322 
0.149824 
0.143712 
0.130177 
0.140343 
0.125746 
0.140126 
0.113011 
0.128647 
0.105069 
0.131230 
0.102786 
0.121421 
0.096994 
0.121007 
0.107511 
0.109884 
0.102889 
0.092239 
0.099675 
0.090617 
0.098014 
0.075230 
0.084409 
0.069730 
0.079362 
0.069554 
0.077470 
0.067782 
0.063225 
0.060703 
0.051965 
0.049054 
0.036031 
0.033671 
0.030383 
0.027126 
0.026149 
0.032472 
0.030912 
0.044031 
0.039484 
0.044512 
0.043701 
0.036412 
0.032682 
0.033478 
0.030662 
0.032911 
0.033889 
0.036208 
0.030365 
0.025517 
0.027824 
0.029319 
0.028998 
0.026519 
0.029441 
0.032076 
0.033210 
0.029823 
0.027657 
0.027094 
0.023403 
0.023601 
0.024104 
0.030309 
0.032842 
0.025104 
0.023573 
0.022505 
0.023056 
0.023794 
0.028240 
0.040510 
0.047448 
0.045165 
0.042873 
0.043059 
0.035362 
0.036893 
0.041489 
0.040114 
0.038467 
0.036314 
0.034681 
0.036416 
0.036040 
0.040665 
0.049681 
0.040932 
0.035960 
0.031552 
0.032337 
0.034167 
0.040106 
0.041618 
0.039481 
0.035134 
0.038719 
0.036958 
0.039266 
0.037045 
0.030833 
0.039189 
0.050828 
0.048263 
0.058909 
0.061448 
0.054459 
0.060050 
0.061011 
0.057565 
0.048120 
0.060444 
0.066273 
0.048955 
0.050253 
0.054389 
0.053304 
0.050377 
0.057705 
0.052798 
0.051838 
0.068107 
0.073255 
0.066072 
0.058905 
0.048001 
0.049505 
0.051887 
0.046308 
0.044500 
0.046361 
0.054129 
0.048031 
0.047669 
0.057771 
0.049642 
0.047139 
0.038903 
0.038716 
0.048878 
0.047131 
0.049128 
0.049081 
0.044676 
0.043602 
0.038846 
0.043506 
0.061898 
0.052422 
0.041462 
0.043323 
0.046940 
0.051928 
0.057608 
0.050195 
0.051427 
0.046382 
0.037720 
0.033532 
0.038114 
0.042912 
0.037796 
0.032233 
0.043006 
0.043697 
0.044780 
0.046469 
0.035645 
0.034941 
0.037234 
0.033115 
0.032397 
0.035389 
0.033036 
0.028875 
0.031314 
0.031590 
0.031291 
0.028647 
0.033127 
0.034776 
0.033542 
0.038558 
0.036447 
0.032839 
0.031405 
0.031179 
0.031688 
0.027889 
0.030264 
0.044183 
0.050308 
0.040289 
0.041158 
0.043392 
0.044434 
0.040791 
0.035411 
0.034652 
0.039236 
0.056332 
0.068017 
0.055451 
0.053533 
0.045569 
0.041288 
0.052694 
0.044619 
0.052774 
0.064109 
0.052135 
0.049248 
0.057657 
0.054213 
0.049735 
0.054818 
0.047191 
0.046450 
0.047876 
0.042901 
0.048481 
0.056216 
0.048027 
0.051627 
0.049267 
0.052427 
0.061747 
0.053417 
0.051638 
0.056638 
0.045265 
0.043118 
0.055213 
0.058064 
0.051341 
0.046636 
0.050361 
0.054236 
0.052649 
0.045743 
0.041993 
0.050461 
0.057261 
0.049294 
0.040525 
0.038667 
0.039874 
0.037713 
0.045457 
0.050241 
0.056568 
0.071912 
0.075762 
0.081469 
0.099034 
0.105897 
0.114228 
0.120937 
0.132982 
0.137415 
0.153320 
0.157042 
0.154053 
0.155536 
0.157589 
0.152698 
0.169126 
0.179761 
0.195161 
0.194146 
0.190416 
0.194076 
0.199057 
0.206135 
0.198801 
0.197899 
0.204913 
0.205496 
0.215334 
0.223368 
0.226438 
0.233752 
0.245415 
0.250116 
0.248548 
0.245052 
0.239942 
0.240226 
0.240819 
0.222299 
0.211481 
0.201270 
0.196946 
0.178853 
0.175899 
0.170673 
0.160704 
0.147752 
0.140501 
0.143150 
0.137994 
0.139564 
0.125065 
0.118519 
0.113446 
0.101859 
0.092519 
0.089840 
0.096684 
0.084737 
0.075707 
0.076367 
0.072247 
0.078913 
0.066846 
0.055824 
0.053082 
0.046971 
0.032604 
0.022948 
0.021341 
0.026589 
0.032704 
0.038287 
0.036196 
0.033330 
0.029325 
0.023456 
0.017164 
0.012940 
0.009743 
0.007514 
0.008495 
0.008726 
0.011112 
0.011762 
0.012904 
0.013904 
0.014870 
0.015205 
0.014085 
0.010726 
0.008071 
0.005812 
0.004138 
0.003648 
0.003420 
0.004109 
0.004728 
0.005325 
0.005557 
0.006822 
0.006951 
0.007458 
0.007172 
0.007190 
0.006533 
0.006336 
0.005340 
0.004486 
0.003131 
0.002657 
0.002630 
0.003604 
0.003939 
0.004579 
0.004387 
0.004117 
0.002889 
0.002109 
0.001807 
0.001963 
0.002853 
0.003618 
0.004534 
0.005139 
0.005799 
0.006386 
0.006416 
0.006441 
0.006004 
0.005719 
0.005339 
0.004925 
0.004615 
0.004191 
0.003902 
0.003268 
0.002718 
0.002123 
0.001598 
0.001123 
0.000889 
0.000784 
0.000937 
0.001130 
0.001541 
0.001803 
0.002234 
0.002249 
0.002213 
0.002208 
0.002166 
0.002271 
0.002209 
0.002236 
0.002001 
0.001891 
0.001937 
0.001755 
0.001615 
0.001560 
0.001495 
0.001520 
0.001448 
0.001373 
0.001190 
0.001014 
0.000868 
0.000628 
0.000503 
0.000469 
0.000566 
0.000641 
0.000793 
0.000865 
0.000952 
0.000842 
0.000773 
0.000796 
0.000753 
0.000733 
0.000648 
0.000595 
0.000538 
0.000563 
0.000631 
0.000702 
0.000692 
0.000586 
0.000560 
0.000654 
0.000631 
0.000636 
0.000621 
0.000603 
0.000537 
0.000582 
0.000700 
0.000694 
0.000681 
0.000734 
0.000696 
0.000677 
0.000650 
0.000648 
0.000585 
0.000532 
0.000458 
0.000468 
0.000506 
0.000493 
0.000477 
0.000489 
0.000415 
0.000356 
0.000286 
0.000239 
0.000189 
0.000210 
0.000328 
0.000294 
0.000270 
0.000347 
0.000371 
0.000377 
0.000368 
0.000379 
0.000315 
0.000305 
0.000346 
0.000370 
0.000381 
0.000448 
0.000475 
0.000537 
0.000429 
0.000328 
0.000294 
0.000282 
0.000343 
0.000283 
0.000216 
0.000177 
0.000158 
0.000172 
0.000165 
0.000177 
0.000155 
0.000124 
0.000085 
0.000071 
0.000141 
0.000159 
0.000188 
0.000157 
0.000130 
0.000105 
0.000093 
0.000091 
0.000129 
0.000160 
0.000115 
0.000157 
0.000283 
0.000229 
0.000183 
0.000144 
0.000163 
0.000234 
0.000200 
0.000184 
0.000236 
0.000211 
0.000165 
0.000147 
0.000127 
0.000089 
0.000078 
0.000073 
0.000083 
0.000105 
0.000085 
0.000067 
0.000045 
0.000046 
0.000101 
0.000099 
0.000073 
0.000097 
0.000137 
0.000200 
0.000226 
0.000193 
0.000145 
0.000130 
0.000151 
0.000151 
0.000163 
0.000118 
0.000086 
0.000062 
0.000045 
0.000033 
0.000024 
0.000017 
0.000012 
0.000009 
0.000007 
0.000013 
0.000030 
0.000064 
0.000128 
0.000165 
0.000703 
0.002519 
0.003379 
0.004859 
0.007195 
0.014371 
0.046858 
0.092125 
0.110508 
0.112066 
0.177516 
0.189885 
0.170002 
0.140384 
0.115598 
0.108686 
0.109002 
0.116092 
0.141670 
0.168572 
0.190882 
0.204646 
0.217828 
0.224242 
0.243966 
0.257720 
0.266196 
0.262012 
0.257505 
0.246607 
0.234083 
0.228848 
0.239434 
0.234421 
0.249469 
0.256653 
0.258807 
0.273635 
0.285203 
0.294003 
0.298392 
0.288652 
0.279226 
0.266723 
0.252799 
0.269028 
0.268290 
0.263599 
0.270292 
0.270897 
0.272837 
0.275887 
0.273574 
0.261258 
0.246407 
0.232385 
0.228326 
0.225265 
0.214212 
0.201075 
0.200627 
0.198457 
0.192429 
0.189530 
0.190827 
0.193524 
0.190172 
0.189831 
0.190711 
0.187240 
0.188128 
0.186013 
0.183853 
0.182404 
0.179868 
0.178495 
0.175187 
0.172836 
0.173365 
0.175507 
0.172527 
0.152704 
0.135697 
0.118111 
0.102268 
0.090629 
0.083704 
0.074835 
0.064682 
0.050535 
0.042556 
0.040932 
0.038363 
0.032328 
0.025134 
0.020021 
0.016174 
0.011618 
0.008457 
0.006123 
0.004440 
0.003219 
0.002334 
0.001692 
0.001227 
0.000890 
0.000644 
0.000473 
0.000349 
0.000252 
0.000193 
0.000158 
0.000146 
0.000120 
0.000091 
0.000066 
0.000048 
0.000035 
0.000025 
0.000018 
0.000013 
0.000009 
0.000010 
0.000013 
0.000018 
0.000020 
0.000029 
0.000031 
0.000043 
0.000047 
0.000116 
0.000046 
0.000989 
0.002592 
0.003697 
0.004627 
0.004879 
0.018013 
0.051725 
0.081090 
0.066420 
0.053617 
0.044726 
0.059576 
0.079678 
0.072642 
0.065749 
0.057669 
0.045595 
0.051112 
0.068038 
0.057939 
0.044727 
0.041201 
0.035467 
0.027181 
0.029160 
0.034505 
0.038080 
0.060583 
0.051280 
0.046146 
0.055902 
0.059969 
0.070751 
0.120343 
0.200948 
0.245034 
0.236433 
0.210558 
0.204862 
0.171060 
0.127518 
0.092792 
0.067203 
0.048729 
0.035328 
0.025616 
0.018566 
0.013471 
0.009738 
0.007290 
0.006829 
0.008070 
0.009181 
0.009530 
0.009041 
0.008090 
0.006163 
0.005746 
0.004901 
0.003674 
0.002925 
0.003107 
0.003561 
0.004660 
0.004968 
0.004206 
0.004030 
0.003133 
0.002250 
0.001930 
0.002134 
0.001884 
0.001308 
0.001422 
0.001319 
0.001364 
0.002320 
0.002103 
0.001423 
0.001071 
0.000764 
0.000556 
0.000404 
0.000333 
0.000265 
0.000229 
0.000169 
0.000121 
0.000088 
0.000064 
0.000046 
0.000034 
0.000025 
0.000011 
0.000034 
0.000006 
0.001185 
0.003393 
0.004087 
0.004397 
0.004851 
0.021506 
0.024195 
0.019388 
0.027213 
0.035026 
0.041016 
0.031140 
0.054458 
0.175632 
0.281803 
0.306269 
0.327241 
0.363982 
0.349049 
0.348937 
0.347511 
0.345297 
0.343753 
0.354157 
0.372762 
0.381982 
0.372768 
0.363001 
0.361637 
0.355025 
0.343127 
0.327188 
0.314115 
0.302104 
0.285829 
0.271698 
0.257878 
0.239832 
0.220933 
0.203743 
0.197173 
0.188654 
0.172688 
0.151751 
0.145356 
0.152658 
0.153217 
0.158192 
0.160874 
0.163649 
0.166399 
0.172323 
0.174895 
0.174020 
0.177915 
0.175422 
0.171868 
0.175894 
0.188694 
0.198297 
0.200485 
0.208522 
0.218750 
0.220589 
0.224896 
0.221311 
0.219265 
0.216218 
0.212647 
0.208107 
0.206708 
0.208110 
0.213215 
0.209120 
0.200821 
0.199551 
0.192213 
0.181254 
0.165688 
0.164757 
0.172580 
0.180225 
0.177541 
0.177204 
0.174076 
0.169228 
0.168607 
0.148594 
0.125156 
0.112047 
0.092993 
0.076159 
0.060804 
0.050896 
0.036050 
0.037596 
0.052168 
0.051331 
0.046006 
0.041201 
0.034252 
0.030370 
0.026103 
0.019031 
0.016833 
0.015472 
0.018980 
0.024150 
0.025700 
0.028447 
0.029600 
0.020648 
0.021111 
0.019025 
0.017156 
0.020057 
0.022762 
0.032482 
0.028107 
0.025131 
0.030228 
0.036772 
0.038801 
0.027170 
0.034366 
0.039184 
0.036095 
0.038345 
0.035756 
0.036074 
0.035130 
0.039164 
0.036263 
0.035294 
0.030880 
0.035967 
0.031118 
0.039324 
0.039081 
0.042039 
0.062105 
0.075483 
0.109628 
0.144997 
0.188890 
0.216151 
0.212481 
0.237763 
0.209105 
0.232841 
0.227888 
0.251274 
0.226587 
0.241661 
0.227830 
0.248596 
0.240293 
0.242469 
0.230793 
0.235921 
0.232886 
0.236594 
0.244452 
0.230734 
0.233646 
0.233405 
0.247897 
0.225610 
0.223509 
0.206629 
0.223533 
0.202127 
0.231248 
0.206089 
0.205270 
0.186804 
0.197193 
0.185893 
0.206161 
0.193610 
0.198404 
0.195246 
0.199156 
0.185621 
0.189119 
0.180610 
0.174779 
0.193252 
0.178776 
0.193231 
0.175779 
0.167614 
0.161705 
0.165554 
0.167065 
0.159961 
0.158616 
0.135493 
0.120567 
0.137928 
0.137134 
0.125423 
0.109280 
0.104541 
0.098231 
0.097843 
0.090656 
0.083761 
0.096815 
0.106827 
0.094269 
0.092802 
0.101969 
0.095137 
0.093170 
0.084220 
0.087448 
0.073146 
0.061573 
0.060382 
0.059650 
0.050567 
0.046537 
0.045120 
0.047018 
0.047317 
0.052458 
0.049191 
0.043293 
0.032554 
0.036147 
0.040327 
0.035571 
0.037493 
0.032400 
0.030782 
0.027943 
0.031720 
0.040479 
0.044127 
0.038277 
0.036442 
0.033615 
0.031569 
0.035304 
0.037374 
0.035128 
0.034260 
0.036964 
0.038353 
0.037470 
0.034557 
0.031470 
0.030737 
0.037198 
0.031676 
0.030609 
0.036873 
0.036340 
0.034229 
0.037960 
0.036043 
0.041819 
0.042357 
0.036303 
0.044500 
0.055947 
0.053063 
0.054923 
0.055717 
0.045835 
0.037713 
0.040246 
0.035316 
0.031325 
0.039683 
0.043244 
0.036588 
0.046198 
0.046699 
0.040446 
0.030315 
0.033177 
0.038697 
0.032493 
0.050626 
0.049987 
0.037564 
0.034556 
0.034337 
0.040123 
0.046609 
0.039889 
0.053725 
0.056910 
0.052010 
0.049765 
0.045053 
0.045355 
0.037793 
0.048662 
0.072780 
0.061091 
0.043716 
0.036880 
0.035121 
0.043171 
0.056734 
0.050823 
0.048052 
0.050207 
0.060705 
0.064263 
0.065133 
0.072736 
0.075867 
0.081483 
0.086635 
0.099237 
0.104371 
0.104470 
0.119776 
0.128127 
0.130345 
0.121632 
0.115538 
0.117696 
0.122714 
0.123814 
0.123177 
0.120532 
0.125987 
0.126191 
0.124182 
0.125926 
0.124003 
0.124921 
0.122299 
0.125910 
0.121327 
0.124163 
0.132691 
0.129346 
0.135762 
0.132208 
0.133127 
0.141433 
0.140218 
0.148901 
0.153084 
0.157462 
0.154792 
0.151065 
0.150322 
0.156052 
0.159288 
0.163892 
0.161452 
0.168052 
0.163762 
0.172534 
0.160816 
0.162372 
0.173715 
0.160795 
0.147986 
0.157300 
0.156699 
0.149250 
0.144638 
0.142665 
0.148462 
0.146542 
0.148907 
0.142205 
0.129148 
0.134813 
0.142590 
0.144139 
0.137841 
0.132306 
0.131436 
0.133701 
0.140435 
0.136933 
0.137703 
0.139425 
0.139593 
0.146334 
0.143587 
0.140528 
0.145125 
0.141098 
0.137655 
0.138640 
0.139105 
0.140299 
0.141993 
0.146910 
0.151013 
0.153642 
0.156585 
0.161461 
0.161400 
0.161171 
0.168686 
0.177565 
0.186392 
0.190382 
0.189224 
0.181477 
0.190763 
0.194966 
0.190517 
0.195219 
0.195840 
0.192168 
0.197797 
0.200313 
0.209125 
0.203095 
0.201767 
0.203872 
0.208651 
0.210249 
0.202748 
0.204156 
0.201188 
0.208423 
0.202881 
0.200417 
0.200760 
0.203309 
0.206798 
0.197037 
0.197189 
0.198529 
0.188667 
0.187198 
0.186203 
0.189271 
0.190555 
0.189902 
0.193090 
0.190306 
0.189019 
0.184085 
0.178602 
0.183102 
0.178004 
0.176927 
0.175497 
0.167200 
0.161624 
0.171700 
0.169166 
0.167511 
0.166884 
0.159285 
0.154695 
0.158519 
0.152245 
0.136662 
0.141876 
0.140501 
0.123942 
0.127116 
0.119845 
0.099762 
0.091023 
0.080991 
0.080598 
0.072003 
0.085322 
0.078214 
0.067585 
0.078740 
0.082611 
0.085953 
0.092324 
0.103786 
0.107569 
0.105823 
0.096412 
0.090773 
0.112301 
0.098879 
0.096063 
0.090633 
0.096858 
0.090230 
0.115353 
0.108302 
0.093979 
0.089643 
0.089785 
0.090729 
0.092404 
0.081804 
0.081215 
0.068223 
0.073817 
0.062599 
0.066710 
0.074491 
0.078582 
0.093604 
0.085241 
0.101948 
0.102643 
0.095575 
0.082179 
0.092209 
0.083723 
0.108164 
0.116077 
0.097525 
0.090619 
0.080766 
0.086036 
0.068168 
0.076538 
0.064223 
0.066427 
0.096700 
0.081851 
0.063580 
0.063335 
0.046281 
0.067130 
0.074242 
0.060096 
0.074406 
0.052604 
0.075199 
0.104223 
0.088854 
0.079442 
0.060458 
0.059541 
0.055419 
0.037934 
0.036210 
0.044412 
0.045586 
0.049865 
0.039779 
0.043556 
0.045370 
0.039421 
0.037969 
0.042931 
0.047581 
0.048350 
0.035634 
0.030270 
0.028941 
0.024966 
0.021720 
0.022395 
0.022300 
0.028626 
0.031559 
0.027953 
0.029705 
0.025145 
0.025768 
0.020858 
0.015353 
0.012679 
0.010821 
0.010132 
0.011928 
0.013096 
0.011802 
0.011254 
0.010071 
0.007508 
0.007917 
0.007288 
0.006400 
0.005592 
0.004952 
0.006488 
0.005648 
0.003797 
0.003371 
0.003760 
0.003126 
0.002229 
0.002650 
0.003139 
0.002468 
0.001869 
0.001446 
0.001373 
0.001187 
0.001227 
0.000996 
0.000704 
0.000782 
0.000711 
0.000741 
0.000675 
0.000580 
0.000419 
0.000593 
0.000592 
0.000523 
0.000425 
0.000322 
0.000330 
0.000255 
0.000212 
0.000183 
0.000232 
0.000184 
0.000127 
0.000171 
0.000156 
0.000100 
0.000105 
0.000110 
0.000098 
0.000084 
0.000066 
0.000062 
0.000070 
0.000050 
0.000034 
0.000060 
0.000062 
0.000041 
0.000043 
0.000049 
0.000060 
0.000054 
0.000037 
0.000027 
0.000020 
0.000014 
0.000010 
0.000007 
0.000005 
0.000004 
0.000003 
0.000002 
0.000001 
0.000001 
0.000001 
0.000001 
0.000000 
0.000000 
0.000000 
0.000000 
0.000000 
0.000000 
0.000000 
0.000000 
0.000000 
0.000000 
0.000000 
0.000000 
0.000000 
0.000000 
0.000000 
0.000000 
0.000000 
0.000000 
0.000000 
0.000000 
0.000000 
