[ASCII 1000Hz, Channels: 1, Samples: 2916, Flags: 0]                          
0.000000 
0.000000 
0.000000 
0.000000 
0.000000 
0.000000 
0.000000 
0.000000 
0.000000 
0.000000 
0.000000 
0.000000 
0.000000 
0.000000 
0.000000 
0.000000 
0.000000 
0.000000 
0.000000 
0.000000 
0.000000 
0.000000 
0.000000 
0.000000 
0.000000 
0.000000 
0.000000 
0.000000 
0.000000 
0.000000 
0.000000 
0.000000 
0.000000 
0.000000 
0.000000 
0.000000 
0.000000 
0.000000 
0.000000 
0.000000 
0.000000 
0.000000 
0.000000 
0.000000 
0.000000 
0.000000 
0.000000 
0.000000 
0.000000 
0.000000 
0.000000 
0.000000 
0.000000 
0.000000 
0.000000 
0.000000 
0.000000 
0.000000 
0.000000 
0.000000 
0.000000 
0.000000 
0.000000 
0.000000 
0.000000 
0.000000 
0.000000 
0.000000 
-0.000000 
-0.000000 
0.000000 
-0.000000 
0.000000 
-0.000000 
0.000001 
0.000005 
0.000010 
0.000019 
0.000035 
0.000065 
0.000200 
0.000473 
0.000980 
0.001226 
0.001247 
0.002104 
0.002021 
0.003043 
0.003122 
0.004343 
0.006073 
0.005058 
0.005721 
0.007210 
0.008454 
0.008806 
0.007950 
0.008576 
0.011684 
0.007417 
0.010971 
0.027574 
0.023959 
0.010274 
0.049786 
0.085334 
0.059733 
0.036243 
0.084348 
0.125069 
0.086326 
0.056567 
0.085276 
0.136743 
0.097257 
0.065934 
0.072980 
0.142404 
0.112189 
0.078023 
0.062626 
0.137970 
0.134204 
0.092246 
0.064791 
0.131284 
0.146656 
0.100417 
0.066816 
0.125617 
0.159678 
0.109377 
0.073170 
0.119768 
0.161207 
0.104586 
0.091932 
0.191639 
0.227741 
0.169454 
0.175629 
0.304090 
0.300707 
0.210149 
0.197296 
0.301118 
0.316845 
0.220125 
0.199976 
0.300322 
0.335757 
0.236694 
0.207072 
0.294452 
0.320728 
0.227888 
0.215231 
0.309299 
0.329595 
0.229484 
0.221782 
0.320309 
0.318964 
0.220271 
0.227835 
0.319469 
0.295926 
0.212432 
0.242722 
0.313437 
0.271068 
0.206583 
0.259544 
0.304456 
0.240567 
0.195776 
0.252808 
0.270651 
0.202781 
0.199378 
0.282549 
0.248920 
0.192766 
0.220399 
0.281666 
0.242133 
0.192425 
0.235720 
0.254031 
0.190639 
0.171097 
0.202275 
0.198221 
0.156778 
0.165981 
0.187869 
0.156434 
0.137444 
0.140563 
0.179482 
0.160049 
0.126348 
0.138605 
0.116683 
0.083430 
0.073183 
0.097254 
0.083398 
0.095768 
0.102834 
0.088893 
0.094680 
0.097934 
0.079557 
0.065414 
0.060176 
0.046096 
0.053815 
0.064953 
0.049418 
0.045316 
0.059584 
0.064711 
0.047306 
0.034438 
0.050761 
0.050950 
0.035052 
0.024375 
0.041779 
0.043373 
0.029572 
0.019676 
0.029554 
0.050198 
0.035547 
0.025862 
0.021697 
0.023221 
0.018108 
0.011905 
0.015238 
0.016249 
0.010822 
0.008064 
0.008982 
0.009182 
0.006850 
0.004532 
0.007736 
0.009936 
0.006627 
0.004915 
0.007875 
0.007392 
0.004968 
0.003682 
0.002913 
0.002913 
0.002013 
0.001706 
0.002278 
0.001739 
0.001236 
0.000908 
0.000654 
0.000475 
0.000344 
0.000250 
0.000181 
0.000131 
0.000095 
0.000069 
0.000050 
0.000036 
0.000027 
0.000023 
0.000020 
0.000015 
0.000011 
0.000014 
0.000016 
0.000012 
0.000013 
0.000018 
0.000016 
0.000015 
0.000012 
0.000013 
0.000014 
0.000015 
0.000013 
0.000015 
0.000014 
0.000015 
0.000016 
0.000016 
0.000014 
0.000010 
0.000007 
0.000005 
0.000004 
0.000003 
0.000002 
0.000001 
0.000001 
0.000001 
0.000001 
0.000000 
0.000000 
0.000000 
0.000000 
0.000000 
-0.000000 
0.000001 
0.000014 
0.000024 
0.000031 
0.000066 
0.000106 
0.000111 
0.000201 
0.000281 
0.000236 
0.000234 
0.000407 
0.000541 
0.000366 
0.004433 
0.014543 
0.018883 
0.016293 
0.023997 
0.126322 
0.196920 
0.176140 
0.139783 
0.112007 
0.102875 
0.117873 
0.095448 
0.129873 
0.180046 
0.145340 
0.179554 
0.200598 
0.174717 
0.211191 
0.176127 
0.198416 
0.192164 
0.217343 
0.210350 
0.220276 
0.226702 
0.210982 
0.232945 
0.235814 
0.239396 
0.241485 
0.247927 
0.228919 
0.250719 
0.244922 
0.251499 
0.248304 
0.255218 
0.261469 
0.268528 
0.267441 
0.263419 
0.280602 
0.268488 
0.266321 
0.265830 
0.260549 
0.258815 
0.262128 
0.262703 
0.260686 
0.264960 
0.243505 
0.243668 
0.235747 
0.233989 
0.231337 
0.237600 
0.236897 
0.237955 
0.244334 
0.233824 
0.236743 
0.233499 
0.239552 
0.218761 
0.206479 
0.199252 
0.211946 
0.208523 
0.189332 
0.179595 
0.169736 
0.171640 
0.160127 
0.157216 
0.142020 
0.125667 
0.108499 
0.093439 
0.077836 
0.057669 
0.040848 
0.053367 
0.053027 
0.040229 
0.087833 
0.073319 
0.069836 
0.077481 
0.047339 
0.061310 
0.083074 
0.055412 
0.073444 
0.082969 
0.058549 
0.075428 
0.068219 
0.052058 
0.083348 
0.071927 
0.063963 
0.099455 
0.074077 
0.085408 
0.097000 
0.065570 
0.090982 
0.087124 
0.064650 
0.106710 
0.092534 
0.080841 
0.112943 
0.080973 
0.094881 
0.109206 
0.077721 
0.106964 
0.092935 
0.075850 
0.107898 
0.079986 
0.082391 
0.109770 
0.074261 
0.093617 
0.105440 
0.084729 
0.149545 
0.130396 
0.092294 
0.186003 
0.170096 
0.123057 
0.213223 
0.234500 
0.225848 
0.271698 
0.250452 
0.190403 
0.267068 
0.315193 
0.235567 
0.223500 
0.287478 
0.250865 
0.191671 
0.244183 
0.278043 
0.218333 
0.196191 
0.267311 
0.257383 
0.201645 
0.223981 
0.277427 
0.251052 
0.203945 
0.235638 
0.286418 
0.243400 
0.215159 
0.246807 
0.271564 
0.222706 
0.224350 
0.249888 
0.259818 
0.204261 
0.219269 
0.236822 
0.224014 
0.175831 
0.204612 
0.217842 
0.203492 
0.169981 
0.183141 
0.217192 
0.199222 
0.171730 
0.185844 
0.203873 
0.181341 
0.161764 
0.200564 
0.194675 
0.156919 
0.134375 
0.166478 
0.147919 
0.105903 
0.079047 
0.080156 
0.074405 
0.057828 
0.044907 
0.057694 
0.047020 
0.031307 
0.029702 
0.055638 
0.046836 
0.032841 
0.024153 
0.061996 
0.075243 
0.052965 
0.033164 
0.059785 
0.092065 
0.063524 
0.042808 
0.057405 
0.078190 
0.054303 
0.037764 
0.038140 
0.079185 
0.064956 
0.044509 
0.036283 
0.071239 
0.065959 
0.045620 
0.031875 
0.070675 
0.100659 
0.080942 
0.058011 
0.055422 
0.093936 
0.102596 
0.097510 
0.092139 
0.081699 
0.136162 
0.173695 
0.162291 
0.148386 
0.135471 
0.169998 
0.205466 
0.184366 
0.174935 
0.225836 
0.238833 
0.230813 
0.196590 
0.210921 
0.245865 
0.247322 
0.232841 
0.190847 
0.215863 
0.216556 
0.225698 
0.208088 
0.190616 
0.196505 
0.218280 
0.229456 
0.195880 
0.175457 
0.176285 
0.192062 
0.173679 
0.157845 
0.181726 
0.203983 
0.196577 
0.173148 
0.188771 
0.189283 
0.196227 
0.180875 
0.187744 
0.207676 
0.207461 
0.197163 
0.193360 
0.216743 
0.220121 
0.192654 
0.188705 
0.192844 
0.181571 
0.197209 
0.189200 
0.204715 
0.203372 
0.200529 
0.178213 
0.209009 
0.207676 
0.207545 
0.192413 
0.212784 
0.219363 
0.204387 
0.172684 
0.211364 
0.204759 
0.176936 
0.156004 
0.186022 
0.195595 
0.181170 
0.158910 
0.188187 
0.206057 
0.181181 
0.169254 
0.194513 
0.197911 
0.172962 
0.152844 
0.164229 
0.172817 
0.161251 
0.142219 
0.153121 
0.145155 
0.110350 
0.144330 
0.132202 
0.096208 
0.072730 
0.083185 
0.076890 
0.055989 
0.057366 
0.056673 
0.044163 
0.034462 
0.034680 
0.031252 
0.020568 
0.024095 
0.048232 
0.040019 
0.026485 
0.042460 
0.045502 
0.027594 
0.033878 
0.047016 
0.031814 
0.026996 
0.047993 
0.040051 
0.026782 
0.045377 
0.048320 
0.029625 
0.042801 
0.054195 
0.034388 
0.037088 
0.052610 
0.035744 
0.033693 
0.047352 
0.034946 
0.029107 
0.047366 
0.037590 
0.029532 
0.046278 
0.036373 
0.026877 
0.042494 
0.038300 
0.026300 
0.039617 
0.041945 
0.028298 
0.036703 
0.041372 
0.028455 
0.031830 
0.043292 
0.033310 
0.029936 
0.040627 
0.032744 
0.024365 
0.040160 
0.041220 
0.026794 
0.034775 
0.041073 
0.027451 
0.027216 
0.040842 
0.031548 
0.022368 
0.030837 
0.032360 
0.020829 
0.022116 
0.033293 
0.025224 
0.017238 
0.025856 
0.028318 
0.018719 
0.016545 
0.028479 
0.026737 
0.017067 
0.024122 
0.032125 
0.027916 
0.042289 
0.075513 
0.074218 
0.125794 
0.163935 
0.173378 
0.224210 
0.208766 
0.216433 
0.240989 
0.224678 
0.261890 
0.301422 
0.261297 
0.242310 
0.286138 
0.229542 
0.230544 
0.246078 
0.190366 
0.200414 
0.202309 
0.182786 
0.204689 
0.199001 
0.201400 
0.210216 
0.174364 
0.186615 
0.210911 
0.172847 
0.193194 
0.196930 
0.170990 
0.196241 
0.195036 
0.171401 
0.192186 
0.198796 
0.173756 
0.198302 
0.190748 
0.165924 
0.186615 
0.181010 
0.162592 
0.189182 
0.176351 
0.153671 
0.193128 
0.178672 
0.172355 
0.191911 
0.177871 
0.183510 
0.184365 
0.140054 
0.117403 
0.134874 
0.098620 
0.076704 
0.069015 
0.048262 
0.038314 
0.035350 
0.028313 
0.021269 
0.026409 
0.029897 
0.018481 
0.023960 
0.032017 
0.019964 
0.023251 
0.031824 
0.021269 
0.021089 
0.027207 
0.019058 
0.020573 
0.025578 
0.017329 
0.019490 
0.024101 
0.017380 
0.015200 
0.023616 
0.025476 
0.018279 
0.020088 
0.026068 
0.019619 
0.017883 
0.028385 
0.023770 
0.018083 
0.026803 
0.024213 
0.018688 
0.025512 
0.023566 
0.018425 
0.024795 
0.027541 
0.020938 
0.021654 
0.030773 
0.024880 
0.022598 
0.030798 
0.027364 
0.022222 
0.030118 
0.027544 
0.023891 
0.036083 
0.033725 
0.027119 
0.039224 
0.039024 
0.030512 
0.042127 
0.043539 
0.033773 
0.043808 
0.045301 
0.036099 
0.048859 
0.049269 
0.038472 
0.049325 
0.045749 
0.040939 
0.056439 
0.041584 
0.039247 
0.055729 
0.048335 
0.055884 
0.069282 
0.059729 
0.086580 
0.080805 
0.084865 
0.099693 
0.086019 
0.104398 
0.106977 
0.090975 
0.119758 
0.120426 
0.112114 
0.142841 
0.120537 
0.133586 
0.155065 
0.121255 
0.145360 
0.167556 
0.145654 
0.161866 
0.150505 
0.133763 
0.167749 
0.152060 
0.147627 
0.160610 
0.135462 
0.134354 
0.137797 
0.116677 
0.121582 
0.116541 
0.093808 
0.116908 
0.103421 
0.084432 
0.105417 
0.075248 
0.094421 
0.086206 
0.075904 
0.100211 
0.070580 
0.088416 
0.069032 
0.070105 
0.067134 
0.054947 
0.066932 
0.047673 
0.053113 
0.060732 
0.045257 
0.056714 
0.046168 
0.041949 
0.040005 
0.030906 
0.038863 
0.029840 
0.036489 
0.036900 
0.039665 
0.051588 
0.038568 
0.041655 
0.035290 
0.025272 
0.032091 
0.032363 
0.031322 
0.032143 
0.032790 
0.034551 
0.031232 
0.032597 
0.028143 
0.028543 
0.032584 
0.031429 
0.027399 
0.023138 
0.027771 
0.027389 
0.022273 
0.022152 
0.019861 
0.016910 
0.020191 
0.020309 
0.015961 
0.014025 
0.014766 
0.017487 
0.018843 
0.018429 
0.015016 
0.014563 
0.014945 
0.015144 
0.014153 
0.013558 
0.013086 
0.011727 
0.012062 
0.011714 
0.009595 
0.009712 
0.007132 
0.006355 
0.006165 
0.004617 
0.003436 
0.002468 
0.002014 
0.001571 
0.001162 
0.001094 
0.000801 
0.000587 
0.000440 
0.000317 
0.000230 
0.000169 
0.000130 
0.000104 
0.000081 
0.000062 
0.000044 
0.000032 
0.000027 
0.000026 
0.000025 
0.000025 
0.000024 
0.000022 
0.000021 
0.000018 
0.000014 
0.000011 
0.000008 
0.000006 
0.000004 
0.000003 
0.000002 
0.000002 
0.000001 
0.000001 
0.000001 
0.000000 
0.000000 
0.000000 
0.000000 
0.000000 
0.000000 
-0.000000 
0.000002 
0.000007 
0.000015 
0.000013 
0.000013 
0.000020 
0.000022 
0.000035 
0.000009 
0.000188 
0.001265 
0.003753 
0.005993 
0.008674 
0.011946 
0.016345 
0.013127 
0.018121 
0.025308 
0.053414 
0.098136 
0.128249 
0.207939 
0.239264 
0.263818 
0.295232 
0.272272 
0.286933 
0.296368 
0.263344 
0.259241 
0.274146 
0.271037 
0.249711 
0.223246 
0.241249 
0.196364 
0.174106 
0.207859 
0.201549 
0.191187 
0.187624 
0.186112 
0.205528 
0.198743 
0.191546 
0.222474 
0.223452 
0.197973 
0.214090 
0.221694 
0.220232 
0.232977 
0.216017 
0.225609 
0.249332 
0.223112 
0.231753 
0.243336 
0.222953 
0.242961 
0.230421 
0.211635 
0.233742 
0.227827 
0.222050 
0.242713 
0.214488 
0.206751 
0.226044 
0.192671 
0.207587 
0.219557 
0.175900 
0.196477 
0.189112 
0.178680 
0.205532 
0.172881 
0.199350 
0.218277 
0.187732 
0.229582 
0.209812 
0.179170 
0.208531 
0.170558 
0.183088 
0.191125 
0.164457 
0.193506 
0.165070 
0.172509 
0.186864 
0.150847 
0.182730 
0.172385 
0.152123 
0.184586 
0.158405 
0.173698 
0.159884 
0.156265 
0.182392 
0.157315 
0.175012 
0.168022 
0.154588 
0.174165 
0.156422 
0.185857 
0.175770 
0.161304 
0.179091 
0.155046 
0.196351 
0.189929 
0.177259 
0.200207 
0.169357 
0.209660 
0.187919 
0.183518 
0.206497 
0.196604 
0.224903 
0.196524 
0.204349 
0.245084 
0.221592 
0.268911 
0.243996 
0.249963 
0.277671 
0.254103 
0.273733 
0.258959 
0.265595 
0.270960 
0.257725 
0.286458 
0.268486 
0.262623 
0.259991 
0.262113 
0.260333 
0.258203 
0.259804 
0.264194 
0.273508 
0.259778 
0.254079 
0.257483 
0.257853 
0.258379 
0.257392 
0.267127 
0.269545 
0.267802 
0.276081 
0.266400 
0.274194 
0.272881 
0.259990 
0.267565 
0.245985 
0.241915 
0.241761 
0.217894 
0.225001 
0.204939 
0.198812 
0.196869 
0.183681 
0.201547 
0.175768 
0.165946 
0.163360 
0.156627 
0.127460 
0.134233 
0.162310 
0.148191 
0.166886 
0.175170 
0.174045 
0.179114 
0.164464 
0.167617 
0.141977 
0.162839 
0.158088 
0.156514 
0.177114 
0.154532 
0.170756 
0.163296 
0.158229 
0.197180 
0.173914 
0.198415 
0.193371 
0.177397 
0.210074 
0.173249 
0.195254 
0.201800 
0.161935 
0.200739 
0.171996 
0.174254 
0.187383 
0.154586 
0.175441 
0.154373 
0.153967 
0.171698 
0.149444 
0.163670 
0.165339 
0.155917 
0.182436 
0.181590 
0.163865 
0.181849 
0.169737 
0.152317 
0.177912 
0.167551 
0.154163 
0.188661 
0.171298 
0.144506 
0.178792 
0.161371 
0.139148 
0.164572 
0.146886 
0.123124 
0.153192 
0.142891 
0.124144 
0.144276 
0.134821 
0.119089 
0.145110 
0.141135 
0.122922 
0.141877 
0.141392 
0.122911 
0.131262 
0.137072 
0.119472 
0.111510 
0.126750 
0.109552 
0.078384 
0.093524 
0.092336 
0.077265 
0.087225 
0.090887 
0.072162 
0.084981 
0.090374 
0.071281 
0.070680 
0.080020 
0.064848 
0.050415 
0.059301 
0.050373 
0.033961 
0.041145 
0.039444 
0.027357 
0.019221 
0.027663 
0.038363 
0.026405 
0.019762 
0.050579 
0.051468 
0.033341 
0.028787 
0.056209 
0.051699 
0.034985 
0.027486 
0.058605 
0.059704 
0.039498 
0.031593 
0.056768 
0.052076 
0.036447 
0.023767 
0.053683 
0.067158 
0.045281 
0.031226 
0.048901 
0.059470 
0.041113 
0.027688 
0.034810 
0.058171 
0.042493 
0.029530 
0.027214 
0.044269 
0.035263 
0.024747 
0.018528 
0.032840 
0.031924 
0.021401 
0.016372 
0.021682 
0.019269 
0.013100 
0.009993 
0.008714 
0.006563 
0.004692 
0.003422 
0.002496 
0.001745 
0.001553 
0.001823 
0.001690 
0.001263 
0.000963 
0.001039 
0.000792 
0.000563 
0.000413 
0.000298 
0.000216 
0.000157 
0.000114 
0.000083 
0.000060 
0.000044 
0.000037 
0.000029 
0.000027 
0.000022 
0.000019 
0.000020 
0.000019 
0.000016 
0.000016 
0.000017 
0.000019 
0.000016 
0.000016 
0.000014 
0.000016 
0.000018 
0.000019 
0.000018 
0.000015 
0.000012 
0.000014 
0.000018 
0.000020 
0.000019 
0.000019 
0.000021 
0.000017 
0.000020 
0.000020 
0.000022 
0.000018 
0.000013 
0.000009 
0.000007 
0.000005 
0.000004 
0.000003 
0.000002 
0.000001 
0.000001 
0.000001 
0.000001 
-0.000000 
0.000003 
0.000000 
0.000148 
0.000362 
0.000492 
0.001057 
0.000872 
0.003082 
0.005393 
0.004096 
0.003203 
0.002022 
0.004779 
0.007324 
0.008615 
0.008212 
0.006142 
0.009155 
0.011554 
0.008975 
0.007391 
0.006335 
0.012779 
0.013291 
0.013897 
0.013738 
0.017750 
0.028671 
0.026691 
0.023531 
0.034877 
0.039100 
0.033010 
0.026694 
0.029362 
0.039731 
0.032145 
0.034110 
0.028427 
0.031963 
0.038319 
0.034151 
0.043890 
0.045988 
0.047856 
0.057325 
0.062966 
0.066984 
0.069027 
0.116299 
0.149913 
0.116248 
0.100777 
0.076795 
0.061744 
0.076518 
0.071216 
0.068033 
0.075529 
0.075001 
0.065824 
0.090760 
0.111696 
0.114679 
0.107392 
0.107834 
0.125871 
0.119448 
0.191481 
0.182566 
0.152215 
0.120834 
0.095179 
0.086071 
0.107580 
0.101540 
0.104071 
0.119802 
0.131725 
0.137543 
0.142500 
0.151405 
0.184847 
0.194300 
0.197682 
0.216050 
0.230518 
0.230792 
0.221099 
0.241523 
0.238520 
0.247171 
0.255389 
0.257760 
0.237396 
0.222952 
0.219789 
0.210981 
0.197642 
0.195738 
0.195269 
0.196707 
0.173124 
0.180352 
0.193473 
0.173938 
0.169972 
0.198273 
0.177876 
0.195114 
0.210297 
0.228118 
0.194647 
0.205706 
0.185805 
0.201773 
0.225667 
0.290965 
0.281443 
0.314669 
0.340679 
0.318705 
0.336643 
0.329893 
0.280251 
0.292664 
0.253713 
0.234558 
0.227202 
0.198900 
0.208079 
0.198240 
0.210023 
0.185189 
0.180517 
0.166654 
0.165457 
0.169509 
0.163419 
0.175860 
0.174261 
0.163709 
0.142839 
0.151279 
0.148834 
0.148485 
0.150914 
0.138517 
0.145538 
0.148521 
0.140259 
0.145664 
0.135734 
0.145726 
0.160069 
0.159486 
0.162639 
0.155653 
0.167224 
0.162969 
0.160949 
0.177407 
0.161472 
0.163314 
0.158643 
0.158572 
0.158963 
0.161366 
0.165813 
0.169151 
0.155622 
0.173035 
0.157544 
0.164017 
0.169945 
0.149747 
0.172646 
0.157707 
0.177629 
0.173930 
0.163083 
0.197668 
0.185405 
0.199646 
0.181740 
0.193853 
0.194890 
0.190874 
0.212588 
0.177156 
0.198306 
0.173974 
0.182571 
0.208052 
0.206113 
0.203809 
0.179985 
0.219877 
0.194930 
0.206676 
0.193561 
0.203341 
0.221891 
0.203331 
0.229573 
0.205422 
0.231095 
0.207704 
0.224664 
0.205243 
0.215728 
0.193854 
0.206770 
0.196500 
0.197103 
0.179161 
0.189944 
0.185123 
0.220189 
0.199365 
0.222071 
0.212652 
0.215176 
0.206510 
0.232078 
0.216875 
0.226139 
0.212753 
0.223112 
0.217246 
0.238430 
0.234666 
0.240052 
0.224207 
0.225241 
0.233588 
0.229921 
0.246801 
0.222325 
0.237926 
0.239728 
0.240355 
0.223894 
0.224907 
0.230531 
0.234704 
0.231200 
0.232582 
0.240491 
0.224284 
0.234503 
0.233024 
0.236360 
0.219265 
0.227353 
0.218879 
0.225591 
0.214010 
0.228347 
0.240994 
0.235010 
0.222717 
0.227460 
0.234227 
0.226665 
0.236785 
0.229746 
0.232424 
0.214596 
0.216166 
0.222995 
0.229737 
0.216217 
0.228645 
0.235946 
0.224610 
0.230606 
0.226611 
0.235858 
0.227599 
0.226782 
0.216347 
0.225362 
0.212212 
0.223030 
0.220965 
0.226161 
0.217719 
0.212680 
0.221240 
0.214392 
0.208026 
0.207782 
0.225793 
0.210620 
0.207017 
0.202386 
0.218484 
0.203057 
0.218160 
0.214296 
0.211970 
0.212781 
0.209869 
0.224463 
0.222108 
0.220399 
0.213408 
0.225065 
0.221828 
0.222870 
0.213752 
0.236861 
0.232552 
0.231473 
0.249014 
0.240808 
0.248285 
0.241094 
0.246998 
0.242124 
0.247852 
0.239437 
0.248734 
0.252272 
0.247085 
0.252147 
0.243638 
0.261122 
0.254873 
0.256475 
0.245464 
0.247393 
0.241468 
0.246670 
0.258649 
0.244909 
0.253910 
0.239446 
0.251566 
0.241549 
0.252305 
0.248901 
0.255877 
0.250009 
0.242955 
0.234127 
0.223779 
0.211435 
0.195040 
0.180502 
0.169728 
0.161690 
0.154824 
0.153061 
0.142564 
0.142101 
0.149874 
0.149932 
0.150048 
0.147084 
0.133420 
0.114241 
0.092437 
0.084478 
0.077771 
0.064412 
0.052920 
0.049591 
0.042798 
0.030793 
0.028997 
0.025572 
0.022535 
0.021095 
0.018132 
0.015691 
0.019616 
0.025116 
0.029451 
0.031675 
0.025479 
0.023991 
0.019997 
0.019917 
0.019890 
0.020802 
0.022751 
0.022059 
0.021072 
0.018117 
0.020182 
0.022036 
0.018667 
0.017196 
0.015961 
0.018079 
0.014321 
0.015367 
0.014813 
0.010809 
0.011589 
0.011152 
0.009799 
0.006981 
0.007011 
0.008265 
0.008372 
0.006990 
0.004895 
0.003760 
0.004781 
0.006009 
0.004446 
0.003437 
0.003229 
0.002649 
0.001937 
0.001547 
0.002016 
0.002045 
0.002205 
0.002582 
0.002741 
0.002591 
0.002496 
0.002229 
0.002447 
0.002159 
0.001977 
0.001588 
0.001277 
0.001087 
0.000912 
0.000777 
0.000679 
0.000620 
0.000527 
0.000469 
0.000675 
0.000936 
0.000900 
0.000836 
0.001194 
0.001449 
0.001313 
0.001335 
0.001512 
0.001527 
0.001343 
0.001318 
0.001175 
0.001100 
0.000779 
0.000586 
0.000466 
0.000402 
0.000299 
0.000215 
0.000160 
0.000125 
0.000096 
0.000077 
0.000064 
0.000045 
0.000033 
0.000024 
0.000017 
0.000013 
0.000009 
0.000007 
0.000005 
0.000003 
0.000003 
0.000002 
0.000001 
0.000001 
0.000001 
0.000001 
0.000000 
0.000000 
0.000000 
0.000000 
0.000000 
-0.000000 
0.000002 
-0.000003 
0.000025 
-0.000050 
0.000312 
0.001266 
0.002321 
0.009918 
0.010715 
0.010604 
0.014261 
0.012247 
0.011903 
0.040817 
0.082457 
0.100883 
0.118332 
0.132429 
0.147387 
0.174192 
0.188401 
0.193756 
0.199085 
0.203477 
0.200318 
0.204336 
0.226945 
0.226143 
0.220278 
0.220788 
0.222513 
0.226166 
0.236600 
0.233041 
0.229737 
0.230159 
0.233283 
0.240100 
0.239274 
0.245403 
0.236473 
0.229712 
0.228921 
0.224671 
0.222404 
0.222761 
0.225852 
0.231050 
0.231271 
0.227841 
0.226192 
0.227475 
0.223563 
0.220545 
0.223528 
0.220175 
0.213114 
0.209818 
0.213481 
0.213119 
0.207240 
0.203301 
0.195208 
0.192383 
0.180481 
0.170830 
0.162750 
0.160673 
0.154461 
0.143843 
0.126481 
0.113972 
0.104260 
0.097861 
0.093354 
0.088080 
0.080694 
0.074831 
0.073868 
0.069558 
0.068489 
0.065318 
0.064032 
0.056618 
0.049854 
0.048474 
0.041777 
0.039654 
0.039873 
0.042589 
0.043763 
0.042235 
0.034984 
0.038019 
0.037403 
0.045940 
0.044777 
0.043766 
0.037304 
0.040169 
0.035389 
0.035792 
0.041398 
0.038559 
0.036239 
0.044701 
0.038621 
0.037564 
0.038355 
0.047259 
0.051750 
0.051026 
0.055286 
0.059683 
0.056266 
0.075741 
0.078824 
0.063132 
0.050239 
0.050167 
0.040727 
0.031826 
0.026445 
0.026747 
0.034251 
0.029776 
0.027223 
0.026853 
0.028136 
0.026462 
0.021594 
0.018447 
0.018459 
0.016854 
0.015280 
0.012663 
0.010614 
0.011760 
0.012165 
0.010167 
0.009279 
0.011065 
0.009702 
0.007111 
0.005345 
0.004357 
0.004288 
0.003652 
0.003231 
0.002649 
0.002174 
0.001582 
0.001175 
0.000934 
0.000722 
0.000515 
0.000376 
0.000272 
0.000197 
0.000143 
0.000104 
0.000075 
0.000055 
0.000040 
0.000029 
0.000021 
0.000015 
0.000011 
0.000008 
0.000006 
0.000004 
0.000003 
0.000002 
0.000002 
0.000001 
0.000001 
0.000001 
0.000000 
0.000000 
0.000000 
0.000000 
0.000000 
0.000000 
0.000000 
0.000000 
0.000000 
0.000000 
0.000000 
0.000000 
0.000000 
0.000000 
0.000000 
0.000000 
0.000000 
-0.000000 
0.000000 
0.000000 
-0.000000 
0.000011 
0.000015 
0.000056 
0.000134 
0.000310 
0.000774 
0.003151 
0.004691 
0.003763 
0.002771 
0.002064 
0.003576 
0.009426 
0.014098 
0.017476 
0.019363 
0.019893 
0.020594 
0.021424 
0.034012 
0.042187 
0.034263 
0.033282 
0.040885 
0.050114 
0.052484 
0.051340 
0.048391 
0.037810 
0.057454 
0.078222 
0.080771 
0.068116 
0.054022 
0.048565 
0.048916 
0.049301 
0.039422 
0.030430 
0.027245 
0.043920 
0.045132 
0.073786 
0.084851 
0.110427 
0.115065 
0.120714 
0.124308 
0.125525 
0.122178 
0.135621 
0.132998 
0.150799 
0.160581 
0.172136 
0.173006 
0.176622 
0.190668 
0.202501 
0.199169 
0.200958 
0.209131 
0.201343 
0.229110 
0.229665 
0.258228 
0.245995 
0.264256 
0.254420 
0.267548 
0.250729 
0.264678 
0.259101 
0.265234 
0.262575 
0.232322 
0.247687 
0.228897 
0.241186 
0.219759 
0.246094 
0.220432 
0.251578 
0.234205 
0.246935 
0.226942 
0.238335 
0.237342 
0.240027 
0.232990 
0.227881 
0.221181 
0.214543 
0.199867 
0.192560 
0.209898 
0.193395 
0.193707 
0.186773 
0.186853 
0.195393 
0.187027 
0.195609 
0.185260 
0.193727 
0.182648 
0.202478 
0.201771 
0.201046 
0.213251 
0.186283 
0.213981 
0.185242 
0.210779 
0.191480 
0.206629 
0.200382 
0.190535 
0.200487 
0.194205 
0.207464 
0.202602 
0.209672 
0.200094 
0.199941 
0.193953 
0.201905 
0.190401 
0.188191 
0.175271 
0.172097 
0.160266 
0.160541 
0.160425 
0.153959 
0.143660 
0.139161 
0.133151 
0.119606 
0.118062 
0.101169 
0.104531 
0.091094 
0.098485 
0.085728 
0.096929 
0.079321 
0.096670 
0.076497 
0.084832 
0.069611 
0.072022 
0.062080 
0.062507 
0.056066 
0.048126 
0.048530 
0.034900 
0.033008 
0.023935 
0.029248 
0.025398 
0.017859 
0.013569 
0.009519 
0.008073 
0.008738 
0.006645 
0.008213 
0.009600 
0.008399 
0.009819 
0.007890 
0.008875 
0.006634 
0.005315 
0.004379 
0.004444 
0.003706 
0.005328 
0.004223 
0.005305 
0.004310 
0.005816 
0.004908 
0.005969 
0.005486 
0.005127 
0.004753 
0.004123 
0.003922 
0.003503 
0.003358 
0.003193 
0.003760 
0.002981 
0.003268 
0.002608 
0.002818 
0.002287 
0.002543 
0.001889 
0.001353 
0.000989 
0.000714 
0.000518 
0.000377 
0.000272 
0.000192 
0.000163 
0.000141 
0.001764 
0.005319 
0.007114 
0.008956 
0.013878 
0.044839 
0.044867 
0.042762 
0.042153 
0.042703 
0.039578 
0.033209 
0.035701 
0.035108 
0.042156 
0.063067 
0.088423 
0.107267 
0.119946 
0.128896 
0.136650 
0.154940 
0.150342 
0.160610 
0.164230 
0.163177 
0.172678 
0.186004 
0.186844 
0.191896 
0.197256 
0.208367 
0.213095 
0.218596 
0.217012 
0.222044 
0.227094 
0.229785 
0.238835 
0.247220 
0.253122 
0.265965 
0.267830 
0.267257 
0.277490 
0.276757 
0.281383 
0.281912 
0.294299 
0.280468 
0.281077 
0.286185 
0.275921 
0.266870 
0.272209 
0.268794 
0.253410 
0.268314 
0.237516 
0.239491 
0.231132 
0.226874 
0.247485 
0.231166 
0.233256 
0.217153 
0.212096 
0.204466 
0.191739 
0.189855 
0.190367 
0.198238 
0.190319 
0.192570 
0.184893 
0.179184 
0.171603 
0.179385 
0.180710 
0.173611 
0.160386 
0.141131 
0.126357 
0.119472 
0.106707 
0.101396 
0.095101 
0.096524 
0.094649 
0.100464 
0.108340 
0.112061 
0.121935 
0.125770 
0.147521 
0.152830 
0.163819 
0.177531 
0.201244 
0.220161 
0.215221 
0.240595 
0.214638 
0.254892 
0.235955 
0.235325 
0.257677 
0.227815 
0.220330 
0.209687 
0.188593 
0.170982 
0.158374 
0.158238 
0.154376 
0.173105 
0.167330 
0.154567 
0.139262 
0.162099 
0.139382 
0.136009 
0.133702 
0.137342 
0.169373 
0.164453 
0.186555 
0.178172 
0.149928 
0.147319 
0.153747 
0.140733 
0.118308 
0.144937 
0.116894 
0.113873 
0.107504 
0.120670 
0.117509 
0.117964 
0.161907 
0.128856 
0.173764 
0.184431 
0.129556 
0.154604 
0.117808 
0.135487 
0.129890 
0.116929 
0.139828 
0.097777 
0.181112 
0.172078 
0.151908 
0.205939 
0.153188 
0.179472 
0.138786 
0.127383 
0.179038 
0.139018 
0.165050 
0.150638 
0.122080 
0.153420 
0.130547 
0.132509 
0.147634 
0.149004 
0.135363 
0.113926 
0.123605 
0.138507 
0.153515 
0.175466 
0.156644 
0.135785 
0.117067 
0.120798 
0.131035 
0.128499 
0.126493 
0.117140 
0.106455 
0.108645 
0.121713 
0.097594 
0.136080 
0.135126 
0.119714 
0.138456 
0.140460 
0.120832 
0.094520 
0.096390 
0.129340 
0.119335 
0.122043 
0.155491 
0.138850 
0.148765 
0.168906 
0.155860 
0.124470 
0.114169 
0.120728 
0.107712 
0.097250 
0.130926 
0.142866 
0.152513 
0.174412 
0.172184 
0.148415 
0.121349 
0.097519 
0.089511 
0.124887 
0.127550 
0.159361 
0.152137 
0.146246 
0.132575 
0.120682 
0.119538 
0.112281 
0.079720 
0.090053 
0.128494 
0.128967 
0.102428 
0.143398 
0.148595 
0.127997 
0.129859 
0.107213 
0.113597 
0.126870 
0.118681 
0.114779 
0.120711 
0.107989 
0.098982 
0.116007 
0.109413 
0.077450 
0.092642 
0.100780 
0.082162 
0.087706 
0.116759 
0.109935 
0.100992 
0.107627 
0.102710 
0.102772 
0.087860 
0.063679 
0.050853 
0.071188 
0.061697 
0.049102 
0.052969 
0.078887 
0.080044 
0.061687 
0.065533 
0.072520 
0.058430 
0.065596 
0.072941 
0.066634 
0.051186 
0.057901 
0.067351 
0.051278 
0.043113 
0.047705 
0.042409 
0.038001 
0.045013 
0.041653 
0.044346 
0.039734 
0.039877 
0.036180 
0.027039 
0.021879 
0.021105 
0.015692 
0.011702 
0.009385 
0.007679 
0.008693 
0.010198 
0.008581 
0.006387 
0.005429 
0.005302 
0.004219 
0.003055 
0.003136 
0.003255 
0.002443 
0.001900 
0.002313 
0.002754 
0.002333 
0.001954 
0.002022 
0.001690 
0.001506 
0.001580 
0.001311 
0.000998 
0.001102 
0.001013 
0.001119 
0.000841 
0.000770 
0.001136 
0.001303 
0.001399 
0.002001 
0.001895 
0.001740 
0.001735 
0.001456 
0.001654 
0.001959 
0.002655 
0.003345 
0.002772 
0.002072 
0.002417 
0.002788 
0.002111 
0.002394 
0.002614 
0.002794 
0.003324 
0.003239 
0.003465 
0.005019 
0.005019 
0.003977 
0.004884 
0.005262 
0.004735 
0.004669 
0.005102 
0.007988 
0.007257 
0.006636 
0.007594 
0.007805 
0.007064 
0.004988 
0.004455 
0.004708 
0.005804 
0.006292 
0.005085 
0.004048 
0.005120 
0.005026 
0.004171 
0.004821 
0.005400 
0.005181 
0.005860 
0.005610 
0.006432 
0.006698 
0.005584 
0.004409 
0.004780 
0.004406 
0.004483 
0.005184 
0.003842 
0.003016 
0.003461 
0.004755 
0.006048 
0.005223 
0.005990 
0.005537 
0.005392 
0.006137 
0.006155 
0.005380 
0.005459 
0.004832 
0.005019 
0.006214 
0.006089 
0.006254 
0.006288 
0.006580 
0.005681 
0.006484 
0.006837 
0.005456 
0.004910 
0.005179 
0.005536 
0.004615 
0.004392 
0.004857 
0.004896 
0.005962 
0.007003 
0.007708 
0.006614 
0.006819 
0.005986 
0.004868 
0.007047 
0.007229 
0.006845 
0.006566 
0.006654 
0.007787 
0.007032 
0.007392 
0.006901 
0.006541 
0.006490 
0.006833 
0.006799 
0.005111 
0.006115 
0.009429 
0.009912 
0.007753 
0.006145 
0.004881 
0.004804 
0.004921 
0.004619 
0.005145 
0.006975 
0.006584 
0.005300 
0.005411 
0.004517 
0.003423 
0.002418 
0.003690 
0.004931 
0.005180 
0.004561 
0.003720 
0.003215 
0.003663 
0.003843 
0.004269 
0.004639 
0.004423 
0.003541 
0.002977 
0.003398 
0.004230 
0.004484 
0.003751 
0.003467 
0.003801 
0.003801 
0.003485 
0.002693 
0.002142 
0.001590 
0.001551 
0.001715 
0.001773 
0.002144 
0.002088 
0.002582 
0.002011 
0.002500 
0.002888 
0.002659 
0.002560 
0.001950 
0.001790 
0.001774 
0.001697 
0.001804 
0.001917 
0.001758 
0.001601 
0.001858 
0.001492 
0.001264 
0.001304 
0.001309 
0.001160 
0.001086 
0.000921 
0.000958 
0.001272 
0.001225 
0.001064 
0.001213 
0.001172 
0.001058 
0.001232 
0.001396 
0.001152 
0.000914 
0.000692 
0.000529 
0.000585 
0.000891 
0.000833 
0.000769 
0.000720 
0.000709 
0.000502 
0.000507 
0.000743 
0.000778 
0.000763 
0.000612 
0.000507 
0.000710 
0.000719 
0.000519 
0.000402 
0.000460 
0.000485 
0.000488 
0.000461 
0.000323 
0.000258 
0.000286 
0.000283 
0.000244 
0.000189 
0.000157 
0.000112 
0.000098 
0.000085 
0.000071 
0.000059 
0.000045 
0.000039 
0.000036 
0.000030 
0.000031 
0.000030 
0.000031 
0.000031 
0.000031 
0.000031 
0.000031 
0.000031 
0.000031 
0.000031 
0.000030 
0.000031 
0.000026 
0.000019 
0.000014 
0.000010 
0.000007 
0.000005 
0.000004 
0.000003 
0.000002 
0.000001 
0.000001 
0.000001 
0.000001 
0.000000 
0.000000 
0.000000 
0.000000 
0.000000 
0.000000 
0.000000 
0.000000 
0.000000 
0.000000 
0.000000 
0.000000 
0.000000 
0.000000 
0.000000 
0.000000 
