[ASCII 1000Hz, Channels: 1, Samples: 4000, Flags: 0]                          
0.000000 
0.000000 
0.000000 
0.000000 
0.000000 
0.000000 
0.000000 
0.000000 
0.000000 
0.000000 
0.000000 
0.000000 
0.000000 
0.000000 
0.000000 
0.000000 
0.000000 
0.000000 
0.000000 
0.000000 
0.000000 
0.000000 
0.000000 
0.000000 
0.000000 
0.000000 
0.000000 
0.000000 
0.000000 
0.000000 
0.000000 
0.000000 
0.000000 
0.000000 
0.000000 
0.000000 
0.000000 
0.000000 
0.000000 
0.000000 
0.000000 
0.000000 
0.000000 
0.000000 
0.000000 
0.000000 
0.000000 
-0.000000 
0.000000 
-0.000002 
0.000011 
-0.000042 
0.000135 
0.000257 
0.002888 
0.008478 
0.007911 
0.009240 
0.011648 
0.054527 
0.121266 
0.182052 
0.195673 
0.256561 
0.231164 
0.208601 
0.180426 
0.142579 
0.138262 
0.171096 
0.140357 
0.176869 
0.284896 
0.203922 
0.298048 
0.315487 
0.297537 
0.274876 
0.244212 
0.284662 
0.241344 
0.316051 
0.300463 
0.332438 
0.290884 
0.305170 
0.302293 
0.335938 
0.288348 
0.306546 
0.337987 
0.311698 
0.339308 
0.301732 
0.266048 
0.281394 
0.324583 
0.275140 
0.305555 
0.284834 
0.287668 
0.264489 
0.305631 
0.286568 
0.315497 
0.267095 
0.308529 
0.240963 
0.266195 
0.207631 
0.253593 
0.212198 
0.249874 
0.216399 
0.215645 
0.276023 
0.210788 
0.247966 
0.231458 
0.248025 
0.261379 
0.266843 
0.295003 
0.287915 
0.303289 
0.325547 
0.299284 
0.299050 
0.308917 
0.280153 
0.290535 
0.285361 
0.278080 
0.287395 
0.273719 
0.268957 
0.294961 
0.263292 
0.270680 
0.280898 
0.217657 
0.298947 
0.266150 
0.238787 
0.253460 
0.198696 
0.233687 
0.193991 
0.237485 
0.274915 
0.248460 
0.296525 
0.247634 
0.288499 
0.284619 
0.233999 
0.262155 
0.199507 
0.235012 
0.205901 
0.216915 
0.257632 
0.197598 
0.243639 
0.210553 
0.197467 
0.200342 
0.178649 
0.200187 
0.213364 
0.208217 
0.223957 
0.227381 
0.214677 
0.219468 
0.230924 
0.207505 
0.204197 
0.196171 
0.229645 
0.230801 
0.214262 
0.212382 
0.213663 
0.233410 
0.217328 
0.217193 
0.202845 
0.216259 
0.197248 
0.197043 
0.197958 
0.205060 
0.201566 
0.212270 
0.208748 
0.197803 
0.181906 
0.206990 
0.203552 
0.224026 
0.225262 
0.220039 
0.210451 
0.226865 
0.215417 
0.229749 
0.220900 
0.231266 
0.212245 
0.219887 
0.227743 
0.232846 
0.252700 
0.240453 
0.249957 
0.244280 
0.251969 
0.239812 
0.246500 
0.253130 
0.258198 
0.228646 
0.222246 
0.227711 
0.233658 
0.236101 
0.227426 
0.224881 
0.212006 
0.180151 
0.182549 
0.174658 
0.165808 
0.160716 
0.169353 
0.183827 
0.193470 
0.207573 
0.200066 
0.206366 
0.209855 
0.215861 
0.203743 
0.227706 
0.207951 
0.218712 
0.212754 
0.205106 
0.196495 
0.210940 
0.191447 
0.213888 
0.207557 
0.227686 
0.211794 
0.224081 
0.210643 
0.219090 
0.216907 
0.228504 
0.222971 
0.249194 
0.257662 
0.259793 
0.256861 
0.245604 
0.251014 
0.284240 
0.271624 
0.273388 
0.274983 
0.301093 
0.298679 
0.314988 
0.293431 
0.298883 
0.269958 
0.275430 
0.247395 
0.240470 
0.221696 
0.206138 
0.197492 
0.213997 
0.221328 
0.234802 
0.219825 
0.188234 
0.196767 
0.193252 
0.223113 
0.200701 
0.207645 
0.197807 
0.200711 
0.197058 
0.199406 
0.200442 
0.190700 
0.175349 
0.197000 
0.166514 
0.173997 
0.157791 
0.146718 
0.139713 
0.134850 
0.113484 
0.109625 
0.091858 
0.070763 
0.064623 
0.050574 
0.070740 
0.059637 
0.087290 
0.077475 
0.074437 
0.061825 
0.077334 
0.080320 
0.079682 
0.097870 
0.080914 
0.105428 
0.083021 
0.121837 
0.104250 
0.130081 
0.131523 
0.126191 
0.135340 
0.113599 
0.162342 
0.119237 
0.162977 
0.155082 
0.122085 
0.190150 
0.128241 
0.168209 
0.196314 
0.130458 
0.217668 
0.183087 
0.160931 
0.232824 
0.166939 
0.179198 
0.187965 
0.142410 
0.188146 
0.197309 
0.159674 
0.197337 
0.230515 
0.164511 
0.169624 
0.225111 
0.171160 
0.153314 
0.204004 
0.220381 
0.204218 
0.213586 
0.216723 
0.181607 
0.176419 
0.170324 
0.169800 
0.164429 
0.184967 
0.165009 
0.140256 
0.153975 
0.190061 
0.155167 
0.133160 
0.144339 
0.161307 
0.123904 
0.123652 
0.158907 
0.155915 
0.117934 
0.085229 
0.115582 
0.122521 
0.085128 
0.057805 
0.101350 
0.128416 
0.090516 
0.062480 
0.081471 
0.111902 
0.088429 
0.058584 
0.064200 
0.101057 
0.081082 
0.058394 
0.044820 
0.077574 
0.091530 
0.074185 
0.047982 
0.057941 
0.086039 
0.078757 
0.062444 
0.042814 
0.077664 
0.081560 
0.054931 
0.040385 
0.033643 
0.037804 
0.026503 
0.022420 
0.018108 
0.014795 
0.018972 
0.013033 
0.011626 
0.019856 
0.016229 
0.032658 
0.037811 
0.024411 
0.025258 
0.023860 
0.017642 
0.022782 
0.017993 
0.012888 
0.014726 
0.011429 
0.009268 
0.009314 
0.006575 
0.004820 
0.003487 
0.002526 
0.001833 
0.001328 
0.000963 
0.000698 
0.000506 
0.000367 
0.000266 
0.000193 
0.000140 
0.000101 
0.000073 
0.000053 
0.000039 
0.000028 
0.000020 
0.000015 
0.000011 
0.000008 
0.000006 
0.000004 
0.000003 
0.000002 
0.000001 
0.000002 
-0.000003 
0.000081 
0.000254 
0.000389 
0.001178 
-0.001598 
0.023203 
0.048802 
0.047177 
0.063655 
0.071255 
0.064442 
0.059631 
0.073612 
0.070668 
0.074360 
0.061530 
0.047642 
0.034611 
0.027439 
0.024754 
0.018941 
0.016044 
0.019090 
0.021047 
0.022121 
0.028860 
0.029188 
0.035037 
0.045936 
0.047046 
0.031263 
0.050073 
0.115650 
0.106061 
0.077009 
0.050037 
0.122112 
0.155922 
0.107403 
0.091069 
0.104661 
0.151024 
0.152779 
0.109235 
0.081326 
0.085158 
0.147090 
0.149723 
0.104447 
0.085478 
0.079448 
0.163175 
0.172453 
0.122922 
0.085611 
0.101614 
0.198927 
0.194009 
0.140671 
0.095367 
0.108377 
0.196295 
0.179006 
0.131774 
0.109550 
0.139803 
0.216562 
0.174655 
0.140350 
0.144624 
0.158871 
0.188869 
0.140210 
0.107861 
0.157507 
0.233120 
0.198125 
0.139501 
0.119971 
0.180001 
0.155711 
0.108505 
0.099914 
0.126842 
0.126767 
0.088760 
0.070453 
0.099706 
0.096183 
0.065834 
0.051053 
0.062830 
0.057513 
0.040880 
0.032064 
0.034624 
0.048964 
0.044367 
0.041084 
0.045489 
0.043256 
0.039234 
0.042541 
0.048782 
0.043134 
0.037041 
0.030189 
0.038315 
0.035444 
0.025282 
0.026792 
0.031300 
0.023777 
0.026371 
0.029452 
0.028962 
0.027633 
0.026368 
0.023053 
0.019542 
0.014468 
0.017204 
0.019047 
0.019586 
0.021361 
0.017458 
0.019005 
0.018635 
0.018226 
0.015798 
0.015263 
0.019908 
0.019959 
0.018089 
0.015556 
0.014419 
0.018636 
0.015919 
0.015661 
0.018288 
0.016465 
0.017705 
0.020146 
0.019381 
0.017188 
0.018154 
0.019069 
0.018621 
0.023337 
0.023666 
0.029995 
0.024968 
0.023675 
0.025325 
0.032051 
0.028669 
0.025493 
0.024256 
0.025362 
0.029187 
0.034020 
0.037579 
0.038312 
0.036429 
0.044172 
0.049556 
0.039169 
0.030526 
0.035727 
0.035986 
0.029213 
0.037493 
0.047193 
0.037670 
0.028549 
0.027239 
0.038230 
0.042479 
0.040348 
0.043675 
0.050684 
0.044805 
0.043490 
0.036944 
0.041306 
0.029543 
0.060404 
0.065102 
0.079207 
0.099247 
0.072651 
0.093749 
0.065557 
0.114037 
0.104833 
0.122835 
0.136568 
0.122636 
0.173143 
0.129745 
0.199397 
0.163315 
0.237877 
0.210175 
0.275378 
0.289458 
0.280899 
0.312691 
0.273285 
0.321727 
0.267078 
0.302518 
0.263125 
0.295722 
0.259672 
0.269033 
0.250523 
0.326845 
0.268472 
0.307493 
0.258166 
0.331379 
0.272070 
0.335838 
0.285136 
0.343982 
0.289413 
0.317656 
0.278291 
0.312417 
0.274503 
0.302776 
0.274800 
0.301321 
0.284605 
0.301301 
0.284790 
0.283944 
0.280290 
0.266302 
0.284471 
0.263645 
0.288582 
0.262429 
0.274348 
0.242177 
0.228586 
0.219522 
0.219001 
0.210966 
0.195888 
0.195967 
0.182912 
0.188838 
0.173063 
0.166157 
0.157900 
0.151434 
0.144524 
0.136357 
0.138730 
0.135903 
0.142397 
0.152521 
0.161983 
0.169416 
0.195149 
0.217606 
0.241626 
0.271547 
0.303672 
0.303826 
0.302984 
0.310920 
0.321720 
0.329005 
0.303782 
0.270827 
0.220081 
0.187573 
0.203042 
0.205773 
0.249534 
0.257534 
0.295306 
0.307317 
0.319598 
0.306556 
0.284589 
0.280564 
0.275228 
0.264435 
0.262200 
0.258679 
0.259882 
0.261874 
0.257309 
0.251238 
0.241789 
0.236500 
0.245065 
0.240866 
0.246667 
0.244516 
0.240867 
0.243657 
0.239973 
0.239953 
0.235503 
0.233715 
0.235268 
0.238398 
0.245002 
0.240445 
0.241913 
0.246722 
0.242266 
0.250085 
0.256629 
0.242860 
0.236134 
0.243267 
0.239086 
0.238057 
0.232591 
0.231562 
0.230944 
0.230710 
0.228868 
0.234899 
0.230509 
0.240109 
0.241876 
0.252544 
0.252015 
0.247135 
0.245370 
0.247936 
0.257144 
0.248398 
0.247404 
0.245220 
0.246512 
0.250556 
0.234411 
0.216313 
0.213549 
0.193698 
0.219884 
0.187717 
0.190289 
0.160173 
0.191313 
0.217547 
0.162340 
0.227232 
0.187104 
0.142846 
0.174145 
0.141001 
0.098415 
0.124498 
0.136560 
0.112287 
0.081011 
0.093705 
0.129935 
0.106791 
0.077928 
0.056724 
0.040964 
0.030012 
0.024289 
0.021329 
0.014118 
0.032404 
0.075522 
0.068581 
0.050823 
0.036814 
0.026686 
0.019335 
0.014027 
0.010168 
0.007372 
0.005344 
0.003875 
0.002809 
0.002036 
0.001476 
0.001070 
0.000776 
0.000562 
0.000411 
0.000289 
0.000241 
0.000326 
0.000254 
0.000177 
0.000225 
0.000216 
0.000147 
0.000113 
0.000081 
0.000059 
0.000043 
0.000031 
0.000022 
0.000016 
0.000012 
0.000009 
0.000006 
0.000004 
0.000003 
0.000002 
0.000002 
0.000001 
0.000001 
0.000001 
0.000000 
0.000000 
0.000000 
0.000000 
0.000000 
0.000000 
0.000000 
0.000000 
0.000000 
0.000000 
0.000000 
0.000000 
0.000000 
0.000000 
0.000000 
0.000000 
0.000000 
0.000000 
0.000000 
0.000000 
0.000000 
0.000000 
0.000000 
0.000000 
0.000000 
0.000000 
0.000000 
0.000000 
0.000000 
0.000000 
0.000000 
0.000000 
0.000000 
0.000000 
0.000000 
0.000000 
0.000000 
0.000000 
0.000000 
0.000000 
0.000000 
0.000000 
0.000000 
0.000000 
0.000000 
0.000000 
0.000000 
0.000000 
0.000000 
0.000000 
0.000000 
0.000000 
0.000000 
0.000000 
0.000000 
0.000000 
0.000000 
0.000000 
0.000000 
0.000000 
0.000000 
0.000000 
0.000000 
0.000000 
0.000000 
0.000000 
0.000000 
0.000000 
0.000000 
0.000000 
0.000000 
0.000000 
0.000000 
0.000000 
0.000000 
0.000000 
0.000000 
0.000000 
0.000000 
0.000000 
0.000000 
0.000000 
0.000000 
0.000000 
0.000000 
0.000000 
0.000000 
0.000000 
0.000000 
0.000000 
0.000000 
0.000000 
0.000000 
0.000000 
0.000000 
0.000000 
0.000000 
0.000000 
0.000000 
0.000000 
0.000000 
0.000000 
0.000000 
0.000000 
0.000000 
0.000000 
0.000000 
0.000000 
0.000000 
0.000000 
0.000000 
0.000000 
0.000000 
0.000000 
0.000000 
0.000000 
0.000000 
0.000000 
0.000000 
0.000000 
0.000000 
0.000000 
0.000000 
0.000000 
0.000000 
0.000000 
0.000000 
0.000000 
0.000000 
0.000000 
0.000000 
0.000000 
0.000000 
0.000000 
0.000000 
0.000000 
0.000000 
0.000000 
0.000000 
0.000000 
0.000000 
0.000000 
0.000000 
0.000000 
0.000000 
0.000000 
0.000000 
0.000000 
0.000000 
0.000000 
0.000000 
0.000000 
0.000000 
0.000000 
0.000000 
0.000000 
0.000000 
0.000000 
0.000000 
0.000000 
0.000000 
0.000000 
0.000000 
0.000000 
0.000000 
0.000000 
0.000000 
0.000000 
0.000000 
0.000000 
0.000000 
0.000000 
0.000000 
0.000000 
0.000000 
0.000000 
0.000000 
0.000000 
0.000000 
0.000000 
0.000000 
0.000000 
0.000000 
0.000000 
0.000000 
0.000000 
0.000000 
0.000000 
0.000000 
0.000000 
0.000000 
0.000000 
0.000000 
0.000000 
0.000000 
0.000000 
0.000000 
0.000000 
0.000000 
0.000000 
0.000000 
0.000000 
0.000000 
0.000000 
0.000000 
0.000000 
0.000000 
0.000000 
0.000000 
0.000000 
0.000000 
0.000000 
0.000000 
0.000000 
0.000000 
0.000000 
0.000000 
0.000000 
0.000000 
0.000000 
0.000000 
0.000000 
0.000000 
0.000000 
0.000000 
0.000000 
0.000000 
0.000000 
0.000000 
0.000000 
0.000000 
0.000000 
0.000000 
0.000000 
0.000000 
0.000000 
0.000000 
0.000000 
0.000000 
0.000000 
0.000000 
0.000000 
0.000000 
0.000000 
0.000000 
0.000000 
0.000000 
0.000000 
0.000000 
0.000000 
0.000000 
0.000000 
0.000000 
0.000000 
0.000000 
0.000000 
0.000000 
0.000000 
0.000000 
0.000000 
0.000000 
0.000000 
0.000000 
0.000000 
0.000000 
0.000000 
0.000000 
0.000000 
0.000000 
0.000000 
0.000000 
0.000000 
0.000000 
0.000000 
0.000000 
0.000000 
0.000000 
0.000000 
0.000000 
0.000000 
0.000000 
0.000000 
0.000000 
0.000000 
0.000000 
0.000000 
0.000000 
0.000000 
0.000000 
0.000000 
0.000000 
0.000000 
0.000000 
0.000000 
0.000000 
0.000000 
0.000000 
0.000000 
0.000000 
0.000000 
0.000000 
0.000000 
0.000000 
0.000000 
0.000000 
0.000000 
0.000000 
0.000000 
0.000000 
0.000000 
0.000000 
0.000000 
0.000000 
0.000000 
0.000000 
0.000000 
0.000000 
0.000000 
0.000000 
0.000000 
0.000000 
0.000000 
0.000000 
0.000000 
0.000000 
0.000000 
0.000000 
0.000000 
0.000000 
0.000000 
0.000000 
0.000000 
0.000000 
0.000000 
0.000000 
0.000000 
0.000000 
0.000000 
0.000000 
0.000000 
0.000000 
0.000000 
0.000000 
0.000000 
0.000000 
0.000000 
0.000000 
0.000000 
0.000000 
0.000000 
0.000000 
0.000000 
0.000000 
0.000000 
0.000000 
0.000000 
0.000000 
0.000000 
0.000000 
0.000000 
0.000000 
0.000000 
0.000000 
0.000000 
0.000000 
0.000000 
0.000000 
0.000000 
0.000000 
0.000000 
0.000000 
0.000000 
0.000000 
0.000000 
0.000000 
0.000000 
0.000000 
0.000000 
0.000000 
0.000000 
0.000000 
0.000000 
0.000000 
0.000000 
0.000000 
0.000000 
0.000000 
0.000000 
0.000000 
0.000000 
0.000000 
0.000000 
0.000000 
0.000000 
0.000000 
0.000000 
0.000000 
0.000000 
0.000000 
0.000000 
0.000000 
0.000000 
0.000000 
0.000000 
0.000000 
0.000000 
0.000000 
-0.000000 
0.000000 
0.000000 
-0.000000 
-0.000000 
0.000001 
0.000007 
0.000098 
0.000159 
0.000556 
0.001245 
0.001574 
0.001987 
0.003019 
0.004093 
0.004544 
0.003175 
0.003802 
0.005161 
0.011151 
0.012387 
0.022959 
0.040439 
0.075272 
0.093208 
0.071470 
0.049142 
0.110920 
0.088676 
0.137738 
0.337273 
0.231738 
0.294260 
0.322210 
0.234387 
0.272313 
0.238586 
0.334347 
0.310862 
0.353335 
0.310464 
0.320863 
0.318773 
0.268372 
0.347163 
0.247301 
0.354092 
0.290366 
0.327199 
0.331838 
0.283998 
0.347472 
0.267504 
0.337006 
0.281040 
0.327244 
0.343535 
0.287470 
0.368516 
0.296274 
0.342069 
0.347096 
0.288759 
0.361676 
0.296858 
0.328794 
0.342779 
0.282977 
0.364484 
0.315382 
0.312382 
0.352870 
0.266612 
0.259653 
0.293046 
0.271534 
0.274561 
0.335256 
0.317407 
0.296203 
0.313249 
0.305767 
0.308417 
0.344076 
0.340349 
0.345302 
0.321926 
0.345685 
0.339377 
0.363531 
0.316102 
0.324971 
0.341091 
0.343825 
0.323565 
0.318935 
0.340668 
0.321886 
0.304508 
0.321622 
0.341431 
0.330933 
0.293603 
0.299651 
0.313646 
0.298957 
0.257091 
0.270080 
0.274582 
0.244426 
0.175555 
0.152831 
0.181519 
0.173215 
0.142128 
0.097430 
0.101625 
0.162015 
0.187089 
0.176491 
0.162177 
0.138111 
0.154041 
0.176044 
0.162822 
0.127152 
0.140691 
0.111128 
0.099375 
0.090039 
0.081170 
0.058763 
0.042655 
0.030790 
0.022775 
0.016115 
0.021008 
0.040215 
0.032312 
0.022683 
0.016779 
0.012037 
0.008758 
0.006350 
0.004588 
0.003360 
0.002959 
0.003266 
0.008647 
0.007315 
0.005304 
0.004088 
0.002899 
0.002190 
0.001944 
0.002013 
0.002027 
0.002193 
0.002692 
0.002602 
0.003712 
0.004828 
0.004301 
0.003587 
0.003506 
0.002509 
0.002230 
0.002891 
0.003040 
0.003398 
0.002500 
0.001755 
0.001678 
0.001594 
0.001128 
0.000831 
0.000599 
0.000435 
0.000319 
0.000232 
0.000167 
0.000124 
0.000084 
0.000094 
0.000164 
0.000150 
0.000114 
0.000081 
0.000059 
0.000043 
0.000031 
0.000023 
0.000016 
0.000012 
0.000009 
0.000006 
0.000005 
0.000003 
0.000002 
0.000002 
0.000001 
0.000001 
0.000001 
0.000000 
0.000000 
0.000000 
0.000000 
0.000000 
0.000000 
0.000000 
0.000000 
0.000000 
0.000000 
-0.000000 
0.000000 
-0.000001 
0.000003 
-0.000008 
0.000053 
0.000280 
0.000311 
0.000260 
0.000187 
0.000140 
0.000121 
0.000153 
0.000417 
0.001264 
0.001526 
0.001411 
0.001241 
0.000901 
0.000846 
0.000937 
0.001041 
0.001352 
0.001435 
0.001286 
0.001182 
0.001605 
0.001531 
0.001190 
0.001032 
0.000748 
0.000574 
0.000343 
0.001022 
0.007064 
0.014943 
0.020807 
0.021167 
0.015799 
0.010580 
0.010784 
0.000678 
0.069656 
0.153971 
0.117775 
0.270041 
0.307989 
0.198651 
0.315717 
0.341339 
0.221769 
0.303275 
0.325765 
0.208186 
0.266717 
0.342247 
0.230229 
0.257125 
0.319841 
0.231214 
0.232179 
0.261623 
0.205731 
0.219315 
0.248533 
0.210269 
0.216966 
0.235545 
0.219186 
0.213890 
0.256208 
0.259469 
0.220238 
0.232576 
0.249119 
0.206524 
0.232745 
0.259903 
0.221707 
0.246043 
0.273896 
0.239537 
0.249280 
0.259679 
0.225506 
0.242737 
0.280101 
0.241737 
0.243242 
0.254284 
0.226366 
0.227377 
0.245261 
0.221814 
0.224045 
0.248032 
0.232877 
0.224619 
0.235893 
0.229496 
0.218179 
0.235408 
0.228749 
0.206690 
0.220046 
0.229896 
0.209607 
0.216340 
0.210427 
0.188447 
0.219841 
0.204091 
0.212303 
0.244063 
0.188225 
0.201514 
0.218818 
0.177116 
0.217706 
0.224724 
0.186775 
0.239509 
0.227549 
0.192535 
0.243370 
0.207614 
0.212344 
0.247911 
0.202475 
0.215501 
0.211823 
0.154604 
0.167522 
0.139905 
0.113598 
0.161330 
0.119323 
0.106895 
0.131959 
0.086236 
0.099467 
0.147969 
0.089916 
0.154668 
0.176733 
0.119133 
0.200996 
0.157832 
0.152431 
0.198515 
0.128251 
0.196491 
0.176375 
0.152035 
0.236924 
0.158083 
0.213157 
0.211945 
0.172866 
0.256442 
0.175223 
0.235726 
0.222765 
0.186820 
0.250128 
0.173686 
0.209270 
0.179565 
0.139865 
0.145921 
0.100235 
0.104294 
0.087689 
0.068132 
0.078967 
0.055442 
0.055095 
0.055728 
0.041942 
0.042728 
0.037984 
0.040547 
0.037318 
0.042618 
0.039139 
0.038518 
0.042062 
0.043114 
0.042715 
0.041662 
0.042379 
0.043505 
0.043702 
0.043052 
0.039111 
0.033410 
0.028352 
0.023777 
0.020195 
0.016227 
0.011376 
0.008352 
0.006124 
0.005066 
0.004279 
0.004218 
0.002968 
0.002385 
0.002028 
0.002975 
0.004245 
0.002974 
0.003298 
0.003821 
0.003513 
0.002500 
0.001847 
0.001359 
0.001023 
0.000881 
0.000741 
0.000644 
0.000455 
0.000333 
0.000247 
0.000192 
0.001525 
0.003585 
0.004940 
0.004406 
0.003107 
0.002285 
0.001646 
0.001198 
0.000857 
0.000656 
0.000404 
0.000770 
0.002173 
0.001713 
0.002221 
0.015158 
0.050264 
0.072402 
0.057544 
0.037106 
0.121135 
0.187175 
0.268362 
0.264181 
0.300449 
0.287737 
0.305686 
0.291718 
0.305382 
0.298393 
0.298367 
0.305019 
0.288079 
0.311619 
0.285969 
0.301963 
0.272756 
0.295009 
0.268068 
0.281517 
0.267235 
0.281627 
0.269310 
0.271113 
0.282929 
0.302584 
0.329320 
0.324325 
0.359141 
0.350671 
0.359716 
0.330632 
0.354375 
0.310173 
0.339588 
0.316674 
0.298012 
0.289709 
0.295862 
0.297560 
0.290988 
0.332676 
0.303281 
0.321089 
0.295773 
0.331795 
0.298580 
0.306217 
0.276417 
0.301169 
0.296968 
0.296881 
0.306041 
0.272980 
0.293008 
0.285085 
0.280694 
0.277710 
0.308564 
0.278094 
0.289630 
0.293260 
0.293198 
0.305264 
0.282891 
0.294066 
0.267110 
0.281223 
0.264244 
0.297133 
0.275916 
0.266011 
0.241581 
0.278169 
0.243063 
0.277450 
0.279758 
0.276358 
0.258932 
0.284302 
0.269822 
0.284303 
0.273637 
0.281754 
0.268028 
0.286033 
0.277291 
0.280879 
0.260339 
0.278718 
0.270775 
0.279379 
0.269058 
0.268786 
0.248837 
0.278381 
0.287214 
0.284685 
0.257476 
0.285696 
0.293918 
0.282538 
0.275347 
0.285640 
0.279722 
0.280894 
0.277345 
0.283360 
0.292722 
0.289517 
0.293469 
0.291733 
0.287406 
0.287944 
0.301886 
0.284603 
0.299536 
0.295661 
0.315244 
0.299616 
0.310095 
0.296916 
0.302916 
0.293469 
0.313303 
0.304081 
0.305086 
0.296141 
0.302394 
0.307925 
0.314636 
0.307527 
0.303891 
0.279067 
0.272206 
0.249310 
0.214352 
0.182218 
0.142177 
0.109599 
0.084989 
0.076266 
0.063542 
0.062858 
0.055228 
0.065348 
0.066733 
0.050840 
0.042729 
0.030828 
0.031474 
0.029266 
0.021471 
0.019246 
0.016737 
0.012249 
0.013762 
0.011097 
0.012129 
0.010284 
0.011134 
0.010792 
0.013933 
0.019347 
0.012409 
0.010549 
0.013498 
0.012505 
0.014188 
0.014714 
0.013681 
0.014919 
0.015275 
0.014267 
0.011714 
0.011559 
0.011883 
0.010450 
0.009655 
0.007631 
0.007583 
0.008346 
0.006034 
0.004628 
0.004137 
0.003135 
0.002215 
0.002037 
0.001891 
0.001644 
0.001192 
0.001034 
0.001279 
0.000986 
0.000689 
0.000725 
0.000632 
0.000387 
0.000505 
0.000745 
0.000518 
0.000407 
0.000374 
0.000399 
0.000279 
0.000329 
0.000326 
0.000219 
0.000165 
0.000118 
0.000086 
0.000062 
0.000045 
0.000033 
0.000024 
0.000016 
0.000015 
0.000001 
0.000091 
0.000183 
0.000138 
0.000949 
0.001067 
0.000699 
0.000655 
0.001382 
0.006692 
0.008594 
0.007056 
0.012284 
0.012066 
0.026739 
0.031989 
0.036293 
0.028830 
0.041046 
0.037107 
0.077148 
0.079831 
0.079257 
0.130609 
0.083435 
0.155746 
0.161473 
0.126837 
0.237560 
0.167655 
0.199842 
0.295378 
0.184500 
0.262175 
0.291359 
0.189457 
0.296518 
0.265717 
0.190284 
0.294957 
0.232571 
0.190974 
0.300170 
0.218517 
0.195810 
0.304241 
0.217705 
0.203595 
0.327943 
0.232989 
0.237418 
0.297450 
0.198929 
0.216910 
0.305768 
0.203661 
0.236753 
0.319206 
0.206200 
0.240675 
0.319651 
0.206837 
0.239508 
0.313571 
0.201877 
0.238392 
0.323433 
0.212530 
0.229826 
0.326675 
0.227367 
0.210406 
0.312648 
0.232450 
0.192865 
0.297710 
0.249486 
0.180068 
0.257803 
0.242667 
0.157458 
0.208243 
0.237531 
0.157473 
0.144689 
0.208617 
0.166245 
0.108786 
0.171666 
0.195864 
0.132268 
0.112986 
0.201576 
0.175523 
0.109782 
0.133410 
0.195047 
0.147096 
0.099033 
0.149177 
0.190217 
0.128548 
0.087734 
0.154056 
0.173441 
0.142453 
0.106279 
0.163380 
0.166721 
0.130984 
0.092928 
0.158911 
0.171209 
0.122760 
0.083010 
0.142592 
0.168401 
0.115859 
0.076128 
0.118620 
0.169119 
0.116028 
0.077483 
0.093922 
0.190719 
0.141372 
0.099336 
0.080643 
0.179119 
0.156141 
0.109551 
0.071160 
0.147891 
0.171260 
0.115310 
0.076558 
0.101865 
0.189060 
0.133391 
0.099088 
0.067451 
0.155902 
0.156770 
0.107266 
0.069919 
0.099741 
0.175054 
0.120313 
0.093875 
0.060448 
0.141893 
0.153652 
0.103914 
0.077720 
0.074993 
0.168054 
0.131774 
0.098879 
0.062909 
0.101545 
0.163243 
0.109205 
0.088246 
0.053977 
0.123720 
0.148010 
0.097073 
0.074216 
0.057674 
0.148592 
0.131683 
0.093065 
0.064601 
0.072311 
0.162774 
0.132364 
0.134335 
0.098455 
0.118423 
0.117002 
0.129721 
0.200009 
0.173947 
0.189822 
0.162128 
0.157396 
0.161937 
0.193438 
0.195572 
0.135737 
0.135904 
0.149990 
0.171476 
0.181074 
0.134678 
0.134602 
0.174231 
0.179215 
0.174246 
0.135603 
0.125307 
0.172190 
0.174885 
0.177749 
0.151674 
0.139336 
0.162062 
0.160597 
0.170745 
0.157588 
0.132156 
0.149775 
0.164466 
0.165306 
0.142377 
0.141795 
0.168490 
0.155596 
0.139848 
0.107642 
0.131450 
0.171848 
0.149565 
0.137501 
0.097433 
0.160033 
0.203982 
0.192181 
0.222846 
0.186074 
0.171577 
0.103146 
0.151661 
0.184627 
0.220859 
0.292341 
0.193858 
0.252924 
0.219819 
0.308637 
0.281069 
0.224067 
0.277545 
0.232599 
0.313431 
0.225771 
0.245880 
0.252349 
0.198444 
0.183046 
0.128573 
0.165204 
0.138906 
0.102786 
0.068506 
0.097362 
0.133281 
0.122937 
0.087625 
0.086214 
0.180032 
0.142061 
0.100132 
0.073046 
0.179870 
0.180386 
0.123619 
0.081123 
0.151448 
0.196584 
0.134615 
0.088403 
0.135491 
0.211460 
0.150303 
0.099857 
0.130293 
0.194140 
0.138510 
0.093616 
0.114633 
0.149997 
0.103171 
0.075901 
0.058557 
0.049110 
0.034936 
0.025547 
0.018467 
0.013394 
0.009712 
0.007041 
0.005104 
0.003700 
0.002683 
0.001945 
0.001410 
0.001022 
0.000741 
0.000537 
0.000390 
0.000282 
0.000205 
0.000148 
0.000108 
0.000078 
0.000057 
0.000041 
0.000030 
0.000022 
0.000016 
0.000011 
0.000008 
0.000006 
0.000004 
0.000005 
-0.000003 
0.000037 
0.000088 
0.000061 
0.000045 
0.000032 
0.000024 
0.000017 
0.000013 
0.000004 
0.000023 
-0.000041 
0.000282 
0.000587 
0.000363 
0.000472 
-0.000615 
0.003037 
-0.005004 
0.055183 
0.116489 
0.074957 
0.094612 
0.118347 
0.115855 
0.116292 
0.079850 
0.066311 
0.091648 
0.086308 
0.084201 
0.100618 
0.082262 
0.058617 
0.043314 
0.053199 
0.063937 
0.040650 
0.097332 
0.132355 
0.085988 
0.090627 
0.169739 
0.155427 
0.101439 
0.123775 
0.188234 
0.161721 
0.107063 
0.156025 
0.248531 
0.214850 
0.142737 
0.195917 
0.284786 
0.239873 
0.160429 
0.240329 
0.324828 
0.257992 
0.172433 
0.262750 
0.368221 
0.282371 
0.194523 
0.296409 
0.354055 
0.262962 
0.175449 
0.319955 
0.393783 
0.270791 
0.196131 
0.349767 
0.376749 
0.251307 
0.199075 
0.392192 
0.388653 
0.255948 
0.221690 
0.396404 
0.356380 
0.227232 
0.257134 
0.429474 
0.352721 
0.230696 
0.302883 
0.432367 
0.327075 
0.223681 
0.295998 
0.362056 
0.262978 
0.181874 
0.243906 
0.308485 
0.226718 
0.157579 
0.183344 
0.260481 
0.216648 
0.147801 
0.135536 
0.197734 
0.166041 
0.117086 
0.086127 
0.066924 
0.050421 
0.036082 
0.026334 
0.019036 
0.013813 
0.010013 
0.007259 
0.005263 
0.003815 
0.002766 
0.002005 
0.001454 
0.001054 
0.000764 
0.000554 
0.000402 
0.000291 
0.000211 
0.000153 
0.000111 
0.000080 
0.000058 
0.000042 
0.000031 
0.000022 
0.000016 
0.000012 
0.000008 
0.000006 
0.000004 
0.000003 
0.000002 
0.000002 
0.000001 
0.000001 
0.000001 
0.000000 
0.000000 
0.000000 
0.000000 
0.000000 
0.000000 
0.000000 
0.000000 
0.000000 
0.000000 
0.000000 
0.000000 
-0.000000 
0.000001 
-0.000003 
0.000059 
0.000088 
0.000058 
0.000044 
0.000031 
0.000023 
0.000017 
0.000012 
0.000009 
0.000006 
0.000005 
0.000003 
-0.000004 
0.000071 
-0.000132 
-0.000042 
0.002176 
0.004894 
0.125321 
0.199031 
0.154056 
0.223576 
0.169877 
0.257441 
0.310464 
0.232320 
0.226389 
0.272463 
0.224309 
0.223901 
0.276350 
0.279328 
0.253190 
0.303149 
0.321282 
0.286889 
0.300667 
0.322141 
0.317752 
0.325740 
0.280388 
0.263475 
0.294299 
0.321808 
0.274237 
0.285830 
0.344252 
0.351989 
0.307949 
0.303562 
0.321400 
0.320079 
0.305154 
0.304352 
0.326030 
0.302276 
0.300124 
0.308262 
0.338827 
0.316196 
0.303676 
0.316211 
0.343553 
0.332595 
0.295555 
0.301239 
0.337035 
0.319464 
0.323667 
0.327889 
0.374786 
0.339544 
0.303017 
0.309484 
0.369592 
0.348626 
0.322015 
0.331949 
0.377840 
0.328817 
0.304848 
0.312947 
0.358995 
0.304967 
0.307100 
0.313281 
0.323064 
0.296570 
0.308086 
0.322292 
0.346116 
0.314532 
0.318725 
0.320606 
0.325678 
0.312328 
0.297033 
0.300652 
0.310884 
0.331811 
0.307330 
0.317730 
0.320285 
0.332026 
0.282532 
0.286047 
0.321276 
0.323911 
0.274403 
0.278016 
0.338616 
0.315170 
0.293818 
0.315198 
0.327512 
0.288096 
0.310559 
0.337460 
0.285039 
0.253097 
0.308930 
0.303811 
0.249197 
0.286701 
0.274977 
0.221314 
0.252663 
0.284140 
0.219083 
0.220136 
0.293193 
0.240602 
0.203926 
0.307065 
0.264337 
0.204020 
0.275039 
0.240525 
0.232567 
0.313670 
0.281985 
0.319945 
0.314647 
0.294044 
0.336748 
0.255234 
0.243650 
0.227795 
0.204181 
0.204791 
0.241375 
0.264544 
0.255362 
0.281202 
0.265242 
0.281328 
0.280408 
0.304273 
0.289889 
0.300703 
0.293033 
0.312507 
0.312340 
0.326944 
0.304479 
0.278128 
0.203982 
0.151532 
0.175386 
0.239585 
0.262581 
0.220115 
0.181459 
0.209831 
0.265618 
0.228077 
0.187517 
0.242939 
0.237148 
0.184423 
0.217250 
0.231578 
0.215285 
0.227266 
0.222827 
0.219873 
0.218069 
0.198743 
0.176271 
0.154885 
0.151403 
0.120288 
0.099583 
0.072051 
0.052919 
0.039366 
0.031584 
0.027792 
0.030345 
0.025535 
0.023565 
0.022510 
0.021372 
0.022567 
0.021461 
0.023832 
0.022485 
0.023414 
0.019983 
0.015160 
0.014448 
0.017754 
0.010973 
0.017129 
0.018275 
0.012368 
0.018212 
0.014236 
0.014248 
0.020739 
0.014997 
0.022404 
0.023619 
0.016088 
0.021624 
0.016492 
0.014512 
0.017959 
0.013985 
0.010073 
0.009600 
0.007997 
0.008614 
0.008655 
0.007086 
0.007992 
0.010511 
0.017011 
0.016474 
0.012984 
0.015252 
0.017673 
0.022147 
0.028064 
0.026003 
0.029720 
0.041948 
0.044827 
0.062980 
0.078240 
0.097075 
0.119083 
0.138553 
0.170435 
0.208468 
0.235268 
0.243689 
0.262606 
0.285092 
0.312950 
0.337640 
0.345638 
0.333454 
0.334162 
0.354942 
0.370465 
0.368929 
0.370229 
0.373857 
0.375479 
0.376238 
0.375644 
0.380165 
0.382697 
0.388519 
0.384921 
0.373322 
0.373767 
0.372077 
0.375698 
0.379877 
0.374462 
0.375577 
0.378204 
0.380229 
0.373317 
0.369689 
0.382462 
0.375441 
0.367970 
0.372521 
0.376542 
0.371523 
0.362904 
0.360649 
0.365321 
0.355688 
0.349279 
0.354707 
0.355858 
0.351145 
0.344015 
0.346350 
0.346702 
0.340476 
0.339317 
0.346569 
0.347440 
0.345544 
0.348148 
0.346171 
0.343148 
0.344141 
0.344265 
0.341857 
0.341061 
0.339697 
0.335870 
0.332176 
0.331295 
0.333360 
0.333307 
0.321984 
0.310082 
0.309424 
0.305437 
0.306719 
0.305336 
0.294187 
0.289327 
0.291170 
0.289827 
0.277430 
0.275645 
0.274436 
0.264030 
0.261770 
0.269279 
0.263691 
0.260883 
0.265244 
0.267483 
0.263276 
0.267046 
0.266312 
0.267288 
0.272837 
0.270814 
0.276793 
0.276140 
0.273715 
0.271465 
0.267552 
0.268122 
0.257485 
0.249306 
0.248999 
0.234337 
0.230373 
0.218849 
0.206145 
0.207426 
0.194027 
0.184996 
0.174551 
0.155248 
0.135351 
0.119586 
0.107107 
0.096996 
0.088031 
0.083594 
0.079927 
0.075087 
0.073333 
0.070983 
0.064458 
0.056159 
0.049180 
0.043717 
0.038918 
0.032356 
0.024003 
0.017156 
0.014747 
0.019445 
0.020339 
0.018133 
0.015298 
0.011062 
0.007996 
0.007166 
0.007832 
0.006957 
0.004872 
0.003879 
0.002779 
0.002183 
0.002258 
0.002488 
0.002556 
0.002306 
0.001785 
0.001278 
0.000933 
0.000674 
0.000490 
0.000365 
0.000277 
0.000200 
0.000148 
0.000108 
0.000077 
0.000059 
0.000033 
0.000113 
0.000159 
0.000273 
0.000538 
0.000525 
0.000399 
0.000285 
0.000207 
0.000153 
0.000132 
0.000090 
0.000092 
0.000058 
0.000153 
0.000536 
0.000855 
0.000960 
0.000738 
0.000527 
0.000386 
0.000278 
0.000203 
0.000149 
0.000089 
0.000138 
0.000757 
0.003905 
0.013692 
0.012765 
0.052629 
0.095782 
0.068052 
0.061913 
0.072646 
0.056381 
0.043927 
0.042340 
0.058756 
0.146562 
0.217863 
0.257695 
0.276679 
0.298385 
0.306826 
0.285841 
0.289218 
0.296100 
0.303462 
0.295654 
0.295681 
0.302506 
0.314788 
0.342020 
0.340581 
0.326250 
0.313275 
0.325345 
0.325083 
0.330563 
0.341041 
0.321536 
0.284489 
0.249622 
0.229113 
0.198520 
0.194005 
0.213587 
0.227599 
0.230155 
0.231773 
0.225483 
0.220591 
0.219141 
0.201085 
0.198831 
0.203919 
0.209808 
0.209973 
0.212877 
0.208717 
0.191840 
0.206456 
0.209427 
0.200647 
0.195416 
0.186502 
0.190676 
0.192505 
0.204543 
0.214470 
0.211899 
0.214376 
0.221061 
0.208754 
0.212055 
0.203458 
0.200645 
0.211547 
0.220430 
0.212096 
0.217143 
0.210844 
0.204983 
0.209476 
0.197244 
0.176273 
0.154660 
0.125524 
0.094638 
0.075202 
0.060377 
0.064562 
0.056805 
0.059475 
0.050963 
0.049222 
0.045486 
0.045867 
0.040511 
0.041024 
0.045959 
0.051058 
0.046923 
0.059504 
0.072219 
0.075870 
0.090256 
0.095507 
0.135878 
0.125374 
0.181479 
0.165940 
0.209753 
0.199767 
0.212578 
0.204486 
0.229998 
0.210694 
0.231645 
0.216826 
0.247982 
0.213191 
0.250102 
0.198151 
0.230204 
0.183824 
0.232348 
0.188071 
0.185923 
0.160708 
0.173585 
0.193966 
0.165429 
0.240686 
0.171150 
0.234216 
0.203312 
0.192819 
0.226524 
0.167587 
0.250735 
0.190818 
0.208084 
0.210695 
0.165230 
0.234162 
0.170768 
0.199504 
0.198021 
0.166279 
0.219527 
0.159333 
0.196981 
0.192237 
0.160031 
0.216978 
0.164344 
0.189467 
0.184243 
0.153092 
0.201821 
0.149196 
0.157491 
0.161599 
0.117527 
0.116379 
0.097327 
0.064689 
0.069996 
0.080342 
0.045875 
0.091258 
0.130911 
0.079615 
0.094992 
0.136639 
0.093585 
0.074833 
0.094516 
0.073940 
0.052068 
0.038421 
0.027613 
0.020075 
0.014549 
0.010548 
0.007647 
0.005544 
0.004019 
0.002914 
0.002113 
0.001532 
0.001110 
0.000805 
0.000584 
0.000423 
0.000307 
0.000222 
0.000161 
0.000117 
0.000085 
0.000061 
0.000045 
0.000032 
0.000023 
0.000017 
0.000012 
0.000009 
0.000006 
0.000005 
0.000003 
0.000002 
0.000002 
0.000001 
0.000001 
0.000001 
0.000000 
0.000000 
-0.000000 
0.000001 
-0.000003 
0.000030 
0.000084 
0.000067 
0.000047 
0.000035 
0.000025 
0.000018 
0.000014 
0.000007 
0.000022 
-0.000046 
0.000148 
0.000088 
0.001330 
0.009700 
0.007326 
0.019138 
0.058748 
0.075573 
0.040751 
0.122546 
0.167315 
0.218476 
0.315652 
0.289484 
0.273912 
0.287255 
0.271478 
0.294244 
0.295595 
0.247059 
0.278083 
0.261231 
0.250160 
0.277573 
0.224860 
0.243456 
0.236610 
0.211379 
0.268853 
0.229537 
0.238454 
0.285344 
0.255514 
0.305471 
0.315567 
0.282196 
0.319987 
0.298362 
0.303936 
0.336195 
0.305223 
0.323981 
0.324573 
0.295951 
0.332183 
0.314094 
0.318164 
0.339912 
0.292262 
0.305203 
0.316494 
0.287348 
0.323770 
0.307885 
0.311893 
0.323719 
0.282556 
0.296805 
0.302669 
0.275298 
0.314035 
0.293766 
0.290676 
0.299148 
0.269135 
0.301385 
0.269654 
0.279112 
0.300733 
0.278647 
0.306180 
0.275477 
0.307247 
0.308506 
0.292915 
0.316517 
0.305202 
0.337009 
0.310439 
0.330626 
0.318661 
0.314879 
0.325364 
0.318817 
0.343452 
0.327506 
0.342470 
0.331129 
0.327071 
0.320118 
0.329858 
0.318856 
0.302149 
0.275186 
0.263082 
0.214693 
0.162738 
0.137288 
0.122283 
0.121699 
0.092938 
0.101360 
0.085871 
0.095271 
0.089550 
0.081969 
0.077615 
0.071737 
0.074865 
0.054609 
0.054503 
0.041448 
0.052970 
0.049690 
0.050005 
0.065620 
0.056084 
0.070331 
0.059174 
0.080909 
0.066014 
0.091018 
0.072947 
0.094202 
0.080171 
0.099044 
0.087462 
0.103963 
0.095960 
0.109495 
0.110821 
0.110409 
0.116343 
0.107737 
0.122451 
0.105745 
0.125346 
0.103045 
0.119537 
0.093422 
0.106235 
0.082416 
0.081223 
0.061569 
0.055666 
0.060959 
0.045366 
0.036977 
0.036318 
0.039927 
0.027948 
0.022156 
0.030850 
0.031512 
0.037179 
0.035949 
0.035549 
0.034693 
0.031372 
0.026185 
0.025412 
0.022982 
0.018210 
0.014061 
0.010355 
0.010618 
0.008557 
0.006234 
0.004605 
0.003328 
0.002365 
0.001918 
0.001877 
0.001659 
0.001618 
0.001124 
0.000823 
0.000620 
0.000660 
0.000512 
0.000338 
0.000440 
0.000454 
0.000302 
0.000226 
0.000171 
0.000094 
0.000209 
0.000323 
0.000682 
0.000774 
0.000504 
0.000386 
0.000274 
0.000200 
0.000145 
0.000105 
0.000076 
0.000055 
0.000040 
0.000029 
0.000021 
0.000015 
0.000011 
0.000008 
0.000006 
0.000004 
0.000003 
0.000002 
0.000004 
0.000001 
-0.000025 
0.000178 
-0.000092 
0.007106 
0.016235 
0.050069 
0.108749 
0.082719 
0.056244 
0.118370 
0.175617 
0.182678 
0.189919 
0.196914 
0.203163 
0.229892 
0.237152 
0.221563 
0.233626 
0.225232 
0.234300 
0.240926 
0.237240 
0.240982 
0.226844 
0.253357 
0.239255 
0.245263 
0.228363 
0.236976 
0.238325 
0.242873 
0.249296 
0.250520 
0.249135 
0.237138 
0.237781 
0.235659 
0.239917 
0.224725 
0.220249 
0.215743 
0.218698 
0.218685 
0.210836 
0.208887 
0.201562 
0.208010 
0.193178 
0.210926 
0.195097 
0.226196 
0.209278 
0.247357 
0.231197 
0.264841 
0.246995 
0.265065 
0.256556 
0.265423 
0.258317 
0.247574 
0.262533 
0.245383 
0.264786 
0.245555 
0.270929 
0.246848 
0.261597 
0.245322 
0.259051 
0.247595 
0.247326 
0.258655 
0.255422 
0.259330 
0.241718 
0.269767 
0.248321 
0.271921 
0.250785 
0.284228 
0.257933 
0.269931 
0.256032 
0.268617 
0.270716 
0.275922 
0.268387 
0.252223 
0.256958 
0.235822 
0.269164 
0.249246 
0.279631 
0.254780 
0.270359 
0.254979 
0.282129 
0.265888 
0.270256 
0.272035 
0.271336 
0.271619 
0.255415 
0.270581 
0.248713 
0.280445 
0.256945 
0.284437 
0.256229 
0.279116 
0.246903 
0.262654 
0.237714 
0.248347 
0.227769 
0.224684 
0.216397 
0.210956 
0.204852 
0.193994 
0.202473 
0.188444 
0.196243 
0.190220 
0.186835 
0.177793 
0.172692 
0.162562 
0.167403 
0.153124 
0.157746 
0.146896 
0.163119 
0.154677 
0.163489 
0.150732 
0.161367 
0.153857 
0.146805 
0.138309 
0.145601 
0.135562 
0.138188 
0.125385 
0.134552 
0.105882 
0.111098 
0.085847 
0.076600 
0.063809 
0.044630 
0.038640 
0.028086 
0.027526 
0.021936 
0.020834 
0.018516 
0.024576 
0.026347 
0.026504 
0.034652 
0.024512 
0.025099 
0.021753 
0.025165 
0.022598 
0.026265 
0.021693 
0.020181 
0.019196 
0.018928 
0.022252 
0.023461 
0.025487 
0.024235 
0.023723 
0.021643 
0.021740 
0.025143 
0.023894 
0.022874 
0.021662 
0.022019 
0.022236 
0.022818 
0.019868 
0.018198 
0.018851 
0.018141 
0.018580 
0.019577 
0.019768 
0.019478 
0.019428 
0.023266 
0.028644 
0.033528 
0.028754 
0.050260 
0.096118 
0.075410 
0.108437 
0.133155 
0.200675 
0.206653 
0.252627 
0.239562 
0.258371 
0.265985 
0.264935 
0.275071 
0.269651 
0.265363 
0.258374 
0.250504 
0.260199 
0.233442 
0.235709 
0.218412 
0.213695 
0.217694 
0.212879 
0.218578 
0.219193 
0.216803 
0.229028 
0.235028 
0.209267 
0.212237 
0.216031 
0.200212 
0.206643 
0.227107 
0.235364 
0.244661 
0.237370 
0.237424 
0.215763 
0.215987 
0.214321 
0.213932 
0.222696 
0.226557 
0.221404 
0.217360 
0.220280 
0.209122 
0.198301 
0.220054 
0.210872 
0.200533 
0.217895 
0.227741 
0.236378 
0.235486 
0.249962 
0.246775 
0.230883 
0.235619 
0.239002 
0.238087 
0.241243 
0.241462 
0.233002 
0.222542 
0.221007 
0.222888 
0.219862 
0.223935 
0.223605 
0.213000 
0.224489 
0.225808 
0.225740 
0.219159 
0.206525 
0.214278 
0.209286 
0.202935 
0.203363 
0.199772 
0.195725 
0.198175 
0.208887 
0.214790 
0.213927 
0.208502 
0.212274 
0.213933 
0.225719 
0.245082 
0.255092 
0.272079 
0.291472 
0.322004 
0.326686 
0.300531 
0.280526 
0.267159 
0.265877 
0.253467 
0.251309 
0.254596 
0.251001 
0.239036 
0.242259 
0.245971 
0.240799 
0.234154 
0.228807 
0.233046 
0.241217 
0.242954 
0.243806 
0.246097 
0.247136 
0.248032 
0.255610 
0.252071 
0.250326 
0.252867 
0.255194 
0.252868 
0.247324 
0.241554 
0.230400 
0.222284 
0.219309 
0.209969 
0.197162 
0.198972 
0.205554 
0.206509 
0.203660 
0.197974 
0.196789 
0.201917 
0.207599 
0.207687 
0.202634 
0.206275 
0.211380 
0.201994 
0.193570 
0.198975 
0.191548 
0.184154 
0.183220 
0.179918 
0.173365 
0.168621 
0.150346 
0.134974 
0.114198 
0.102736 
0.087952 
0.080962 
0.068269 
0.055756 
0.048198 
0.038819 
0.034326 
0.029376 
0.023776 
0.029560 
0.031028 
0.026693 
0.027584 
0.030505 
0.034688 
0.026676 
0.024319 
0.022578 
0.022014 
0.017852 
0.019166 
0.017962 
0.014256 
0.016219 
0.013615 
0.013678 
0.013700 
0.017030 
0.015233 
0.015054 
0.015696 
0.017825 
0.016047 
0.016275 
0.016545 
0.013817 
0.013213 
0.017273 
0.018121 
0.016478 
0.013749 
0.017197 
0.015714 
0.013352 
0.017117 
0.015422 
0.016157 
0.021895 
0.020800 
0.020171 
0.022457 
0.019692 
0.018241 
0.016846 
0.018108 
0.015963 
0.018621 
0.019650 
0.018453 
0.019622 
0.025146 
0.021628 
0.020267 
0.024046 
0.019963 
0.016214 
0.022672 
0.022125 
0.020279 
0.020108 
0.018398 
0.022728 
0.022172 
0.018954 
0.017724 
0.019831 
0.021924 
0.020663 
0.021633 
0.027388 
0.028566 
0.025978 
0.031424 
0.028118 
0.027712 
0.027317 
0.024269 
0.020707 
0.021801 
0.026202 
0.021767 
0.019802 
0.016706 
0.019383 
0.018961 
0.018394 
0.015521 
0.014101 
0.015651 
0.015870 
0.016144 
0.019682 
0.018568 
0.019921 
0.022381 
0.022072 
0.017501 
0.014833 
0.012453 
0.012937 
0.013398 
0.017302 
0.018806 
0.016859 
0.015708 
0.013568 
0.013602 
0.015631 
0.016486 
0.015184 
0.015596 
0.015761 
0.017730 
0.015363 
0.013254 
0.015048 
0.015191 
0.012331 
0.009784 
0.008660 
0.009000 
0.010683 
0.010707 
0.009464 
0.008141 
0.008805 
0.008103 
0.007172 
0.007689 
0.008950 
0.009344 
0.009422 
0.008757 
0.008736 
0.008599 
0.008550 
0.006876 
0.008063 
0.007411 
0.006210 
0.006134 
0.006171 
0.005879 
0.005665 
0.006187 
0.005481 
0.004629 
0.004214 
0.003373 
0.003104 
0.003601 
0.003958 
0.003750 
0.003102 
0.002664 
0.002214 
0.001800 
0.001870 
0.001889 
0.001744 
0.001318 
0.000961 
0.000709 
0.000720 
0.000646 
0.000502 
0.000390 
0.000280 
0.000203 
0.000149 
0.000103 
0.000102 
0.000102 
0.000073 
0.000062 
0.000045 
0.000031 
0.000028 
0.000040 
0.000023 
0.000050 
0.000061 
0.000039 
0.000031 
0.000021 
0.000019 
0.000028 
0.000020 
0.000015 
0.000011 
0.000008 
0.000006 
0.000004 
0.000003 
0.000002 
0.000002 
0.000001 
0.000001 
0.000001 
0.000000 
0.000000 
0.000000 
0.000000 
0.000000 
0.000000 
0.000000 
0.000000 
0.000000 
0.000000 
0.000000 
0.000000 
0.000000 
0.000000 
0.000000 
0.000000 
0.000000 
0.000000 
0.000000 
0.000000 
0.000000 
0.000000 
0.000000 
0.000000 
0.000000 
0.000000 
0.000000 
0.000000 
0.000000 
0.000000 
0.000000 
0.000000 
0.000000 
0.000000 
0.000000 
0.000000 
0.000000 
0.000000 
0.000000 
0.000000 
0.000000 
0.000000 
0.000000 
0.000000 
0.000000 
0.000000 
0.000000 
0.000000 
0.000000 
0.000000 
0.000000 
0.000000 
0.000000 
0.000000 
0.000000 
0.000000 
0.000000 
0.000000 
0.000000 
0.000000 
0.000000 
0.000000 
0.000000 
0.000000 
0.000000 
0.000000 
0.000000 
0.000000 
0.000000 
0.000000 
0.000000 
0.000000 
0.000000 
0.000000 
0.000000 
0.000000 
0.000000 
0.000000 
0.000000 
0.000000 
0.000000 
0.000000 
0.000000 
0.000000 
0.000000 
0.000000 
0.000000 
0.000000 
0.000000 
0.000000 
0.000000 
0.000000 
0.000000 
0.000000 
0.000000 
0.000000 
0.000000 
0.000000 
0.000000 
0.000000 
0.000000 
0.000000 
0.000000 
0.000000 
0.000000 
0.000000 
0.000000 
