[ASCII 1000Hz, Channels: 1, Samples: 3552, Flags: 0]                          
0.000000 
0.000000 
0.000000 
0.000000 
0.000000 
0.000000 
0.000000 
0.000000 
0.000000 
0.000000 
0.000000 
0.000000 
0.000000 
0.000000 
0.000000 
0.000000 
0.000000 
0.000000 
0.000000 
0.000000 
0.000000 
0.000000 
0.000000 
0.000000 
0.000000 
0.000000 
0.000000 
0.000000 
0.000000 
0.000000 
0.000000 
0.000000 
0.000000 
0.000000 
0.000000 
0.000000 
0.000000 
0.000000 
0.000000 
0.000000 
0.000000 
0.000000 
0.000000 
0.000000 
0.000000 
0.000000 
0.000000 
-0.000000 
0.000000 
-0.000000 
0.000000 
0.000002 
-0.000003 
0.000167 
0.000387 
0.001216 
0.002211 
0.002984 
0.003955 
0.003308 
0.007831 
0.009001 
0.014830 
0.028363 
0.036553 
0.040533 
0.049957 
0.055672 
0.055989 
0.060643 
0.067209 
0.068747 
0.057724 
0.054385 
0.065772 
0.072221 
0.081718 
0.109625 
0.107187 
0.177084 
0.151694 
0.188670 
0.173591 
0.203470 
0.204443 
0.243704 
0.243390 
0.234103 
0.255335 
0.280993 
0.283759 
0.259378 
0.249935 
0.264363 
0.242605 
0.287593 
0.255365 
0.293190 
0.282366 
0.249923 
0.222356 
0.259089 
0.286336 
0.303598 
0.266536 
0.237465 
0.252433 
0.274667 
0.282762 
0.239157 
0.222034 
0.271609 
0.263235 
0.258734 
0.252602 
0.232715 
0.260766 
0.286547 
0.244048 
0.260550 
0.289447 
0.284735 
0.254656 
0.243276 
0.247313 
0.243119 
0.294262 
0.310463 
0.326488 
0.288581 
0.262185 
0.288919 
0.281231 
0.297186 
0.287192 
0.296785 
0.287853 
0.275018 
0.276028 
0.246143 
0.228305 
0.191341 
0.174569 
0.181471 
0.187248 
0.195842 
0.184549 
0.209969 
0.178818 
0.184180 
0.188756 
0.196195 
0.210019 
0.208981 
0.205970 
0.211523 
0.218449 
0.204881 
0.204733 
0.217113 
0.214030 
0.225477 
0.249691 
0.253238 
0.258410 
0.260394 
0.243686 
0.249596 
0.246203 
0.260209 
0.254447 
0.273317 
0.281777 
0.294487 
0.298071 
0.304778 
0.295249 
0.286980 
0.291491 
0.302147 
0.334868 
0.308046 
0.311157 
0.292021 
0.320411 
0.327184 
0.309041 
0.311264 
0.302667 
0.332699 
0.308506 
0.330333 
0.326503 
0.310662 
0.310388 
0.279197 
0.270746 
0.299635 
0.307611 
0.321702 
0.312008 
0.311404 
0.319367 
0.315655 
0.306049 
0.279363 
0.277339 
0.298258 
0.271859 
0.274191 
0.207993 
0.180916 
0.277303 
0.283323 
0.301382 
0.276597 
0.275843 
0.277655 
0.266100 
0.269506 
0.257024 
0.281924 
0.226059 
0.212008 
0.186436 
0.202924 
0.199901 
0.262687 
0.256051 
0.250695 
0.187906 
0.151776 
0.158823 
0.242943 
0.269992 
0.277623 
0.294933 
0.319489 
0.245250 
0.225945 
0.182122 
0.251520 
0.224371 
0.274847 
0.291507 
0.347766 
0.292358 
0.299826 
0.225170 
0.194980 
0.168299 
0.279861 
0.297904 
0.203647 
0.156202 
0.108501 
0.235777 
0.282459 
0.206757 
0.207430 
0.156248 
0.139303 
0.102258 
0.198648 
0.270746 
0.179101 
0.189862 
0.172110 
0.126745 
0.114513 
0.081506 
0.224067 
0.223676 
0.183035 
0.224941 
0.166353 
0.166420 
0.126412 
0.176010 
0.200266 
0.132355 
0.180193 
0.154920 
0.220818 
0.226993 
0.201125 
0.277370 
0.191558 
0.156897 
0.102169 
0.183649 
0.280395 
0.171346 
0.201037 
0.228618 
0.215580 
0.208855 
0.198517 
0.189100 
0.144587 
0.118584 
0.197181 
0.212179 
0.167916 
0.139477 
0.176440 
0.152101 
0.118756 
0.154310 
0.234603 
0.173122 
0.125892 
0.157076 
0.195360 
0.150340 
0.112668 
0.167152 
0.175377 
0.125767 
0.100636 
0.230865 
0.226740 
0.181005 
0.139116 
0.159603 
0.144920 
0.091914 
0.104835 
0.204410 
0.166138 
0.115354 
0.136576 
0.199716 
0.145004 
0.091569 
0.169266 
0.211080 
0.150331 
0.117096 
0.252171 
0.247964 
0.173950 
0.150091 
0.234845 
0.207029 
0.127865 
0.183032 
0.253082 
0.202726 
0.160328 
0.267450 
0.272197 
0.184841 
0.208316 
0.291461 
0.243942 
0.186962 
0.259623 
0.278832 
0.189076 
0.211300 
0.280361 
0.258327 
0.223084 
0.241627 
0.246740 
0.216014 
0.229530 
0.272152 
0.228587 
0.232027 
0.276139 
0.239958 
0.224101 
0.249905 
0.251465 
0.280866 
0.283826 
0.286554 
0.271605 
0.265499 
0.295532 
0.274878 
0.248896 
0.269108 
0.266759 
0.239342 
0.260162 
0.274987 
0.230094 
0.236571 
0.280103 
0.226576 
0.206071 
0.263047 
0.222198 
0.190744 
0.259481 
0.227409 
0.184784 
0.246290 
0.229830 
0.175948 
0.229148 
0.213977 
0.160746 
0.223073 
0.204712 
0.152701 
0.240290 
0.223678 
0.161777 
0.242100 
0.206509 
0.172650 
0.266924 
0.204959 
0.204373 
0.272412 
0.201297 
0.247333 
0.245958 
0.195921 
0.284798 
0.203571 
0.235003 
0.289747 
0.228203 
0.310182 
0.246255 
0.259091 
0.303601 
0.220810 
0.301019 
0.250472 
0.284450 
0.283937 
0.224858 
0.297128 
0.211526 
0.280003 
0.258404 
0.238864 
0.279617 
0.206125 
0.296297 
0.225551 
0.261143 
0.254970 
0.245350 
0.266322 
0.230612 
0.275977 
0.224192 
0.274770 
0.226447 
0.276994 
0.245078 
0.273802 
0.247051 
0.245477 
0.223465 
0.213523 
0.189386 
0.212591 
0.198119 
0.224849 
0.205621 
0.245584 
0.241922 
0.250837 
0.238887 
0.264130 
0.266092 
0.265589 
0.258659 
0.253356 
0.279092 
0.291936 
0.307558 
0.302223 
0.304735 
0.288738 
0.272048 
0.261381 
0.269373 
0.269309 
0.260593 
0.256305 
0.253679 
0.255633 
0.256878 
0.248604 
0.247020 
0.247656 
0.252790 
0.241708 
0.237699 
0.236089 
0.234612 
0.244999 
0.251390 
0.249551 
0.246809 
0.243901 
0.246657 
0.237186 
0.230231 
0.231162 
0.230608 
0.229942 
0.231257 
0.236781 
0.234442 
0.230797 
0.222637 
0.227154 
0.225549 
0.216044 
0.209694 
0.212063 
0.218767 
0.217020 
0.202763 
0.203238 
0.204358 
0.206173 
0.201643 
0.216803 
0.233444 
0.242243 
0.252972 
0.265719 
0.266069 
0.259722 
0.254156 
0.262508 
0.272933 
0.270511 
0.257341 
0.257308 
0.253950 
0.243700 
0.243198 
0.250471 
0.246200 
0.240361 
0.243351 
0.245589 
0.245556 
0.253170 
0.264954 
0.274243 
0.278099 
0.283537 
0.292676 
0.300484 
0.306408 
0.302102 
0.298730 
0.308687 
0.321534 
0.332665 
0.328005 
0.336789 
0.339853 
0.344412 
0.357807 
0.365655 
0.367536 
0.369196 
0.360592 
0.354235 
0.356205 
0.353039 
0.352853 
0.353413 
0.353258 
0.357272 
0.367748 
0.366801 
0.356829 
0.350532 
0.354208 
0.363127 
0.361978 
0.357612 
0.353364 
0.350038 
0.352800 
0.349678 
0.342582 
0.342144 
0.334104 
0.330866 
0.330965 
0.334683 
0.336937 
0.328488 
0.334425 
0.348119 
0.341282 
0.336851 
0.340176 
0.338896 
0.340174 
0.338581 
0.333727 
0.337343 
0.335412 
0.329225 
0.331310 
0.336998 
0.339129 
0.330094 
0.320317 
0.322597 
0.329756 
0.327436 
0.321929 
0.322747 
0.329495 
0.331987 
0.330770 
0.331255 
0.325184 
0.316548 
0.318606 
0.320062 
0.314768 
0.320415 
0.319835 
0.315782 
0.315013 
0.306557 
0.304533 
0.304535 
0.301630 
0.294088 
0.286020 
0.285121 
0.280696 
0.270859 
0.268808 
0.261331 
0.256535 
0.250031 
0.241468 
0.239610 
0.237210 
0.227210 
0.211067 
0.200597 
0.194522 
0.184076 
0.167264 
0.155559 
0.149178 
0.140237 
0.132513 
0.123439 
0.113350 
0.102206 
0.098965 
0.100413 
0.094285 
0.088512 
0.083943 
0.071290 
0.062469 
0.063932 
0.062646 
0.057945 
0.050862 
0.049343 
0.046264 
0.044061 
0.041957 
0.035919 
0.030852 
0.027803 
0.029778 
0.029258 
0.026022 
0.024242 
0.023785 
0.022761 
0.020113 
0.017745 
0.017230 
0.015936 
0.014608 
0.013259 
0.013091 
0.012101 
0.010574 
0.009470 
0.008176 
0.007590 
0.006549 
0.005723 
0.004850 
0.004239 
0.003328 
0.002885 
0.002403 
0.001686 
0.001614 
0.001482 
0.001085 
0.000766 
0.000826 
0.001331 
0.001710 
0.001506 
0.001045 
0.000928 
0.001031 
0.000969 
0.001153 
0.001780 
0.002047 
0.002046 
0.002485 
0.002684 
0.002903 
0.003420 
0.004088 
0.004772 
0.005345 
0.005897 
0.007958 
0.010420 
0.012918 
0.013408 
0.014361 
0.021282 
0.027230 
0.027101 
0.025855 
0.023857 
0.021494 
0.026127 
0.034185 
0.041280 
0.043554 
0.044808 
0.037189 
0.033626 
0.051617 
0.052911 
0.051310 
0.051190 
0.042056 
0.055262 
0.082802 
0.078720 
0.061331 
0.055510 
0.069322 
0.069180 
0.079906 
0.083006 
0.080594 
0.078958 
0.077368 
0.093846 
0.116516 
0.108788 
0.093196 
0.093935 
0.098734 
0.117688 
0.124668 
0.107472 
0.129016 
0.133548 
0.138254 
0.146330 
0.160613 
0.164722 
0.149440 
0.165223 
0.212190 
0.225200 
0.216071 
0.200790 
0.166777 
0.160185 
0.172138 
0.159900 
0.144250 
0.159846 
0.177573 
0.177079 
0.185693 
0.205587 
0.197422 
0.193731 
0.185029 
0.177312 
0.208049 
0.233401 
0.207477 
0.188602 
0.184540 
0.156840 
0.144174 
0.196659 
0.245344 
0.234596 
0.206007 
0.176891 
0.167334 
0.193315 
0.187969 
0.162765 
0.172477 
0.189058 
0.204350 
0.191310 
0.193722 
0.215713 
0.215927 
0.205835 
0.209247 
0.172587 
0.164186 
0.183303 
0.179320 
0.165417 
0.149797 
0.169238 
0.164831 
0.159781 
0.162223 
0.151337 
0.157354 
0.137932 
0.152641 
0.188435 
0.180530 
0.153329 
0.127230 
0.133471 
0.105970 
0.140002 
0.151373 
0.129522 
0.134995 
0.153856 
0.137860 
0.135750 
0.136860 
0.120193 
0.133177 
0.114606 
0.140766 
0.144104 
0.116780 
0.147891 
0.147129 
0.126371 
0.106762 
0.101981 
0.116677 
0.114735 
0.120604 
0.136207 
0.132787 
0.140870 
0.127785 
0.094306 
0.101983 
0.114080 
0.112991 
0.101180 
0.103290 
0.095422 
0.092738 
0.103295 
0.106138 
0.102387 
0.103738 
0.105102 
0.115833 
0.112418 
0.107071 
0.117609 
0.090755 
0.092718 
0.110996 
0.125230 
0.145752 
0.126303 
0.128832 
0.136044 
0.143137 
0.153048 
0.138876 
0.134698 
0.155038 
0.148996 
0.158001 
0.149957 
0.137961 
0.128239 
0.119534 
0.108534 
0.091672 
0.118063 
0.108139 
0.117637 
0.097086 
0.111493 
0.112203 
0.109618 
0.100939 
0.089385 
0.111122 
0.081866 
0.090890 
0.076952 
0.079559 
0.082239 
0.080750 
0.083220 
0.065907 
0.074395 
0.062463 
0.053778 
0.059365 
0.043302 
0.054088 
0.042468 
0.042350 
0.044012 
0.032074 
0.034608 
0.024277 
0.027426 
0.025040 
0.020128 
0.022209 
0.015578 
0.017080 
0.013344 
0.012499 
0.011334 
0.008633 
0.007825 
0.006093 
0.007101 
0.005411 
0.005655 
0.004356 
0.003450 
0.002797 
0.001960 
0.001444 
0.001040 
0.000755 
0.000548 
0.000397 
0.000288 
0.000209 
0.000151 
0.000110 
0.000080 
0.000058 
0.000042 
0.000030 
0.000022 
0.000016 
0.000012 
0.000008 
0.000006 
0.000004 
0.000003 
0.000002 
0.000002 
0.000001 
0.000001 
0.000001 
0.000000 
0.000000 
0.000000 
0.000000 
0.000000 
0.000000 
0.000000 
0.000000 
0.000000 
0.000000 
0.000000 
0.000000 
0.000000 
0.000000 
0.000000 
0.000000 
0.000000 
0.000000 
0.000000 
0.000000 
0.000000 
0.000000 
0.000000 
0.000000 
0.000000 
0.000000 
0.000000 
0.000000 
0.000000 
0.000000 
0.000000 
0.000000 
0.000000 
0.000000 
0.000000 
0.000000 
0.000000 
0.000000 
0.000000 
0.000000 
0.000000 
0.000000 
0.000000 
0.000000 
0.000000 
0.000000 
0.000000 
0.000000 
0.000000 
0.000000 
0.000000 
0.000000 
0.000000 
0.000000 
0.000000 
0.000000 
0.000000 
0.000000 
0.000000 
0.000000 
0.000000 
0.000000 
0.000000 
0.000000 
0.000000 
0.000000 
0.000000 
0.000000 
0.000000 
0.000000 
0.000000 
0.000000 
0.000000 
0.000000 
0.000000 
0.000000 
0.000000 
0.000000 
0.000000 
0.000000 
0.000000 
0.000000 
0.000000 
0.000000 
0.000000 
0.000000 
0.000000 
0.000000 
0.000000 
0.000000 
0.000000 
0.000000 
0.000000 
0.000000 
0.000000 
0.000000 
0.000000 
0.000000 
0.000000 
0.000000 
0.000000 
0.000000 
0.000000 
0.000000 
0.000000 
0.000000 
0.000000 
0.000000 
0.000000 
0.000000 
0.000000 
0.000000 
0.000000 
0.000000 
0.000000 
0.000000 
0.000000 
0.000000 
0.000000 
0.000000 
0.000000 
0.000000 
0.000000 
0.000000 
0.000000 
0.000000 
0.000000 
0.000000 
0.000000 
0.000000 
0.000000 
0.000000 
0.000000 
0.000000 
0.000000 
0.000000 
0.000000 
0.000000 
0.000000 
0.000000 
0.000000 
0.000000 
0.000000 
0.000000 
0.000000 
0.000000 
0.000000 
0.000000 
0.000000 
0.000000 
0.000000 
0.000000 
0.000000 
0.000000 
0.000000 
0.000000 
0.000000 
0.000000 
0.000000 
0.000000 
0.000000 
0.000000 
0.000000 
0.000000 
0.000000 
0.000000 
0.000000 
0.000000 
0.000000 
0.000000 
0.000000 
0.000000 
0.000000 
0.000000 
0.000000 
0.000000 
0.000000 
0.000000 
0.000000 
0.000000 
0.000000 
0.000000 
0.000000 
0.000000 
0.000000 
0.000000 
0.000000 
0.000000 
0.000000 
0.000000 
0.000000 
-0.000000 
0.000000 
-0.000000 
-0.000000 
0.000000 
-0.000001 
0.000009 
0.000008 
0.000022 
0.000036 
0.000024 
0.000026 
0.000019 
0.000014 
0.000009 
0.000014 
0.000014 
0.000031 
0.000085 
0.000079 
0.000070 
0.000065 
0.000119 
0.000105 
0.000193 
0.000327 
0.000366 
0.000310 
0.000274 
0.000236 
0.000308 
0.000428 
0.000485 
0.000660 
0.000503 
0.000659 
0.001182 
0.001063 
0.001070 
0.001153 
0.001808 
0.001983 
0.002205 
0.001838 
0.002019 
0.002345 
0.001909 
0.002412 
0.002131 
0.002598 
0.002135 
0.003225 
0.003131 
0.002421 
0.002589 
0.002922 
0.003249 
0.002379 
0.002258 
0.003206 
0.004857 
0.004229 
0.003452 
0.005839 
0.008769 
0.006332 
0.005451 
0.008590 
0.011415 
0.009172 
0.008692 
0.018532 
0.016326 
0.016189 
0.016676 
0.016063 
0.016586 
0.025037 
0.022577 
0.018570 
0.024848 
0.021235 
0.022479 
0.020217 
0.012342 
0.026369 
0.058106 
0.048435 
0.043419 
0.032991 
0.026830 
0.036384 
0.026936 
0.028254 
0.030688 
0.020735 
0.026091 
0.028612 
0.020502 
0.029992 
0.036703 
0.031282 
0.055220 
0.047497 
0.047432 
0.065209 
0.049457 
0.081058 
0.095754 
0.064536 
0.093293 
0.084105 
0.094779 
0.145301 
0.113579 
0.160678 
0.169529 
0.132530 
0.208010 
0.180926 
0.167466 
0.257320 
0.178985 
0.241008 
0.286861 
0.199001 
0.290156 
0.254062 
0.212027 
0.314654 
0.237418 
0.264403 
0.309277 
0.215906 
0.304235 
0.297659 
0.230362 
0.332954 
0.268512 
0.258502 
0.330592 
0.231673 
0.284600 
0.309782 
0.216553 
0.326073 
0.294126 
0.244722 
0.348037 
0.255964 
0.269660 
0.374293 
0.253902 
0.313891 
0.364265 
0.244747 
0.355060 
0.357692 
0.258505 
0.400304 
0.351249 
0.286360 
0.408423 
0.309477 
0.284411 
0.401919 
0.296225 
0.291038 
0.397197 
0.277338 
0.292086 
0.377929 
0.247746 
0.283426 
0.382970 
0.254381 
0.282313 
0.381060 
0.252316 
0.280178 
0.383210 
0.252230 
0.281827 
0.415349 
0.283336 
0.288732 
0.416905 
0.288368 
0.279416 
0.410157 
0.291778 
0.271484 
0.402541 
0.294633 
0.257413 
0.387617 
0.293189 
0.236993 
0.356528 
0.286160 
0.211930 
0.325886 
0.287452 
0.195469 
0.292537 
0.291705 
0.187255 
0.255445 
0.290545 
0.185112 
0.217861 
0.292321 
0.200521 
0.186729 
0.273207 
0.211080 
0.158872 
0.244560 
0.225731 
0.145946 
0.210352 
0.240697 
0.153822 
0.166373 
0.234910 
0.171776 
0.131104 
0.209562 
0.195440 
0.123092 
0.172304 
0.211688 
0.139218 
0.126717 
0.202673 
0.166406 
0.109002 
0.161200 
0.182876 
0.116604 
0.115448 
0.179156 
0.139074 
0.092132 
0.133222 
0.148791 
0.095930 
0.086384 
0.138200 
0.114272 
0.073017 
0.091753 
0.119041 
0.082551 
0.058830 
0.104389 
0.112099 
0.071668 
0.066635 
0.115643 
0.097744 
0.061311 
0.079858 
0.120195 
0.087078 
0.058182 
0.096413 
0.115697 
0.076717 
0.060638 
0.122382 
0.119884 
0.075691 
0.077227 
0.138098 
0.113243 
0.071773 
0.092379 
0.140226 
0.102834 
0.067605 
0.100021 
0.132752 
0.092890 
0.062372 
0.105116 
0.133745 
0.091759 
0.064356 
0.125194 
0.142504 
0.095394 
0.071049 
0.132062 
0.137688 
0.091259 
0.072571 
0.134984 
0.130429 
0.087078 
0.069738 
0.140400 
0.137694 
0.091833 
0.072783 
0.141185 
0.138577 
0.093061 
0.071654 
0.141809 
0.143063 
0.093331 
0.080678 
0.133030 
0.121089 
0.079151 
0.073928 
0.141097 
0.115109 
0.079141 
0.062648 
0.111946 
0.101233 
0.068304 
0.056317 
0.112597 
0.110055 
0.073804 
0.055286 
0.096270 
0.099571 
0.072478 
0.047734 
0.085111 
0.112519 
0.079876 
0.055421 
0.066591 
0.099171 
0.079326 
0.054976 
0.050333 
0.083274 
0.080295 
0.056486 
0.040421 
0.077958 
0.096467 
0.066214 
0.046951 
0.050701 
0.097819 
0.075892 
0.053600 
0.039880 
0.072147 
0.070053 
0.046970 
0.035103 
0.058833 
0.071573 
0.064635 
0.046121 
0.045982 
0.069825 
0.063128 
0.046916 
0.040872 
0.070460 
0.067337 
0.056055 
0.055727 
0.087762 
0.079738 
0.070014 
0.055233 
0.052273 
0.078884 
0.065835 
0.045822 
0.050737 
0.073650 
0.058758 
0.040001 
0.040390 
0.051667 
0.045003 
0.035769 
0.044203 
0.051420 
0.050122 
0.043122 
0.040236 
0.054160 
0.041075 
0.035243 
0.035833 
0.050455 
0.047162 
0.037250 
0.048776 
0.057821 
0.048225 
0.039454 
0.040397 
0.050780 
0.043062 
0.040633 
0.067001 
0.067673 
0.046385 
0.060932 
0.066954 
0.059468 
0.068563 
0.086626 
0.104802 
0.094460 
0.102926 
0.124343 
0.096834 
0.102308 
0.124472 
0.097291 
0.101823 
0.149213 
0.105864 
0.113092 
0.140431 
0.092847 
0.102491 
0.123562 
0.073305 
0.126915 
0.161279 
0.113634 
0.158277 
0.126310 
0.128165 
0.156724 
0.099182 
0.128876 
0.174673 
0.126426 
0.193524 
0.178243 
0.156965 
0.226024 
0.161818 
0.183810 
0.173770 
0.171821 
0.227055 
0.182891 
0.250848 
0.203117 
0.221361 
0.264072 
0.209488 
0.274200 
0.219805 
0.256390 
0.237155 
0.258296 
0.276439 
0.252129 
0.288801 
0.241375 
0.262547 
0.244752 
0.272676 
0.263664 
0.272362 
0.288082 
0.268162 
0.255318 
0.259599 
0.272490 
0.266148 
0.253776 
0.248935 
0.305348 
0.280722 
0.304607 
0.260970 
0.294543 
0.236422 
0.301756 
0.263536 
0.323001 
0.264457 
0.315862 
0.261937 
0.303334 
0.256128 
0.310241 
0.266243 
0.309433 
0.270031 
0.326366 
0.296735 
0.331404 
0.314006 
0.331569 
0.329001 
0.321594 
0.333752 
0.244783 
0.221002 
0.154705 
0.113624 
0.082484 
0.058327 
0.061359 
0.049650 
0.053149 
0.056518 
0.047733 
0.053063 
0.045889 
0.044864 
0.030089 
0.026323 
0.032178 
0.027468 
0.028492 
0.027971 
0.028188 
0.021423 
0.022597 
0.020929 
0.023484 
0.018438 
0.023203 
0.019264 
0.018384 
0.014602 
0.010938 
0.009865 
0.010535 
0.010212 
0.011426 
0.009511 
0.011767 
0.009634 
0.014483 
0.013930 
0.014262 
0.013674 
0.017595 
0.026030 
0.026032 
0.021608 
0.040134 
0.045250 
0.040998 
0.037856 
0.022553 
0.053782 
0.089475 
0.079954 
0.067834 
0.047570 
0.040045 
0.031143 
0.065001 
0.267382 
0.210485 
0.309575 
0.277921 
0.287418 
0.305560 
0.255370 
0.315782 
0.228803 
0.286279 
0.228655 
0.268935 
0.265472 
0.231755 
0.261964 
0.244909 
0.274284 
0.266158 
0.257359 
0.298894 
0.280428 
0.246015 
0.262842 
0.257469 
0.298017 
0.283999 
0.254131 
0.275480 
0.238209 
0.271371 
0.310797 
0.252108 
0.292803 
0.339820 
0.254132 
0.257053 
0.309418 
0.212022 
0.265220 
0.299337 
0.219844 
0.290528 
0.321211 
0.227755 
0.261372 
0.328458 
0.238516 
0.253497 
0.278933 
0.195655 
0.159917 
0.232868 
0.171195 
0.205325 
0.288613 
0.244205 
0.175708 
0.222767 
0.260794 
0.179352 
0.189006 
0.262275 
0.201256 
0.168998 
0.238591 
0.228993 
0.164844 
0.212283 
0.278482 
0.215322 
0.181004 
0.234550 
0.238539 
0.166783 
0.160890 
0.230691 
0.196076 
0.150023 
0.193844 
0.248707 
0.187747 
0.159189 
0.193828 
0.207685 
0.152814 
0.119901 
0.146797 
0.174592 
0.125260 
0.097373 
0.148380 
0.176475 
0.119694 
0.089280 
0.138224 
0.129175 
0.088628 
0.061958 
0.071811 
0.093579 
0.065069 
0.048991 
0.032879 
0.066119 
0.082882 
0.057319 
0.040128 
0.040260 
0.065218 
0.048751 
0.035499 
0.024343 
0.034988 
0.039276 
0.026700 
0.019305 
0.016902 
0.025691 
0.020171 
0.014369 
0.010164 
0.011932 
0.011739 
0.007989 
0.005885 
0.004628 
0.008315 
0.007460 
0.005026 
0.003986 
0.007338 
0.006826 
0.004679 
0.003333 
0.004183 
0.004680 
0.003227 
0.002316 
0.002033 
0.002643 
0.001947 
0.001403 
0.001024 
0.001087 
0.000915 
0.000633 
0.000470 
0.000337 
0.000245 
0.000178 
0.000129 
0.000093 
0.000068 
0.000049 
0.000036 
0.000026 
0.000019 
0.000014 
0.000010 
0.000007 
0.000005 
0.000004 
0.000003 
0.000002 
0.000002 
-0.000001 
0.000006 
-0.000008 
0.000234 
0.001189 
0.002549 
0.003117 
0.003885 
0.014064 
0.013923 
0.010006 
0.015095 
0.021840 
0.022227 
0.026189 
0.026967 
0.028082 
0.065278 
0.080850 
0.081339 
0.079938 
0.063287 
0.052800 
0.047584 
0.051523 
0.049099 
0.040601 
0.045367 
0.066872 
0.079482 
0.073334 
0.098857 
0.107382 
0.082463 
0.076706 
0.100365 
0.120434 
0.107884 
0.126018 
0.140697 
0.122870 
0.122358 
0.105915 
0.131715 
0.121965 
0.130409 
0.128209 
0.119935 
0.109224 
0.110901 
0.118651 
0.103022 
0.087736 
0.067282 
0.089219 
0.081635 
0.115561 
0.163710 
0.135158 
0.158082 
0.153062 
0.136526 
0.136503 
0.107733 
0.109648 
0.114705 
0.105486 
0.132501 
0.130079 
0.126321 
0.130143 
0.151910 
0.136449 
0.103996 
0.103517 
0.119081 
0.158394 
0.178501 
0.147261 
0.151553 
0.155093 
0.127975 
0.131812 
0.144950 
0.125243 
0.136790 
0.158748 
0.151861 
0.129336 
0.131132 
0.158836 
0.130060 
0.093576 
0.167517 
0.215783 
0.172356 
0.138364 
0.165067 
0.177761 
0.133702 
0.123483 
0.212788 
0.202216 
0.138338 
0.189018 
0.215556 
0.153525 
0.142582 
0.229235 
0.215506 
0.142437 
0.223160 
0.290372 
0.191814 
0.219510 
0.302503 
0.207289 
0.182070 
0.339431 
0.290357 
0.191706 
0.309702 
0.320734 
0.190924 
0.270388 
0.388445 
0.256938 
0.235024 
0.326029 
0.245875 
0.171582 
0.208296 
0.200977 
0.140331 
0.099777 
0.093112 
0.137668 
0.107424 
0.072267 
0.078337 
0.095612 
0.069511 
0.047733 
0.051624 
0.062923 
0.044027 
0.031727 
0.026593 
0.026793 
0.019472 
0.013056 
0.018221 
0.022244 
0.014730 
0.011940 
0.017051 
0.014320 
0.009571 
0.009038 
0.008732 
0.005964 
0.004665 
0.004885 
0.003773 
0.002586 
0.002300 
0.002539 
0.001803 
0.001334 
0.000923 
0.000869 
0.001083 
0.000784 
0.000564 
0.000444 
0.000352 
0.000272 
0.000212 
0.000150 
0.000110 
0.000079 
0.000058 
0.000042 
0.000030 
0.000022 
0.000016 
0.000012 
0.000008 
0.000006 
0.000004 
0.000003 
0.000002 
0.000002 
0.000001 
0.000001 
0.000001 
0.000000 
0.000000 
0.000000 
0.000000 
0.000000 
0.000000 
0.000001 
-0.000002 
0.000007 
-0.000016 
0.000049 
0.000673 
0.001464 
0.005207 
0.005933 
0.011873 
0.077808 
0.109133 
0.149073 
0.214391 
0.241476 
0.259700 
0.252241 
0.258757 
0.237124 
0.196432 
0.193806 
0.177259 
0.126664 
0.088968 
0.105423 
0.098467 
0.069234 
0.060336 
0.078202 
0.070843 
0.127720 
0.144313 
0.148875 
0.138785 
0.120635 
0.092983 
0.121793 
0.124973 
0.259053 
0.242323 
0.296406 
0.255894 
0.289977 
0.245721 
0.327658 
0.308258 
0.330093 
0.293714 
0.340917 
0.306866 
0.331822 
0.286886 
0.332081 
0.303872 
0.345189 
0.326702 
0.347298 
0.319823 
0.340079 
0.310533 
0.330103 
0.301358 
0.326200 
0.304704 
0.320599 
0.286484 
0.331992 
0.300450 
0.340382 
0.305706 
0.324057 
0.285939 
0.337153 
0.301208 
0.339638 
0.307068 
0.343192 
0.313479 
0.326822 
0.311210 
0.320108 
0.317514 
0.309327 
0.321970 
0.305449 
0.335715 
0.311514 
0.323186 
0.284959 
0.305788 
0.278533 
0.320205 
0.294940 
0.328659 
0.306061 
0.306367 
0.308487 
0.303382 
0.343950 
0.340150 
0.354673 
0.327562 
0.354187 
0.309567 
0.335017 
0.301591 
0.326864 
0.300491 
0.324613 
0.274416 
0.289125 
0.231953 
0.217297 
0.170653 
0.183059 
0.146312 
0.139748 
0.148790 
0.126273 
0.100415 
0.149645 
0.155771 
0.141847 
0.179237 
0.142826 
0.114577 
0.111036 
0.090293 
0.083735 
0.081622 
0.076985 
0.083197 
0.099389 
0.095505 
0.091776 
0.079780 
0.082154 
0.087549 
0.100535 
0.098518 
0.090589 
0.082614 
0.085348 
0.074142 
0.072183 
0.078677 
0.098647 
0.106388 
0.078316 
0.070027 
0.107113 
0.102989 
0.086295 
0.076626 
0.073622 
0.081536 
0.128545 
0.130440 
0.104221 
0.088275 
0.078259 
0.066580 
0.073712 
0.091473 
0.101352 
0.087603 
0.092709 
0.112990 
0.109346 
0.097644 
0.102086 
0.136351 
0.133954 
0.116079 
0.129573 
0.108370 
0.131853 
0.129435 
0.108750 
0.128645 
0.163832 
0.149449 
0.153063 
0.149692 
0.153010 
0.164621 
0.190905 
0.187523 
0.173454 
0.168098 
0.172326 
0.135503 
0.108061 
0.117739 
0.138620 
0.117915 
0.089052 
0.072639 
0.087391 
0.118442 
0.115174 
0.164804 
0.193967 
0.208964 
0.204411 
0.283704 
0.278518 
0.305150 
0.292810 
0.330618 
0.335713 
0.366539 
0.369734 
0.369669 
0.352470 
0.324195 
0.355928 
0.334349 
0.338547 
0.338643 
0.347479 
0.360818 
0.358110 
0.358625 
0.343725 
0.383041 
0.346560 
0.356641 
0.346841 
0.347813 
0.361553 
0.354344 
0.369507 
0.346432 
0.346472 
0.328073 
0.340514 
0.329047 
0.340050 
0.343173 
0.323510 
0.347545 
0.323721 
0.365942 
0.332360 
0.324742 
0.319474 
0.339947 
0.337332 
0.330693 
0.342682 
0.325479 
0.349412 
0.322026 
0.348390 
0.321008 
0.349120 
0.325430 
0.326858 
0.322647 
0.332527 
0.329991 
0.316502 
0.334911 
0.308367 
0.345001 
0.312319 
0.349371 
0.307800 
0.327147 
0.295308 
0.330545 
0.293307 
0.301327 
0.288970 
0.311488 
0.309460 
0.326924 
0.318271 
0.314526 
0.312061 
0.301365 
0.313141 
0.300410 
0.301841 
0.279422 
0.293439 
0.273796 
0.281426 
0.257108 
0.270717 
0.258194 
0.251953 
0.234253 
0.232244 
0.226055 
0.215553 
0.220756 
0.191418 
0.204091 
0.166383 
0.185599 
0.142125 
0.156313 
0.116832 
0.107804 
0.083668 
0.063177 
0.060649 
0.044845 
0.046331 
0.064789 
0.048042 
0.064331 
0.056082 
0.046923 
0.051598 
0.035534 
0.029778 
0.022467 
0.016022 
0.011719 
0.009065 
0.007115 
0.010198 
0.008380 
0.007823 
0.007549 
0.007420 
0.006978 
0.005847 
0.004609 
0.003580 
0.002761 
0.002550 
0.002078 
0.002036 
0.001679 
0.001909 
0.001689 
0.001357 
0.001121 
0.000789 
0.000603 
0.000610 
0.000484 
0.000757 
0.000658 
0.000545 
0.000481 
0.000330 
0.000245 
0.000178 
0.000124 
0.000105 
0.000151 
0.000118 
0.001033 
0.002719 
0.002483 
0.001654 
0.001529 
0.004134 
0.007285 
0.011351 
0.020658 
0.046510 
0.045102 
0.045543 
0.134975 
0.175204 
0.156163 
0.161543 
0.134030 
0.097562 
0.083417 
0.134240 
0.115866 
0.106820 
0.112669 
0.105954 
0.138395 
0.121249 
0.084172 
0.062692 
0.046399 
0.060523 
0.041664 
0.095237 
0.193155 
0.130656 
0.159266 
0.229866 
0.149540 
0.164051 
0.230554 
0.154318 
0.143173 
0.234103 
0.184984 
0.138310 
0.246517 
0.214961 
0.139526 
0.226926 
0.224826 
0.134477 
0.212650 
0.250589 
0.150746 
0.193594 
0.263815 
0.187515 
0.164865 
0.266632 
0.272545 
0.195218 
0.228349 
0.266422 
0.186719 
0.181717 
0.287295 
0.239926 
0.188745 
0.273521 
0.295324 
0.207141 
0.256200 
0.274658 
0.185784 
0.230446 
0.285690 
0.214330 
0.173988 
0.248285 
0.252028 
0.168650 
0.221703 
0.294169 
0.209211 
0.195161 
0.283621 
0.232444 
0.160624 
0.276358 
0.322079 
0.212781 
0.213812 
0.303331 
0.248937 
0.161656 
0.251970 
0.314112 
0.207507 
0.174529 
0.308978 
0.276372 
0.167696 
0.231674 
0.334386 
0.228843 
0.167073 
0.285616 
0.276185 
0.179190 
0.204001 
0.288828 
0.208679 
0.172831 
0.231079 
0.225133 
0.162154 
0.191551 
0.217997 
0.159743 
0.148515 
0.194852 
0.171093 
0.113602 
0.142233 
0.181294 
0.133409 
0.094554 
0.116777 
0.131043 
0.093420 
0.066150 
0.078679 
0.077117 
0.053579 
0.036356 
0.049362 
0.062533 
0.042278 
0.031090 
0.027335 
0.023814 
0.016196 
0.013069 
0.016802 
0.013358 
0.008962 
0.008481 
0.010164 
0.007256 
0.005200 
0.004801 
0.004196 
0.002749 
0.002673 
0.003952 
0.002991 
0.002029 
0.002776 
0.002840 
0.001915 
0.001400 
0.001611 
0.001492 
0.001008 
0.000761 
0.000541 
0.000414 
0.001259 
0.001494 
0.001027 
0.000767 
0.000550 
0.000399 
0.000290 
0.000210 
0.000152 
0.000110 
0.000080 
0.000058 
0.000042 
0.000030 
0.000022 
0.000016 
0.000011 
0.000011 
-0.000000 
0.000033 
0.000069 
0.000147 
0.000172 
0.000692 
0.003716 
0.000205 
0.025726 
0.051015 
0.047898 
0.062613 
0.063465 
0.057876 
0.073477 
0.136394 
0.147363 
0.114801 
0.122527 
0.096646 
0.077163 
0.063589 
0.091284 
0.068127 
0.083485 
0.200937 
0.143196 
0.263252 
0.319015 
0.229721 
0.332069 
0.232387 
0.293103 
0.328634 
0.245785 
0.322234 
0.227833 
0.308785 
0.282613 
0.279860 
0.307910 
0.259201 
0.321860 
0.274049 
0.293199 
0.257258 
0.277830 
0.268902 
0.280976 
0.273761 
0.291014 
0.287601 
0.327423 
0.283823 
0.308759 
0.254612 
0.312918 
0.268267 
0.319341 
0.282682 
0.316415 
0.286443 
0.312376 
0.293809 
0.308103 
0.305001 
0.301173 
0.334171 
0.331646 
0.330922 
0.325520 
0.338424 
0.347688 
0.350984 
0.346070 
0.337736 
0.339539 
0.339577 
0.341433 
0.347580 
0.347959 
0.350201 
0.353614 
0.354632 
0.356645 
0.352346 
0.349524 
0.355371 
0.358765 
0.357516 
0.351029 
0.355426 
0.353936 
0.345445 
0.344976 
0.339508 
0.322358 
0.299688 
0.235181 
0.165509 
0.122076 
0.087270 
0.071509 
0.068932 
0.076042 
0.072279 
0.066254 
0.053007 
0.044476 
0.039268 
0.040848 
0.042257 
0.042790 
0.033482 
0.025385 
0.018118 
0.013224 
0.009583 
0.006885 
0.005500 
0.004445 
0.003385 
0.002485 
0.001793 
0.001298 
0.000956 
0.000648 
0.000623 
0.000886 
0.001538 
0.002214 
0.003075 
0.003297 
0.003074 
0.002355 
0.001826 
0.001343 
0.000972 
0.000706 
0.000511 
0.000371 
0.000269 
0.000195 
0.000141 
0.000102 
0.000074 
0.000054 
0.000039 
0.000028 
0.000021 
0.000015 
0.000011 
0.000008 
0.000006 
0.000004 
0.000003 
0.000002 
0.000002 
0.000001 
0.000001 
0.000001 
0.000000 
0.000000 
0.000000 
0.000000 
0.000000 
0.000000 
0.000000 
0.000000 
0.000000 
0.000000 
0.000000 
0.000000 
0.000000 
0.000000 
0.000000 
0.000000 
0.000000 
0.000000 
0.000000 
0.000000 
0.000000 
0.000000 
0.000000 
0.000000 
0.000000 
0.000000 
0.000000 
0.000000 
0.000000 
0.000000 
0.000000 
0.000000 
0.000000 
0.000000 
0.000000 
0.000000 
0.000000 
0.000000 
0.000000 
0.000000 
0.000000 
0.000000 
0.000000 
0.000000 
-0.000000 
-0.000000 
0.000002 
-0.000005 
0.000013 
-0.000064 
0.000560 
0.000824 
0.009641 
-0.000789 
0.044997 
0.211612 
0.199343 
0.201306 
0.152819 
0.110932 
0.078068 
0.080487 
0.102878 
0.196383 
0.298106 
0.284586 
0.303473 
0.318230 
0.344736 
0.332950 
0.310222 
0.335954 
0.315982 
0.344189 
0.315991 
0.329766 
0.302085 
0.359818 
0.307332 
0.324634 
0.272732 
0.284886 
0.243457 
0.304053 
0.252381 
0.328430 
0.280089 
0.311775 
0.256966 
0.280477 
0.240445 
0.306673 
0.260264 
0.300088 
0.256542 
0.322156 
0.286359 
0.318054 
0.282908 
0.288314 
0.256117 
0.294310 
0.301084 
0.291849 
0.306693 
0.257651 
0.276145 
0.233170 
0.324003 
0.240121 
0.239149 
0.178347 
0.231755 
0.236478 
0.198947 
0.231108 
0.175196 
0.245589 
0.218227 
0.241223 
0.264413 
0.221421 
0.270859 
0.197973 
0.148464 
0.113264 
0.075461 
0.081785 
0.153373 
0.097730 
0.159772 
0.308909 
0.209943 
0.203262 
0.222524 
0.143821 
0.150233 
0.235866 
0.160750 
0.141968 
0.224106 
0.164219 
0.135088 
0.214798 
0.169226 
0.120778 
0.207601 
0.205706 
0.131099 
0.283980 
0.298165 
0.197545 
0.302843 
0.290351 
0.203527 
0.361023 
0.336075 
0.238359 
0.355917 
0.294586 
0.237231 
0.367676 
0.274407 
0.266493 
0.358248 
0.240423 
0.287566 
0.317869 
0.204770 
0.310170 
0.304931 
0.207730 
0.318364 
0.265363 
0.214131 
0.338497 
0.254333 
0.218457 
0.308590 
0.224676 
0.206874 
0.303284 
0.216695 
0.213256 
0.279469 
0.191246 
0.181644 
0.229852 
0.167595 
0.139002 
0.192154 
0.162387 
0.110924 
0.126496 
0.170907 
0.125497 
0.094509 
0.131864 
0.134025 
0.092976 
0.067981 
0.093002 
0.094223 
0.064586 
0.048393 
0.038819 
0.029446 
0.021037 
0.015371 
0.011106 
0.008042 
0.005910 
0.004035 
0.005922 
0.006127 
0.004085 
0.003088 
0.002204 
0.001602 
0.001167 
0.001641 
0.001434 
0.001028 
0.000648 
0.001287 
0.001788 
0.001832 
0.011056 
0.022047 
0.048571 
0.056315 
0.071137 
0.067932 
0.058760 
0.040072 
0.060283 
0.101613 
0.078096 
0.118252 
0.128018 
0.137476 
0.118098 
0.081798 
0.156348 
0.285029 
0.260822 
0.204598 
0.152355 
0.154781 
0.130214 
0.128935 
0.193798 
0.149759 
0.173839 
0.143434 
0.110626 
0.093627 
0.115462 
0.098520 
0.065724 
0.166519 
0.241932 
0.169882 
0.157898 
0.305334 
0.318947 
0.194172 
0.233152 
0.310106 
0.217134 
0.159908 
0.275912 
0.285946 
0.176728 
0.230949 
0.308495 
0.214407 
0.184049 
0.295080 
0.254330 
0.164371 
0.231482 
0.270139 
0.170951 
0.188221 
0.301863 
0.234288 
0.168652 
0.265406 
0.285716 
0.181636 
0.232820 
0.285342 
0.198114 
0.149396 
0.257577 
0.301169 
0.208351 
0.260259 
0.324100 
0.230474 
0.197331 
0.302592 
0.277531 
0.193413 
0.222338 
0.266606 
0.195999 
0.155996 
0.272478 
0.286727 
0.187548 
0.207769 
0.309079 
0.236626 
0.200189 
0.287975 
0.287254 
0.197419 
0.156349 
0.273097 
0.294381 
0.188097 
0.195662 
0.317629 
0.265557 
0.179160 
0.163146 
0.161247 
0.118555 
0.071935 
0.137199 
0.257383 
0.190309 
0.130014 
0.141777 
0.235778 
0.189167 
0.126520 
0.145804 
0.258593 
0.206963 
0.137206 
0.180468 
0.254728 
0.187010 
0.133173 
0.195163 
0.332101 
0.245432 
0.179518 
0.274191 
0.274867 
0.191488 
0.141713 
0.244107 
0.342634 
0.235256 
0.221248 
0.322005 
0.272325 
0.188413 
0.205152 
0.321915 
0.315560 
0.219328 
0.255374 
0.304853 
0.224294 
0.198322 
0.223110 
0.306697 
0.278380 
0.204460 
0.264078 
0.314173 
0.240641 
0.180993 
0.206669 
0.289617 
0.289820 
0.256605 
0.248356 
0.247919 
0.208419 
0.239369 
0.318314 
0.253295 
0.223410 
0.215448 
0.209579 
0.220408 
0.203180 
0.202190 
0.226546 
0.226624 
0.214316 
0.246026 
0.236366 
0.235079 
0.321245 
0.287506 
0.217699 
0.264376 
0.288879 
0.190610 
0.200560 
0.299487 
0.230405 
0.195542 
0.288954 
0.238809 
0.212089 
0.242132 
0.228702 
0.208494 
0.261092 
0.222085 
0.157441 
0.243088 
0.325578 
0.240238 
0.222459 
0.311675 
0.267806 
0.227694 
0.270681 
0.226214 
0.197099 
0.268144 
0.222914 
0.217782 
0.298526 
0.245745 
0.210897 
0.279606 
0.226526 
0.210761 
0.278974 
0.222344 
0.198708 
0.249560 
0.204672 
0.236914 
0.293631 
0.210273 
0.257513 
0.373246 
0.282893 
0.279916 
0.340715 
0.249480 
0.229209 
0.274259 
0.193127 
0.192702 
0.241635 
0.163046 
0.229101 
0.307660 
0.209848 
0.273027 
0.293895 
0.193959 
0.236960 
0.230737 
0.173957 
0.251047 
0.219159 
0.191734 
0.265735 
0.226532 
0.193504 
0.208069 
0.164071 
0.177830 
0.275268 
0.231162 
0.201293 
0.253543 
0.212316 
0.196234 
0.260890 
0.210069 
0.180109 
0.224616 
0.206021 
0.162272 
0.200608 
0.156531 
0.149493 
0.189357 
0.148340 
0.111029 
0.202700 
0.243830 
0.174649 
0.176325 
0.181973 
0.154909 
0.147366 
0.200469 
0.202910 
0.218553 
0.206434 
0.165712 
0.146411 
0.181175 
0.165550 
0.125914 
0.126863 
0.149874 
0.117483 
0.098730 
0.142277 
0.125816 
0.091814 
0.154128 
0.150578 
0.097323 
0.139921 
0.212759 
0.169965 
0.140421 
0.112463 
0.103882 
0.080724 
0.069127 
0.106648 
0.091547 
0.082245 
0.085863 
0.109045 
0.099196 
0.096058 
0.103223 
0.108885 
0.118541 
0.132655 
0.121686 
0.109462 
0.095474 
0.083214 
0.113554 
0.112209 
0.083188 
0.059828 
0.045245 
0.038481 
0.028347 
0.026140 
0.026707 
0.025583 
0.020720 
0.016800 
0.013378 
0.012948 
0.009728 
0.008397 
0.007187 
0.006316 
0.005977 
0.004823 
0.004393 
0.004821 
0.004148 
0.003044 
0.002812 
0.002095 
0.001470 
0.001364 
0.001270 
0.000890 
0.000790 
0.000620 
0.000437 
0.000484 
0.000409 
0.000282 
0.000210 
0.000150 
0.000109 
0.000079 
0.000057 
0.000042 
0.000029 
0.000043 
0.000053 
0.000037 
0.000027 
0.000022 
0.000024 
0.000019 
0.000014 
0.000010 
0.000007 
0.000005 
0.000004 
0.000003 
0.000002 
0.000001 
0.000001 
0.000001 
0.000001 
0.000000 
0.000000 
0.000000 
0.000000 
0.000000 
0.000000 
0.000000 
0.000000 
0.000000 
0.000000 
0.000000 
0.000000 
0.000000 
0.000000 
0.000000 
0.000000 
0.000000 
0.000000 
0.000000 
0.000000 
0.000000 
0.000000 
0.000000 
0.000000 
0.000000 
0.000000 
0.000000 
0.000000 
0.000000 
0.000000 
0.000000 
0.000000 
0.000000 
0.000000 
0.000000 
0.000000 
0.000000 
0.000000 
0.000000 
0.000000 
0.000000 
0.000000 
0.000000 
0.000000 
0.000000 
0.000000 
0.000000 
0.000000 
0.000000 
0.000000 
0.000000 
0.000000 
0.000000 
0.000000 
0.000000 
0.000000 
0.000000 
0.000000 
0.000000 
0.000000 
0.000000 
0.000000 
0.000000 
0.000000 
0.000000 
0.000000 
0.000000 
0.000000 
0.000000 
0.000000 
0.000000 
0.000000 
0.000000 
0.000000 
0.000000 
0.000000 
0.000000 
0.000000 
0.000000 
0.000000 
0.000000 
0.000000 
0.000000 
0.000000 
0.000000 
0.000000 
0.000000 
0.000000 
0.000000 
0.000000 
0.000000 
0.000000 
0.000000 
0.000000 
0.000000 
0.000000 
0.000000 
0.000000 
0.000000 
0.000000 
0.000000 
0.000000 
0.000000 
0.000000 
0.000000 
0.000000 
0.000000 
0.000000 
0.000000 
0.000000 
0.000000 
0.000000 
0.000000 
0.000000 
0.000000 
0.000000 
0.000000 
0.000000 
0.000000 
0.000000 
0.000000 
0.000000 
0.000000 
0.000000 
0.000000 
0.000000 
0.000000 
0.000000 
0.000000 
0.000000 
0.000000 
0.000000 
0.000000 
0.000000 
0.000000 
0.000000 
0.000000 
0.000000 
