[ASCII 1000Hz, Channels: 1, Samples: 8192, Flags: 0]                          
0.000000 
0.000000 
0.000000 
0.000000 
0.000000 
0.000000 
0.000000 
0.000000 
0.000000 
0.000000 
0.000000 
0.000000 
0.000000 
0.000000 
0.000000 
0.000000 
0.000000 
0.000000 
0.000000 
0.000000 
0.000000 
0.000000 
0.000000 
0.000000 
0.000000 
0.000000 
0.000000 
0.000000 
0.000000 
0.000000 
0.000000 
0.000000 
0.000000 
0.000000 
0.000000 
0.000000 
0.000000 
0.000000 
0.000000 
0.000000 
0.000000 
0.000000 
0.000000 
0.000000 
0.000000 
0.000000 
0.000000 
-0.000000 
-0.000000 
0.000002 
-0.000007 
0.000020 
-0.000046 
0.000420 
0.001649 
0.002765 
0.001519 
0.015838 
0.036756 
0.036842 
0.066315 
0.063397 
0.134966 
0.162956 
0.165077 
0.245728 
0.197818 
0.213012 
0.226927 
0.177014 
0.213986 
0.180193 
0.191265 
0.218301 
0.173419 
0.247519 
0.188896 
0.222454 
0.253044 
0.197170 
0.269233 
0.193248 
0.246199 
0.212470 
0.188378 
0.198028 
0.150936 
0.166953 
0.128058 
0.165822 
0.129485 
0.160586 
0.138860 
0.161163 
0.147592 
0.169591 
0.174895 
0.179241 
0.193308 
0.185261 
0.206425 
0.182375 
0.192653 
0.179928 
0.178671 
0.180714 
0.179848 
0.181560 
0.172584 
0.200146 
0.190668 
0.206279 
0.197907 
0.207866 
0.198534 
0.193111 
0.204397 
0.198268 
0.220748 
0.212367 
0.224783 
0.220791 
0.222991 
0.223300 
0.214239 
0.222497 
0.209725 
0.220917 
0.208441 
0.211805 
0.209082 
0.203575 
0.210478 
0.197619 
0.208828 
0.191756 
0.207640 
0.188919 
0.200684 
0.185956 
0.189742 
0.184806 
0.186247 
0.184754 
0.177627 
0.181622 
0.167854 
0.179317 
0.162764 
0.169040 
0.149754 
0.161094 
0.141784 
0.151451 
0.135185 
0.142110 
0.130166 
0.133668 
0.126626 
0.124469 
0.122197 
0.116032 
0.117964 
0.110899 
0.119750 
0.110852 
0.111579 
0.105476 
0.103344 
0.098809 
0.092099 
0.085796 
0.078847 
0.079427 
0.070963 
0.065705 
0.060478 
0.054070 
0.049632 
0.044104 
0.040313 
0.034520 
0.030305 
0.026825 
0.023550 
0.021965 
0.023893 
0.025952 
0.028534 
0.020318 
0.018661 
0.021964 
0.019158 
0.019355 
0.018843 
0.032546 
0.053410 
0.050625 
0.040075 
0.035879 
0.037193 
0.045071 
0.050993 
0.066828 
0.071361 
0.061760 
0.055709 
0.069496 
0.063400 
0.060089 
0.064680 
0.079963 
0.089608 
0.078274 
0.092405 
0.083532 
0.078382 
0.101184 
0.101107 
0.152620 
0.172541 
0.159810 
0.158555 
0.130812 
0.130608 
0.131400 
0.176306 
0.171378 
0.171186 
0.175091 
0.199534 
0.237679 
0.228473 
0.258812 
0.265471 
0.265535 
0.279347 
0.302413 
0.291281 
0.286037 
0.291160 
0.317752 
0.309465 
0.271823 
0.256815 
0.233164 
0.212233 
0.211006 
0.233785 
0.263651 
0.292800 
0.322903 
0.353871 
0.340659 
0.299584 
0.268462 
0.263314 
0.261585 
0.273199 
0.281021 
0.287548 
0.291410 
0.271170 
0.278224 
0.227604 
0.238116 
0.256583 
0.262802 
0.317048 
0.282970 
0.287509 
0.278292 
0.287989 
0.281502 
0.284744 
0.301243 
0.303860 
0.314775 
0.313370 
0.316266 
0.314127 
0.313889 
0.306815 
0.310856 
0.349173 
0.337023 
0.352087 
0.331468 
0.311062 
0.321097 
0.325504 
0.321054 
0.312222 
0.307544 
0.307781 
0.318788 
0.327208 
0.311281 
0.297165 
0.304175 
0.290863 
0.293235 
0.276736 
0.287532 
0.280470 
0.289691 
0.277513 
0.300054 
0.286284 
0.294878 
0.292874 
0.318116 
0.293296 
0.304273 
0.280597 
0.289502 
0.279353 
0.304036 
0.280740 
0.284481 
0.277000 
0.281451 
0.278744 
0.277947 
0.304411 
0.289553 
0.298139 
0.270415 
0.287096 
0.274225 
0.290131 
0.287465 
0.294021 
0.274798 
0.276245 
0.282521 
0.277779 
0.279876 
0.264195 
0.270123 
0.260261 
0.278685 
0.257024 
0.271330 
0.258111 
0.254511 
0.254901 
0.259121 
0.257009 
0.253250 
0.258496 
0.244851 
0.256385 
0.249202 
0.269480 
0.259796 
0.285820 
0.274375 
0.285621 
0.281695 
0.282164 
0.269664 
0.269277 
0.293291 
0.270830 
0.281183 
0.284310 
0.292946 
0.298989 
0.290525 
0.283713 
0.283688 
0.294901 
0.312039 
0.309935 
0.299617 
0.319035 
0.313367 
0.304447 
0.300727 
0.318817 
0.312087 
0.304686 
0.312857 
0.313879 
0.298680 
0.296685 
0.300517 
0.308967 
0.313446 
0.309511 
0.308624 
0.306952 
0.302145 
0.304276 
0.302590 
0.292212 
0.270751 
0.256476 
0.248592 
0.249369 
0.252803 
0.268239 
0.278466 
0.286059 
0.278950 
0.273242 
0.273818 
0.273216 
0.271912 
0.270357 
0.271182 
0.273163 
0.273952 
0.276782 
0.286790 
0.288482 
0.290956 
0.282265 
0.272160 
0.272531 
0.264466 
0.275418 
0.266516 
0.264112 
0.271742 
0.278401 
0.284585 
0.280533 
0.282663 
0.283850 
0.282653 
0.277905 
0.279453 
0.285250 
0.275909 
0.270368 
0.263505 
0.263807 
0.257223 
0.254765 
0.258546 
0.255625 
0.264971 
0.274952 
0.274181 
0.263935 
0.255676 
0.261379 
0.252159 
0.236672 
0.250159 
0.256687 
0.256213 
0.243016 
0.221846 
0.243860 
0.236434 
0.250698 
0.228212 
0.225428 
0.211913 
0.219428 
0.242170 
0.214798 
0.242656 
0.218129 
0.263330 
0.221818 
0.273844 
0.244965 
0.272376 
0.263772 
0.278230 
0.272320 
0.264691 
0.297397 
0.261714 
0.312368 
0.266533 
0.274387 
0.289764 
0.226913 
0.270703 
0.236260 
0.215231 
0.253738 
0.201958 
0.209547 
0.229196 
0.174680 
0.221116 
0.201899 
0.167655 
0.246509 
0.214905 
0.178253 
0.243326 
0.203807 
0.192450 
0.267675 
0.207398 
0.198302 
0.275119 
0.229111 
0.205021 
0.262558 
0.212964 
0.207287 
0.253781 
0.182031 
0.191956 
0.245086 
0.177875 
0.171409 
0.230246 
0.183794 
0.182202 
0.240043 
0.180253 
0.157221 
0.222393 
0.197532 
0.155423 
0.226048 
0.219401 
0.159497 
0.223627 
0.230449 
0.160137 
0.188334 
0.233593 
0.178045 
0.164501 
0.223767 
0.199771 
0.146146 
0.192454 
0.213392 
0.156682 
0.149522 
0.208790 
0.207818 
0.149147 
0.163647 
0.214216 
0.186172 
0.133662 
0.147162 
0.190933 
0.143661 
0.128283 
0.165834 
0.167342 
0.118020 
0.117205 
0.158620 
0.157300 
0.112182 
0.105444 
0.159852 
0.164826 
0.119397 
0.122789 
0.162592 
0.187001 
0.130749 
0.120214 
0.169930 
0.166645 
0.120818 
0.107062 
0.087260 
0.133278 
0.193976 
0.160339 
0.140374 
0.127596 
0.104826 
0.101756 
0.206326 
0.202711 
0.173821 
0.157654 
0.120247 
0.111916 
0.081512 
0.109079 
0.199676 
0.171533 
0.169378 
0.137194 
0.115470 
0.105368 
0.123248 
0.227531 
0.206402 
0.181618 
0.176948 
0.128949 
0.137639 
0.242347 
0.209635 
0.210753 
0.198728 
0.138976 
0.254031 
0.267103 
0.210817 
0.219319 
0.185883 
0.205208 
0.189622 
0.150768 
0.150681 
0.196784 
0.246635 
0.264288 
0.222815 
0.219893 
0.287914 
0.209555 
0.161101 
0.294979 
0.281427 
0.206122 
0.225379 
0.329880 
0.257796 
0.211310 
0.279181 
0.301476 
0.237041 
0.265007 
0.327766 
0.263650 
0.276850 
0.334252 
0.289391 
0.274063 
0.303741 
0.244972 
0.204558 
0.185534 
0.136860 
0.089172 
0.142777 
0.160995 
0.104328 
0.138402 
0.122098 
0.089701 
0.175449 
0.139299 
0.130334 
0.169844 
0.106056 
0.164212 
0.187531 
0.128171 
0.220747 
0.170514 
0.179817 
0.294731 
0.191642 
0.331614 
0.309586 
0.282447 
0.389015 
0.267777 
0.381130 
0.305932 
0.326380 
0.356738 
0.283816 
0.358773 
0.268640 
0.353530 
0.281534 
0.325742 
0.278389 
0.297062 
0.264477 
0.273142 
0.256308 
0.260814 
0.274490 
0.255165 
0.303972 
0.251092 
0.314815 
0.244495 
0.304357 
0.239264 
0.296708 
0.242903 
0.279618 
0.250731 
0.255437 
0.251189 
0.224470 
0.250819 
0.204679 
0.260476 
0.197123 
0.245791 
0.190630 
0.228092 
0.199220 
0.202689 
0.216155 
0.181556 
0.235792 
0.173173 
0.235982 
0.182515 
0.229076 
0.212175 
0.207051 
0.240618 
0.191806 
0.273053 
0.201869 
0.271639 
0.220663 
0.247230 
0.238689 
0.220888 
0.267900 
0.201474 
0.275822 
0.205935 
0.260263 
0.213380 
0.244244 
0.272996 
0.228882 
0.279871 
0.209105 
0.292174 
0.225348 
0.294535 
0.258154 
0.293491 
0.305926 
0.269224 
0.333461 
0.270806 
0.342565 
0.275509 
0.347485 
0.286189 
0.342304 
0.305205 
0.329002 
0.328262 
0.322024 
0.347748 
0.306855 
0.355309 
0.301631 
0.338133 
0.278665 
0.342074 
0.284728 
0.329524 
0.277201 
0.325847 
0.268516 
0.297558 
0.241291 
0.236068 
0.200611 
0.232138 
0.197557 
0.212660 
0.171720 
0.154865 
0.133561 
0.141026 
0.126287 
0.140656 
0.141702 
0.144519 
0.138985 
0.148694 
0.159852 
0.166241 
0.169368 
0.215690 
0.204216 
0.223303 
0.254991 
0.261487 
0.281919 
0.321269 
0.324766 
0.345755 
0.338054 
0.317021 
0.303298 
0.271389 
0.267578 
0.280798 
0.311024 
0.331453 
0.338613 
0.318669 
0.321243 
0.300793 
0.255954 
0.229019 
0.222061 
0.237154 
0.233727 
0.225984 
0.206128 
0.239320 
0.228698 
0.212855 
0.208407 
0.213526 
0.215392 
0.215057 
0.219326 
0.214033 
0.220590 
0.205004 
0.214068 
0.197858 
0.195127 
0.183493 
0.176120 
0.131795 
0.105646 
0.074585 
0.053727 
0.042437 
0.044444 
0.037552 
0.034405 
0.030622 
0.027614 
0.021276 
0.017811 
0.015499 
0.012250 
0.009932 
0.007032 
0.005153 
0.003720 
0.002700 
0.001958 
0.001419 
0.001029 
0.000746 
0.000541 
0.000392 
0.000284 
0.000206 
0.000149 
0.000108 
0.000079 
0.000057 
0.000041 
0.000030 
0.000022 
0.000016 
0.000011 
0.000008 
0.000006 
0.000004 
0.000003 
0.000002 
0.000002 
0.000001 
0.000001 
0.000001 
0.000000 
0.000000 
0.000000 
0.000000 
0.000000 
0.000000 
0.000000 
0.000000 
0.000000 
0.000000 
0.000000 
0.000000 
0.000000 
0.000000 
0.000000 
0.000000 
0.000000 
0.000000 
0.000000 
0.000000 
0.000000 
0.000000 
0.000000 
0.000000 
0.000000 
-0.000000 
0.000000 
-0.000000 
0.000000 
-0.000001 
0.000006 
0.000057 
0.000170 
0.000282 
0.000316 
0.000250 
0.000222 
0.000328 
0.000646 
0.001010 
0.000794 
0.000590 
0.000751 
0.000938 
0.000834 
0.000717 
0.000735 
0.000737 
0.000762 
0.000882 
0.000995 
0.000838 
0.000879 
0.000666 
0.000474 
0.000347 
0.000250 
0.000182 
0.000132 
0.000096 
0.000080 
0.000002 
0.000179 
-0.000081 
0.005375 
0.016199 
0.018286 
0.019521 
0.010023 
0.092087 
0.201869 
0.240381 
0.265236 
0.301121 
0.304032 
0.309444 
0.339608 
0.378155 
0.363287 
0.358383 
0.355331 
0.336500 
0.325327 
0.316084 
0.307397 
0.303673 
0.296761 
0.279780 
0.259878 
0.243142 
0.235293 
0.246049 
0.236023 
0.277660 
0.257291 
0.203505 
0.201250 
0.234050 
0.232975 
0.215146 
0.241245 
0.275796 
0.251140 
0.224352 
0.236803 
0.257025 
0.261361 
0.259517 
0.252100 
0.245650 
0.240930 
0.241271 
0.233209 
0.218189 
0.236409 
0.242218 
0.244086 
0.247428 
0.253381 
0.259445 
0.258762 
0.258500 
0.257948 
0.266812 
0.272059 
0.271344 
0.272293 
0.266540 
0.265326 
0.272125 
0.274350 
0.275802 
0.279614 
0.289262 
0.293808 
0.289834 
0.291770 
0.290509 
0.299544 
0.299266 
0.302660 
0.307767 
0.305533 
0.286430 
0.275917 
0.276181 
0.267448 
0.242467 
0.209958 
0.168363 
0.131320 
0.098606 
0.080552 
0.083593 
0.084814 
0.086000 
0.087775 
0.087667 
0.089586 
0.091659 
0.098862 
0.107175 
0.112738 
0.123463 
0.128774 
0.145135 
0.162128 
0.169019 
0.196588 
0.230449 
0.259844 
0.265364 
0.291380 
0.316901 
0.334583 
0.345793 
0.331108 
0.292845 
0.269739 
0.252507 
0.224607 
0.216950 
0.211984 
0.228714 
0.225670 
0.211885 
0.221495 
0.245010 
0.263527 
0.270934 
0.274721 
0.285686 
0.297196 
0.288501 
0.276900 
0.282990 
0.282481 
0.280721 
0.283383 
0.263480 
0.261954 
0.270629 
0.272692 
0.264019 
0.256585 
0.250036 
0.247379 
0.259768 
0.271848 
0.274550 
0.273553 
0.273633 
0.273469 
0.264663 
0.260664 
0.272960 
0.290462 
0.277177 
0.256777 
0.245811 
0.242003 
0.245730 
0.238813 
0.236752 
0.263311 
0.261969 
0.255499 
0.259381 
0.264008 
0.252916 
0.247799 
0.258739 
0.269064 
0.276416 
0.281703 
0.273531 
0.271879 
0.269011 
0.269584 
0.280249 
0.265341 
0.237157 
0.226450 
0.247006 
0.261016 
0.254777 
0.242596 
0.252429 
0.244893 
0.238151 
0.246396 
0.246491 
0.246453 
0.243412 
0.245253 
0.258800 
0.253289 
0.245318 
0.236854 
0.212744 
0.163437 
0.140303 
0.156022 
0.184992 
0.145973 
0.137389 
0.130722 
0.133080 
0.229396 
0.243325 
0.192255 
0.197584 
0.236973 
0.239803 
0.254545 
0.183634 
0.188437 
0.224205 
0.275598 
0.277925 
0.240641 
0.213903 
0.207111 
0.222413 
0.248984 
0.290854 
0.270360 
0.250193 
0.216283 
0.231086 
0.250094 
0.256129 
0.261397 
0.266237 
0.268681 
0.258408 
0.245076 
0.218382 
0.205862 
0.216169 
0.242263 
0.225837 
0.206964 
0.222486 
0.227828 
0.221855 
0.211707 
0.190856 
0.175826 
0.178635 
0.223137 
0.232789 
0.201007 
0.210145 
0.230579 
0.244052 
0.257178 
0.251337 
0.202110 
0.156966 
0.140585 
0.174709 
0.196561 
0.202837 
0.191439 
0.182563 
0.182470 
0.203188 
0.175657 
0.169147 
0.166077 
0.185575 
0.153829 
0.126286 
0.117629 
0.142361 
0.193055 
0.197079 
0.164929 
0.188087 
0.219444 
0.256451 
0.251802 
0.209490 
0.182872 
0.180431 
0.190859 
0.207588 
0.205300 
0.203055 
0.193933 
0.183629 
0.174629 
0.170442 
0.157697 
0.148246 
0.180352 
0.154159 
0.135671 
0.131047 
0.169644 
0.145880 
0.170118 
0.195685 
0.234841 
0.204112 
0.207213 
0.191583 
0.190246 
0.182801 
0.171986 
0.154780 
0.140189 
0.154315 
0.154283 
0.139854 
0.139755 
0.136998 
0.155603 
0.137070 
0.135900 
0.146437 
0.145109 
0.129097 
0.121785 
0.112463 
0.110784 
0.118688 
0.149337 
0.119373 
0.110806 
0.116505 
0.141980 
0.112300 
0.102282 
0.103641 
0.108090 
0.102960 
0.107634 
0.078592 
0.090596 
0.088742 
0.091530 
0.074109 
0.072401 
0.060490 
0.066871 
0.052498 
0.050291 
0.046751 
0.041472 
0.048904 
0.046144 
0.057559 
0.051208 
0.054857 
0.058091 
0.063301 
0.062286 
0.090298 
0.096194 
0.077644 
0.055377 
0.051488 
0.061936 
0.048534 
0.036962 
0.026793 
0.023880 
0.018654 
0.014427 
0.011949 
0.009111 
0.006676 
0.005927 
0.008458 
0.008703 
0.006466 
0.004702 
0.003409 
0.002462 
0.001806 
0.001257 
0.001165 
0.001387 
0.001151 
0.000814 
0.000659 
0.000278 
0.002473 
0.004550 
0.008104 
0.015582 
0.016508 
0.021653 
0.029190 
0.028837 
0.033404 
0.028276 
0.030080 
0.046747 
0.063600 
0.076540 
0.107003 
0.149194 
0.150050 
0.153938 
0.162670 
0.193459 
0.230468 
0.232073 
0.282774 
0.283918 
0.280607 
0.253529 
0.232492 
0.213121 
0.180335 
0.175973 
0.160524 
0.149602 
0.143989 
0.128798 
0.133204 
0.154771 
0.168984 
0.154731 
0.126009 
0.115673 
0.162572 
0.158915 
0.119587 
0.130776 
0.129755 
0.114316 
0.133541 
0.151872 
0.148333 
0.180034 
0.291488 
0.247778 
0.181374 
0.168660 
0.214092 
0.201042 
0.176134 
0.164903 
0.202999 
0.243964 
0.265222 
0.230855 
0.214851 
0.230941 
0.176475 
0.130507 
0.137158 
0.186355 
0.236096 
0.202031 
0.205951 
0.253697 
0.235663 
0.210684 
0.183106 
0.164699 
0.180228 
0.242652 
0.288489 
0.296480 
0.287185 
0.260013 
0.209669 
0.168241 
0.165037 
0.196398 
0.192702 
0.194152 
0.250790 
0.286821 
0.226028 
0.181047 
0.160075 
0.154985 
0.193748 
0.200267 
0.258528 
0.257245 
0.197013 
0.185303 
0.200627 
0.185514 
0.200174 
0.242285 
0.192230 
0.200688 
0.261890 
0.272302 
0.236200 
0.170309 
0.146683 
0.132792 
0.109499 
0.111727 
0.170042 
0.180722 
0.219403 
0.229944 
0.156876 
0.132382 
0.109158 
0.103506 
0.120898 
0.121314 
0.135563 
0.136424 
0.113191 
0.130768 
0.121746 
0.116646 
0.105281 
0.148576 
0.145589 
0.113109 
0.161424 
0.168520 
0.163629 
0.173121 
0.155049 
0.142579 
0.127533 
0.144303 
0.134382 
0.119338 
0.138441 
0.120401 
0.108584 
0.118380 
0.115388 
0.108323 
0.119327 
0.168089 
0.156224 
0.141350 
0.146910 
0.186264 
0.205798 
0.172406 
0.154048 
0.144757 
0.113096 
0.090432 
0.086443 
0.076656 
0.062962 
0.049976 
0.047206 
0.047047 
0.037551 
0.030500 
0.031111 
0.027589 
0.024756 
0.026562 
0.026358 
0.020457 
0.015823 
0.014206 
0.012635 
0.012691 
0.011223 
0.008190 
0.006325 
0.004765 
0.003708 
0.002598 
0.002322 
0.002594 
0.003414 
0.003408 
0.002404 
0.001770 
0.001276 
0.000926 
0.000672 
0.000487 
0.000353 
0.000259 
0.000171 
0.000173 
0.000004 
0.001213 
0.004880 
0.006407 
0.005069 
0.003686 
0.002675 
0.001936 
0.001405 
0.001018 
0.000738 
0.000536 
0.000440 
0.000915 
0.001919 
0.002655 
0.002709 
0.002571 
0.002256 
0.001899 
0.001494 
0.001525 
0.001543 
0.001291 
0.001042 
0.000927 
0.001066 
0.001104 
0.000982 
0.000731 
0.000525 
0.000382 
0.000280 
0.000209 
0.000820 
0.001593 
0.001830 
0.001982 
0.001974 
0.001654 
0.001247 
0.000894 
0.000652 
0.000472 
0.000340 
0.000253 
0.000164 
0.000314 
0.000666 
0.001430 
0.002131 
0.001894 
0.001398 
0.001009 
0.000740 
0.000516 
0.000483 
0.000796 
0.000744 
0.001182 
0.002046 
0.002235 
0.002355 
0.002530 
0.002195 
0.001856 
0.001361 
0.001015 
0.000734 
0.000533 
0.000385 
0.000281 
0.000202 
0.000157 
0.000473 
0.000651 
0.000482 
0.000350 
0.000255 
0.000184 
0.000134 
0.000097 
0.000070 
0.000051 
0.000037 
0.000027 
0.000019 
0.000014 
0.000010 
0.000007 
0.000006 
0.000001 
0.000014 
0.000098 
0.000129 
0.000168 
0.000174 
0.000147 
0.000104 
0.000077 
0.000055 
0.000040 
0.000030 
0.000018 
0.000023 
-0.000008 
0.000127 
0.000664 
0.000936 
0.000858 
0.000641 
0.000465 
0.000337 
0.000244 
0.000177 
0.000129 
0.000093 
0.000068 
0.000054 
0.000115 
0.000309 
0.000545 
0.000510 
0.000483 
0.000589 
0.000558 
0.000384 
0.000286 
0.000205 
0.000150 
0.000105 
0.000104 
0.000097 
0.000144 
0.000216 
0.000543 
0.000724 
0.000518 
0.000380 
0.000275 
0.000199 
0.000143 
0.000109 
0.000066 
0.000141 
0.000295 
0.000220 
0.000159 
0.000116 
0.000084 
0.000061 
0.000044 
0.000032 
0.000023 
0.000017 
0.000012 
0.000009 
0.000006 
0.000005 
0.000003 
0.000003 
0.000002 
0.000002 
0.000013 
0.000012 
0.000016 
-0.000008 
0.000410 
0.000692 
0.000494 
0.000458 
0.000497 
0.000420 
0.000568 
0.000601 
0.000431 
0.000315 
0.000230 
0.000161 
0.000278 
0.000470 
0.000466 
0.000338 
0.000277 
0.000257 
0.000188 
0.000136 
0.000099 
0.000071 
0.000052 
0.000035 
0.000042 
0.000103 
0.000505 
0.000738 
0.000708 
0.000569 
0.000400 
0.000294 
0.000216 
0.000171 
0.000318 
0.000314 
0.000210 
0.000159 
0.000114 
0.000082 
0.000061 
0.000109 
0.000088 
0.000460 
0.001020 
0.001200 
0.001244 
0.001096 
0.000842 
0.000603 
0.000438 
0.000322 
0.000237 
0.000326 
0.000797 
0.000904 
0.000646 
0.000473 
0.000342 
0.000248 
0.000179 
0.000134 
0.000096 
0.000444 
0.000826 
0.001021 
0.000911 
0.000635 
0.000469 
0.000338 
0.000245 
0.000178 
0.000129 
0.000093 
0.000068 
0.000049 
0.000036 
0.000026 
0.000028 
0.000135 
0.000180 
0.000123 
0.000092 
0.000066 
0.000048 
0.000035 
0.000025 
0.000018 
0.000013 
0.000010 
0.000007 
0.000005 
0.000003 
0.000004 
-0.000012 
0.000209 
-0.000970 
0.003449 
-0.008926 
0.082400 
0.134983 
0.139278 
0.170075 
0.173560 
0.226064 
0.203735 
0.236486 
0.258498 
0.208851 
0.256007 
0.233556 
0.251210 
0.245262 
0.237544 
0.267502 
0.262119 
0.247250 
0.229828 
0.233342 
0.213615 
0.229640 
0.212926 
0.240525 
0.241379 
0.245866 
0.253022 
0.245846 
0.294435 
0.284274 
0.291963 
0.271691 
0.265510 
0.272329 
0.262111 
0.248981 
0.244258 
0.247668 
0.244339 
0.237808 
0.238460 
0.240225 
0.244963 
0.260137 
0.261859 
0.268217 
0.265544 
0.268339 
0.276448 
0.276560 
0.290177 
0.281891 
0.277488 
0.290108 
0.285820 
0.278677 
0.273517 
0.281622 
0.280271 
0.271629 
0.281087 
0.266538 
0.266008 
0.262286 
0.268592 
0.256972 
0.239650 
0.239949 
0.219232 
0.236788 
0.218871 
0.238344 
0.244958 
0.256300 
0.242525 
0.247379 
0.235331 
0.230771 
0.235238 
0.299395 
0.268496 
0.267401 
0.236805 
0.253283 
0.232541 
0.266902 
0.276966 
0.293254 
0.300500 
0.299622 
0.296566 
0.291465 
0.254991 
0.264726 
0.248968 
0.247478 
0.255436 
0.256655 
0.273109 
0.275454 
0.269214 
0.261639 
0.274583 
0.285175 
0.295565 
0.296020 
0.301457 
0.312153 
0.321701 
0.307335 
0.293258 
0.300294 
0.296128 
0.295676 
0.287644 
0.308653 
0.298007 
0.284185 
0.282365 
0.284916 
0.279889 
0.311506 
0.310450 
0.302799 
0.296188 
0.281793 
0.263259 
0.272663 
0.267177 
0.254527 
0.253162 
0.264059 
0.270049 
0.242062 
0.261337 
0.253839 
0.249806 
0.240605 
0.253750 
0.250943 
0.252178 
0.239240 
0.248507 
0.219679 
0.220568 
0.217973 
0.249750 
0.224122 
0.223952 
0.222995 
0.231309 
0.239962 
0.247978 
0.259387 
0.247037 
0.250902 
0.256624 
0.260123 
0.229052 
0.231651 
0.233150 
0.236184 
0.233361 
0.228626 
0.240232 
0.234088 
0.220619 
0.224317 
0.218808 
0.226629 
0.212253 
0.203768 
0.224216 
0.230473 
0.235156 
0.213797 
0.225017 
0.243308 
0.262958 
0.249276 
0.243168 
0.265281 
0.262223 
0.259351 
0.258551 
0.291172 
0.299706 
0.303191 
0.292631 
0.265672 
0.302608 
0.329227 
0.325924 
0.323658 
0.332292 
0.335415 
0.333419 
0.328752 
0.321285 
0.325816 
0.328284 
0.317213 
0.315223 
0.293456 
0.285319 
0.301451 
0.313039 
0.317049 
0.307382 
0.290501 
0.301922 
0.319981 
0.300159 
0.282848 
0.274949 
0.267271 
0.229040 
0.224435 
0.230844 
0.206401 
0.171395 
0.140715 
0.126757 
0.115779 
0.104034 
0.084549 
0.092683 
0.099603 
0.075652 
0.067139 
0.080433 
0.083446 
0.091954 
0.075367 
0.057762 
0.047757 
0.044978 
0.054558 
0.059194 
0.056920 
0.065782 
0.072696 
0.074512 
0.061717 
0.046644 
0.038154 
0.039219 
0.046493 
0.039230 
0.032468 
0.027918 
0.042999 
0.041917 
0.031422 
0.024488 
0.023930 
0.023082 
0.020904 
0.019222 
0.016002 
0.013086 
0.011131 
0.012428 
0.012589 
0.010580 
0.009770 
0.009491 
0.007774 
0.007701 
0.006650 
0.005963 
0.005689 
0.004936 
0.004220 
0.004061 
0.003828 
0.003024 
0.002193 
0.001595 
0.001159 
0.000823 
0.000645 
0.000345 
0.000902 
0.003870 
0.007963 
0.011650 
0.014733 
0.018114 
0.020418 
0.020843 
0.017216 
0.018212 
0.025860 
0.036648 
0.036768 
0.034454 
0.033771 
0.037918 
0.031048 
0.041335 
0.030908 
0.038631 
0.059086 
0.072637 
0.074754 
0.075396 
0.084822 
0.079861 
0.094419 
0.082493 
0.077164 
0.061290 
0.063978 
0.081164 
0.069985 
0.076733 
0.095812 
0.097674 
0.100161 
0.100194 
0.124887 
0.147851 
0.146647 
0.109154 
0.083696 
0.104787 
0.098305 
0.071238 
0.069986 
0.070947 
0.061415 
0.076254 
0.072020 
0.086081 
0.095054 
0.087379 
0.083192 
0.088288 
0.107862 
0.127049 
0.123866 
0.109836 
0.109896 
0.124037 
0.118939 
0.129121 
0.108960 
0.096193 
0.120568 
0.121620 
0.100700 
0.088341 
0.097400 
0.108059 
0.136395 
0.101635 
0.098157 
0.109160 
0.091744 
0.069741 
0.058359 
0.088232 
0.106306 
0.112505 
0.104985 
0.090543 
0.085172 
0.074959 
0.073963 
0.082393 
0.085280 
0.088811 
0.089816 
0.073716 
0.067101 
0.066196 
0.073298 
0.062303 
0.082188 
0.074585 
0.110229 
0.139898 
0.139042 
0.150767 
0.155680 
0.136181 
0.100331 
0.101414 
0.097575 
0.094908 
0.115363 
0.123879 
0.128581 
0.130795 
0.121303 
0.112580 
0.101758 
0.076326 
0.068786 
0.084714 
0.062682 
0.049126 
0.036071 
0.025968 
0.027433 
0.029251 
0.022680 
0.017901 
0.019836 
0.021134 
0.015589 
0.012129 
0.009647 
0.007220 
0.005311 
0.003756 
0.003247 
0.006447 
0.005664 
0.004626 
0.004489 
0.005492 
0.004824 
0.003486 
0.003481 
0.002700 
0.001916 
0.001382 
0.001130 
0.001000 
0.000723 
0.000543 
0.000389 
0.000283 
0.000205 
0.000149 
0.000108 
0.000078 
0.000057 
0.000041 
0.000030 
0.000022 
0.000016 
0.000011 
0.000008 
0.000006 
0.000004 
0.000003 
0.000002 
0.000002 
0.000001 
0.000001 
0.000001 
0.000000 
0.000000 
0.000000 
0.000000 
0.000000 
0.000000 
0.000000 
0.000000 
0.000000 
0.000000 
0.000000 
0.000000 
0.000000 
0.000000 
0.000000 
0.000000 
0.000000 
0.000000 
0.000000 
0.000000 
0.000000 
0.000000 
0.000000 
0.000000 
0.000000 
0.000000 
0.000000 
0.000000 
0.000000 
0.000000 
0.000000 
0.000000 
0.000000 
0.000000 
0.000000 
0.000000 
0.000000 
0.000000 
0.000000 
0.000000 
0.000000 
0.000000 
0.000000 
0.000000 
0.000000 
0.000000 
0.000000 
0.000000 
0.000000 
0.000000 
0.000000 
0.000000 
0.000000 
0.000000 
0.000000 
0.000000 
0.000000 
0.000000 
0.000000 
0.000000 
0.000000 
0.000000 
0.000000 
0.000000 
0.000000 
0.000000 
0.000000 
0.000000 
0.000000 
0.000000 
0.000000 
0.000000 
0.000000 
0.000000 
0.000000 
0.000000 
0.000000 
0.000000 
0.000000 
0.000000 
0.000000 
0.000000 
0.000000 
0.000000 
-0.000000 
-0.000000 
0.000000 
-0.000000 
0.000001 
-0.000001 
0.000013 
0.000046 
0.000039 
0.000027 
0.000020 
0.000014 
0.000010 
0.000008 
0.000007 
-0.000003 
0.000027 
-0.000047 
0.000623 
0.002335 
0.004248 
0.009229 
0.027732 
0.047333 
0.045532 
0.076031 
0.127558 
0.206385 
0.294634 
0.288243 
0.293982 
0.316262 
0.303471 
0.334177 
0.360471 
0.339308 
0.326124 
0.258437 
0.234752 
0.295083 
0.287265 
0.312034 
0.311654 
0.303079 
0.303584 
0.302741 
0.305050 
0.295702 
0.302335 
0.308011 
0.294720 
0.288115 
0.275157 
0.284506 
0.283893 
0.270961 
0.283095 
0.282506 
0.260871 
0.266113 
0.264558 
0.264452 
0.265507 
0.264916 
0.255602 
0.251786 
0.255448 
0.252277 
0.249422 
0.267511 
0.267448 
0.268626 
0.275702 
0.278904 
0.297465 
0.314020 
0.328020 
0.343607 
0.354380 
0.366303 
0.355924 
0.350988 
0.345269 
0.334023 
0.326401 
0.306052 
0.289099 
0.271814 
0.274069 
0.275412 
0.262398 
0.263959 
0.253324 
0.240943 
0.238550 
0.231110 
0.231202 
0.224719 
0.222345 
0.214708 
0.212450 
0.214454 
0.192927 
0.191964 
0.182323 
0.212487 
0.208991 
0.230787 
0.253380 
0.271528 
0.310537 
0.302975 
0.294288 
0.268569 
0.281654 
0.266358 
0.275097 
0.281227 
0.282747 
0.257584 
0.227197 
0.181829 
0.142918 
0.137549 
0.118148 
0.104293 
0.094626 
0.126576 
0.120055 
0.149653 
0.135194 
0.146988 
0.135903 
0.141981 
0.131971 
0.132409 
0.132217 
0.128714 
0.137679 
0.136082 
0.135719 
0.124152 
0.147425 
0.135133 
0.145378 
0.133657 
0.158084 
0.147057 
0.166167 
0.154370 
0.158980 
0.159967 
0.161028 
0.169855 
0.168695 
0.196384 
0.201336 
0.262428 
0.266485 
0.262852 
0.245015 
0.221599 
0.229028 
0.222357 
0.221900 
0.211096 
0.208381 
0.212520 
0.224805 
0.210764 
0.200551 
0.205789 
0.196926 
0.192000 
0.198177 
0.201863 
0.198634 
0.196172 
0.200031 
0.202075 
0.209750 
0.210490 
0.207413 
0.206737 
0.201872 
0.206824 
0.202681 
0.208466 
0.210107 
0.212230 
0.203909 
0.198187 
0.198216 
0.192725 
0.182936 
0.179873 
0.169390 
0.179026 
0.177403 
0.167208 
0.167665 
0.151973 
0.157108 
0.158675 
0.152048 
0.143095 
0.135952 
0.143258 
0.144456 
0.152367 
0.142697 
0.133257 
0.133464 
0.134401 
0.137820 
0.131736 
0.122923 
0.124402 
0.130407 
0.128931 
0.129736 
0.132144 
0.122476 
0.121149 
0.109811 
0.099712 
0.084890 
0.079136 
0.080015 
0.076214 
0.081301 
0.080096 
0.084036 
0.080901 
0.079428 
0.075499 
0.075506 
0.067075 
0.062869 
0.058041 
0.071140 
0.065015 
0.060098 
0.060556 
0.061452 
0.062014 
0.060715 
0.051451 
0.047800 
0.049570 
0.038092 
0.061091 
0.060448 
0.064117 
0.051398 
0.065337 
0.054828 
0.052213 
0.038414 
0.070885 
0.062251 
0.070681 
0.063952 
0.154895 
0.197626 
0.135556 
0.103066 
0.110293 
0.128001 
0.171818 
0.186408 
0.197421 
0.214260 
0.219794 
0.235024 
0.248705 
0.245501 
0.246344 
0.242934 
0.238498 
0.235352 
0.230545 
0.239079 
0.252720 
0.252810 
0.256277 
0.258316 
0.271776 
0.265483 
0.261307 
0.272086 
0.283644 
0.275055 
0.281493 
0.282115 
0.275106 
0.269721 
0.254092 
0.255081 
0.255111 
0.253461 
0.246072 
0.247475 
0.261034 
0.264458 
0.264374 
0.271272 
0.263163 
0.259872 
0.261755 
0.254719 
0.252422 
0.248378 
0.263327 
0.269758 
0.273206 
0.264865 
0.266438 
0.260194 
0.252785 
0.262736 
0.274409 
0.270397 
0.261428 
0.267415 
0.278334 
0.279673 
0.287240 
0.297845 
0.299579 
0.292882 
0.296620 
0.306665 
0.299419 
0.291239 
0.287953 
0.290175 
0.296765 
0.290234 
0.288058 
0.287757 
0.296584 
0.299392 
0.297770 
0.298408 
0.291972 
0.281626 
0.281807 
0.280740 
0.284738 
0.288396 
0.291050 
0.295712 
0.296947 
0.297701 
0.285660 
0.287219 
0.283931 
0.277590 
0.288342 
0.291644 
0.292457 
0.286157 
0.277015 
0.281649 
0.276946 
0.285098 
0.279957 
0.273413 
0.278874 
0.267377 
0.260533 
0.249718 
0.252520 
0.244725 
0.247842 
0.250437 
0.256795 
0.254300 
0.256411 
0.246564 
0.248215 
0.260454 
0.261480 
0.255411 
0.246916 
0.243832 
0.242403 
0.228404 
0.237751 
0.252009 
0.263794 
0.278907 
0.282926 
0.288570 
0.272581 
0.257279 
0.273263 
0.252999 
0.242424 
0.245159 
0.251130 
0.247476 
0.248907 
0.261912 
0.249480 
0.246243 
0.238501 
0.229077 
0.223436 
0.215155 
0.199628 
0.197986 
0.205583 
0.214555 
0.207795 
0.205758 
0.218377 
0.212736 
0.202063 
0.207644 
0.212381 
0.218175 
0.206993 
0.187225 
0.201966 
0.214375 
0.205176 
0.208895 
0.208192 
0.207432 
0.212999 
0.217722 
0.226831 
0.222901 
0.213521 
0.222530 
0.220481 
0.214711 
0.216996 
0.214451 
0.211451 
0.227011 
0.239039 
0.239714 
0.250970 
0.259598 
0.261506 
0.264214 
0.262134 
0.271606 
0.283057 
0.301165 
0.314973 
0.312689 
0.294603 
0.280626 
0.267037 
0.250471 
0.242845 
0.231804 
0.231404 
0.224077 
0.210057 
0.205085 
0.218446 
0.217606 
0.209496 
0.210735 
0.203762 
0.204622 
0.205206 
0.211411 
0.214059 
0.208427 
0.200218 
0.197578 
0.187955 
0.179016 
0.167830 
0.157825 
0.141289 
0.126749 
0.119169 
0.113196 
0.100968 
0.089191 
0.087679 
0.089641 
0.081282 
0.076227 
0.075999 
0.071134 
0.066233 
0.055701 
0.046892 
0.047978 
0.039013 
0.032950 
0.030786 
0.030901 
0.030833 
0.031643 
0.033395 
0.031267 
0.032650 
0.036727 
0.038428 
0.035351 
0.031087 
0.025764 
0.025590 
0.028100 
0.030320 
0.025670 
0.026478 
0.026736 
0.021367 
0.023038 
0.028345 
0.022707 
0.023435 
0.022516 
0.020358 
0.026010 
0.026259 
0.020889 
0.022106 
0.022139 
0.021892 
0.019547 
0.015529 
0.015860 
0.022171 
0.020988 
0.018165 
0.014073 
0.013051 
0.013447 
0.013347 
0.013852 
0.015551 
0.015065 
0.014101 
0.013047 
0.008652 
0.008484 
0.007812 
0.005744 
0.005573 
0.007478 
0.006567 
0.006064 
0.006292 
0.005424 
0.004951 
0.004192 
0.004898 
0.003900 
0.003682 
0.002925 
0.002823 
0.002263 
0.001793 
0.001569 
0.002620 
0.002604 
0.002235 
0.001777 
0.001394 
0.001290 
0.000910 
0.000671 
0.000464 
0.000411 
0.000096 
0.002320 
0.005868 
0.006506 
0.007267 
0.007616 
0.009136 
0.009192 
0.010251 
0.009826 
0.008411 
0.006620 
0.009308 
0.010886 
0.009586 
0.014342 
0.012291 
0.013831 
0.027877 
0.029020 
0.021448 
0.023043 
0.020851 
0.019617 
0.029524 
0.034852 
0.042002 
0.054135 
0.053467 
0.065844 
0.064744 
0.059647 
0.070405 
0.084646 
0.104406 
0.092163 
0.086033 
0.073391 
0.055907 
0.087152 
0.108052 
0.101973 
0.102758 
0.112696 
0.128487 
0.117205 
0.117786 
0.097340 
0.119197 
0.106911 
0.088470 
0.102048 
0.091718 
0.079322 
0.097904 
0.107859 
0.076666 
0.072245 
0.078154 
0.059813 
0.052598 
0.061000 
0.070736 
0.080360 
0.078980 
0.073164 
0.102879 
0.124308 
0.143247 
0.098924 
0.105443 
0.107456 
0.104603 
0.108241 
0.126707 
0.114481 
0.110288 
0.117931 
0.123664 
0.101964 
0.089205 
0.095295 
0.114990 
0.100399 
0.106842 
0.101233 
0.089254 
0.076129 
0.075510 
0.097186 
0.105451 
0.131723 
0.107435 
0.099155 
0.089187 
0.083767 
0.077030 
0.064968 
0.069423 
0.080741 
0.082885 
0.077915 
0.074809 
0.082042 
0.078161 
0.106813 
0.104673 
0.102963 
0.102372 
0.090942 
0.092160 
0.091990 
0.104555 
0.116679 
0.136994 
0.103869 
0.117536 
0.098548 
0.108049 
0.098993 
0.107848 
0.115695 
0.122846 
0.105611 
0.116977 
0.112080 
0.091559 
0.095326 
0.084082 
0.088715 
0.085359 
0.126045 
0.103311 
0.120016 
0.094191 
0.086981 
0.125182 
0.128015 
0.094617 
0.075997 
0.071840 
0.091013 
0.097387 
0.113095 
0.112059 
0.087067 
0.073470 
0.064641 
0.060474 
0.050196 
0.068915 
0.074899 
0.064868 
0.070434 
0.060983 
0.057317 
0.061227 
0.053502 
0.053888 
0.038333 
0.037572 
0.044851 
0.031704 
0.039583 
0.041055 
0.032361 
0.032296 
0.031606 
0.037680 
0.040223 
0.038774 
0.036016 
0.032893 
0.033514 
0.025295 
0.020794 
0.021277 
0.023869 
0.027363 
0.022099 
0.016337 
0.017752 
0.017374 
0.013131 
0.009892 
0.007253 
0.006202 
0.005612 
0.006590 
0.007101 
0.007256 
0.010539 
0.015078 
0.014575 
0.010901 
0.009173 
0.008184 
0.006190 
0.004409 
0.003423 
0.003696 
0.003647 
0.003529 
0.003145 
0.003444 
0.003781 
0.002960 
0.002358 
0.002232 
0.001887 
0.001307 
0.000966 
0.000927 
0.001200 
0.001394 
0.002212 
0.002465 
0.002326 
0.002232 
0.001798 
0.001290 
0.000940 
0.000684 
0.000500 
0.000362 
0.000262 
0.000190 
0.000252 
0.000185 
0.000326 
0.000432 
0.000287 
0.000218 
0.000155 
0.000113 
0.000082 
0.000059 
0.000043 
0.000031 
0.000023 
0.000016 
0.000012 
0.000008 
0.000010 
-0.000002 
0.000141 
0.000338 
0.000307 
0.000758 
0.001631 
0.002189 
0.002285 
0.002166 
0.001714 
0.001456 
0.001438 
0.001152 
0.000832 
0.000607 
0.000441 
0.000336 
0.000312 
0.000318 
0.000591 
0.000475 
0.000379 
0.000288 
0.000206 
0.000147 
0.000119 
0.000187 
0.000228 
0.000205 
0.000185 
0.000251 
0.000404 
0.000347 
0.000681 
0.001046 
0.001064 
0.001013 
0.001262 
0.001594 
0.001686 
0.002051 
0.002108 
0.002484 
0.002807 
0.002270 
0.002401 
0.003022 
0.002629 
0.002107 
0.001954 
0.001704 
0.001249 
0.000907 
0.000658 
0.000477 
0.000346 
0.000251 
0.000182 
0.000132 
0.000095 
0.000069 
0.000050 
0.000036 
0.000026 
0.000019 
0.000014 
0.000010 
0.000007 
0.000005 
0.000004 
0.000003 
0.000002 
0.000001 
0.000001 
0.000001 
0.000001 
0.000000 
0.000000 
0.000000 
0.000000 
0.000000 
0.000000 
0.000000 
0.000000 
0.000000 
0.000000 
0.000000 
0.000000 
0.000000 
0.000000 
0.000000 
0.000000 
0.000000 
0.000000 
0.000000 
0.000000 
0.000000 
0.000000 
0.000000 
0.000000 
0.000000 
0.000000 
0.000000 
0.000000 
0.000000 
0.000000 
0.000000 
0.000000 
0.000000 
0.000000 
0.000000 
0.000000 
0.000000 
0.000000 
0.000000 
0.000000 
0.000000 
0.000000 
0.000000 
0.000000 
0.000000 
0.000000 
0.000000 
0.000000 
0.000000 
0.000000 
0.000000 
0.000000 
0.000000 
0.000000 
0.000000 
0.000000 
0.000000 
0.000000 
0.000000 
0.000000 
0.000000 
0.000000 
0.000000 
0.000000 
0.000000 
0.000000 
0.000000 
0.000000 
0.000000 
0.000000 
0.000000 
0.000000 
0.000000 
0.000000 
0.000000 
0.000000 
0.000000 
0.000000 
0.000000 
0.000000 
0.000000 
0.000000 
0.000000 
0.000000 
0.000000 
0.000000 
0.000000 
0.000000 
0.000000 
0.000000 
0.000000 
0.000000 
0.000000 
0.000000 
0.000000 
0.000000 
0.000000 
0.000000 
0.000000 
0.000000 
0.000000 
0.000000 
0.000000 
0.000000 
0.000000 
0.000000 
0.000000 
0.000000 
0.000000 
0.000000 
0.000000 
0.000000 
0.000000 
0.000000 
0.000000 
0.000000 
0.000000 
0.000000 
0.000000 
0.000000 
0.000000 
0.000000 
0.000000 
0.000000 
0.000000 
0.000000 
0.000000 
0.000000 
0.000000 
0.000000 
0.000000 
0.000000 
0.000000 
0.000000 
0.000000 
0.000000 
0.000000 
0.000000 
0.000000 
0.000000 
0.000000 
0.000000 
0.000000 
0.000000 
0.000000 
0.000000 
0.000000 
0.000000 
0.000000 
0.000000 
0.000000 
0.000000 
0.000000 
0.000000 
0.000000 
0.000000 
0.000000 
0.000000 
0.000000 
0.000000 
0.000000 
0.000000 
0.000000 
0.000000 
0.000000 
0.000000 
0.000000 
0.000000 
0.000000 
0.000000 
0.000000 
0.000000 
0.000000 
0.000000 
0.000000 
0.000000 
0.000000 
0.000000 
0.000000 
0.000000 
0.000000 
0.000000 
0.000000 
0.000000 
0.000000 
0.000000 
0.000000 
0.000000 
0.000000 
0.000000 
0.000000 
0.000000 
0.000000 
0.000000 
0.000000 
0.000000 
0.000000 
0.000000 
0.000000 
0.000000 
0.000000 
0.000000 
0.000000 
0.000000 
0.000000 
0.000000 
0.000000 
0.000000 
0.000000 
0.000000 
0.000000 
0.000000 
0.000000 
0.000000 
0.000000 
0.000000 
0.000000 
0.000000 
0.000000 
0.000000 
0.000000 
0.000000 
0.000000 
0.000000 
0.000000 
0.000000 
0.000000 
0.000000 
0.000000 
0.000000 
0.000000 
0.000000 
0.000000 
0.000000 
0.000000 
0.000000 
0.000000 
0.000000 
0.000000 
0.000000 
0.000000 
0.000000 
0.000000 
0.000000 
0.000000 
0.000000 
0.000000 
0.000000 
0.000000 
0.000000 
0.000000 
0.000000 
0.000000 
0.000000 
0.000000 
0.000000 
0.000000 
0.000000 
0.000000 
0.000000 
0.000000 
0.000000 
0.000000 
0.000000 
0.000000 
0.000000 
0.000000 
0.000000 
0.000000 
0.000000 
0.000000 
0.000000 
0.000000 
0.000000 
0.000000 
0.000000 
0.000000 
0.000000 
0.000000 
0.000000 
0.000000 
0.000000 
0.000000 
0.000000 
0.000000 
0.000000 
0.000000 
0.000000 
0.000000 
0.000000 
0.000000 
0.000000 
0.000000 
0.000000 
0.000000 
0.000000 
0.000000 
0.000000 
0.000000 
0.000000 
0.000000 
0.000000 
0.000000 
0.000000 
0.000000 
0.000000 
0.000000 
0.000000 
0.000000 
0.000000 
0.000000 
0.000000 
0.000000 
0.000000 
0.000000 
0.000000 
0.000000 
0.000000 
0.000000 
0.000000 
0.000000 
0.000000 
0.000000 
0.000000 
0.000000 
0.000000 
0.000000 
0.000000 
0.000000 
0.000000 
0.000000 
0.000000 
0.000000 
0.000000 
0.000000 
0.000000 
0.000000 
0.000000 
0.000000 
0.000000 
0.000000 
0.000000 
0.000000 
0.000000 
0.000000 
0.000000 
0.000000 
0.000000 
0.000000 
0.000000 
0.000000 
0.000000 
0.000000 
0.000000 
0.000000 
0.000000 
0.000000 
0.000000 
0.000000 
0.000000 
0.000000 
0.000000 
0.000000 
0.000000 
0.000000 
0.000000 
0.000000 
0.000000 
0.000000 
0.000000 
0.000000 
0.000000 
0.000000 
0.000000 
0.000000 
0.000000 
0.000000 
0.000000 
0.000000 
0.000000 
0.000000 
0.000000 
0.000000 
0.000000 
0.000000 
0.000000 
0.000000 
0.000000 
0.000000 
0.000000 
0.000000 
0.000000 
0.000000 
0.000000 
0.000000 
0.000000 
0.000000 
0.000000 
0.000000 
0.000000 
0.000000 
0.000000 
0.000000 
0.000000 
0.000000 
0.000000 
0.000000 
0.000000 
0.000000 
0.000000 
0.000000 
0.000000 
0.000000 
0.000000 
0.000000 
0.000000 
0.000000 
0.000000 
0.000000 
0.000000 
0.000000 
0.000000 
0.000000 
0.000000 
0.000000 
0.000000 
0.000000 
0.000000 
0.000000 
0.000000 
0.000000 
0.000000 
0.000000 
0.000000 
0.000000 
0.000000 
0.000000 
0.000000 
0.000000 
0.000000 
0.000000 
0.000000 
0.000000 
0.000000 
0.000000 
0.000000 
0.000000 
0.000000 
0.000000 
0.000000 
0.000000 
0.000000 
0.000000 
0.000000 
0.000000 
0.000000 
0.000000 
0.000000 
0.000000 
0.000000 
0.000000 
0.000000 
0.000000 
0.000000 
0.000000 
0.000000 
0.000000 
0.000000 
0.000000 
0.000000 
0.000000 
0.000000 
0.000000 
0.000000 
0.000000 
0.000000 
0.000000 
0.000000 
0.000000 
0.000000 
0.000000 
0.000000 
0.000000 
0.000000 
0.000000 
0.000000 
0.000000 
0.000000 
0.000000 
0.000000 
0.000000 
0.000000 
0.000000 
0.000000 
0.000000 
0.000000 
0.000000 
0.000000 
0.000000 
0.000000 
0.000000 
0.000000 
0.000000 
0.000000 
0.000000 
0.000000 
0.000000 
0.000000 
0.000000 
0.000000 
0.000000 
0.000000 
0.000000 
0.000000 
0.000000 
0.000000 
0.000000 
0.000000 
0.000000 
0.000000 
0.000000 
0.000000 
0.000000 
0.000000 
0.000000 
0.000000 
0.000000 
0.000000 
0.000000 
0.000000 
0.000000 
0.000000 
0.000000 
0.000000 
0.000000 
0.000000 
0.000000 
0.000000 
0.000000 
0.000000 
0.000000 
0.000000 
0.000000 
0.000000 
0.000000 
0.000000 
0.000000 
0.000000 
0.000000 
0.000000 
0.000000 
0.000000 
0.000000 
0.000000 
0.000000 
0.000000 
0.000000 
0.000000 
0.000000 
0.000000 
0.000000 
0.000000 
0.000000 
0.000000 
0.000000 
0.000000 
0.000000 
0.000000 
0.000000 
0.000000 
0.000000 
0.000000 
0.000000 
0.000000 
0.000000 
0.000000 
0.000000 
0.000000 
0.000000 
0.000000 
0.000000 
0.000000 
0.000000 
0.000000 
0.000000 
0.000000 
0.000000 
0.000000 
0.000000 
0.000000 
0.000000 
0.000000 
0.000000 
0.000000 
0.000000 
0.000000 
0.000000 
0.000000 
0.000000 
0.000000 
0.000000 
0.000000 
0.000000 
0.000000 
0.000000 
0.000000 
0.000000 
0.000000 
0.000000 
0.000000 
0.000000 
0.000000 
0.000000 
0.000000 
0.000000 
0.000000 
0.000000 
0.000000 
0.000000 
0.000000 
0.000000 
0.000000 
0.000000 
0.000000 
0.000000 
0.000000 
0.000000 
0.000000 
0.000000 
0.000000 
0.000000 
0.000000 
0.000000 
0.000000 
0.000000 
0.000000 
0.000000 
0.000000 
0.000000 
0.000000 
0.000000 
0.000000 
0.000000 
0.000000 
0.000000 
0.000000 
0.000000 
0.000000 
0.000000 
0.000000 
0.000000 
0.000000 
0.000000 
0.000000 
0.000000 
0.000000 
0.000000 
0.000000 
0.000000 
0.000000 
0.000000 
0.000000 
0.000000 
0.000000 
0.000000 
0.000000 
0.000000 
0.000000 
0.000000 
0.000000 
0.000000 
0.000000 
0.000000 
0.000000 
0.000000 
0.000000 
0.000000 
0.000000 
0.000000 
0.000000 
0.000000 
0.000000 
0.000000 
0.000000 
0.000000 
0.000000 
0.000000 
0.000000 
0.000000 
0.000000 
0.000000 
0.000000 
0.000000 
0.000000 
0.000000 
0.000000 
0.000000 
0.000000 
0.000000 
0.000000 
0.000000 
0.000000 
0.000000 
0.000000 
0.000000 
0.000000 
0.000000 
0.000000 
0.000000 
0.000000 
0.000000 
0.000000 
0.000000 
0.000000 
0.000000 
0.000000 
0.000000 
0.000000 
-0.000000 
0.000000 
-0.000000 
0.000000 
-0.000000 
0.000001 
0.000016 
0.000014 
0.000009 
0.000007 
0.000005 
0.000003 
0.000004 
-0.000001 
0.000079 
0.000126 
0.000085 
0.000064 
0.000046 
0.000033 
0.000024 
0.000017 
0.000013 
0.000009 
0.000007 
0.000005 
0.000004 
0.000001 
0.000003 
0.000001 
0.000043 
0.001183 
0.002840 
0.003882 
0.004022 
0.005845 
0.005063 
0.008228 
0.012326 
0.011089 
0.009847 
0.007813 
0.012278 
0.011547 
0.016640 
0.022800 
0.017896 
0.016626 
0.018595 
0.024780 
0.026311 
0.028247 
0.032872 
0.024639 
0.064300 
0.138454 
0.076625 
0.253415 
0.386349 
0.241654 
0.364744 
0.329812 
0.244754 
0.377709 
0.278878 
0.295151 
0.341728 
0.246786 
0.353473 
0.258519 
0.286419 
0.324323 
0.236400 
0.354553 
0.258120 
0.314575 
0.311678 
0.259252 
0.341499 
0.239757 
0.331422 
0.266328 
0.278395 
0.312498 
0.241894 
0.323237 
0.239002 
0.321148 
0.261871 
0.279742 
0.262094 
0.251571 
0.289061 
0.227118 
0.284130 
0.218037 
0.287479 
0.221414 
0.271850 
0.232287 
0.259389 
0.256941 
0.242813 
0.285627 
0.238030 
0.286456 
0.224852 
0.294227 
0.228617 
0.321516 
0.264219 
0.325237 
0.291746 
0.299525 
0.271230 
0.281556 
0.264433 
0.268366 
0.257626 
0.271162 
0.278053 
0.263870 
0.262271 
0.275529 
0.295585 
0.273033 
0.272602 
0.272042 
0.305011 
0.266233 
0.258996 
0.273094 
0.297703 
0.270124 
0.265333 
0.260540 
0.262831 
0.269050 
0.300967 
0.284162 
0.291669 
0.271434 
0.272411 
0.285406 
0.301132 
0.282566 
0.282514 
0.291395 
0.306027 
0.270130 
0.268247 
0.259542 
0.269962 
0.259113 
0.276765 
0.285412 
0.307719 
0.275727 
0.294409 
0.265556 
0.300692 
0.273336 
0.315944 
0.280894 
0.309340 
0.253951 
0.263015 
0.219113 
0.283822 
0.274106 
0.293483 
0.284511 
0.267284 
0.266086 
0.290481 
0.274299 
0.277379 
0.299471 
0.306264 
0.299621 
0.284695 
0.297577 
0.295861 
0.302462 
0.293989 
0.316478 
0.301515 
0.285867 
0.268319 
0.292124 
0.300557 
0.310627 
0.306634 
0.290858 
0.304133 
0.297076 
0.320774 
0.291447 
0.302617 
0.291935 
0.301868 
0.284189 
0.281256 
0.300108 
0.309301 
0.300508 
0.280804 
0.309600 
0.288357 
0.304696 
0.289025 
0.300654 
0.298391 
0.295659 
0.277427 
0.259092 
0.275134 
0.247445 
0.265708 
0.237499 
0.253390 
0.237028 
0.266764 
0.291629 
0.288015 
0.306404 
0.272633 
0.289276 
0.286359 
0.313897 
0.293957 
0.311221 
0.283126 
0.278989 
0.292347 
0.251474 
0.272222 
0.210805 
0.242681 
0.200186 
0.221941 
0.187749 
0.210565 
0.199437 
0.218579 
0.209170 
0.218879 
0.241910 
0.210821 
0.225636 
0.193309 
0.258425 
0.221307 
0.261542 
0.251949 
0.242905 
0.275225 
0.247751 
0.271604 
0.249644 
0.290583 
0.278652 
0.296308 
0.297835 
0.318303 
0.313579 
0.328701 
0.306864 
0.339163 
0.327912 
0.334193 
0.306812 
0.307210 
0.302554 
0.279323 
0.234744 
0.192217 
0.153659 
0.161708 
0.158075 
0.148665 
0.126829 
0.101922 
0.144608 
0.158798 
0.145317 
0.140931 
0.165772 
0.180163 
0.162971 
0.158001 
0.153875 
0.177003 
0.191343 
0.183395 
0.199010 
0.183993 
0.189254 
0.203842 
0.219873 
0.202378 
0.192083 
0.214079 
0.187866 
0.188010 
0.174420 
0.167858 
0.164037 
0.183130 
0.204268 
0.203896 
0.182621 
0.208272 
0.229421 
0.216522 
0.207684 
0.221033 
0.222301 
0.226344 
0.216892 
0.192720 
0.174409 
0.178842 
0.179043 
0.184031 
0.174213 
0.155539 
0.137670 
0.125058 
0.107726 
0.093986 
0.103796 
0.085125 
0.079467 
0.082050 
0.063512 
0.055610 
0.054288 
0.051230 
0.075645 
0.082346 
0.065869 
0.059270 
0.064280 
0.077087 
0.079091 
0.083090 
0.080319 
0.122092 
0.110570 
0.077180 
0.102972 
0.095557 
0.088303 
0.097102 
0.094606 
0.084035 
0.084221 
0.087266 
0.093510 
0.098565 
0.126704 
0.116448 
0.110022 
0.107242 
0.097604 
0.098763 
0.082899 
0.072553 
0.071158 
0.062340 
0.051932 
0.070880 
0.061396 
0.070348 
0.069305 
0.076282 
0.061754 
0.051606 
0.042474 
0.069645 
0.061523 
0.060987 
0.051172 
0.057639 
0.046005 
0.064863 
0.062624 
0.065291 
0.048755 
0.051306 
0.050782 
0.045896 
0.042847 
0.038148 
0.039112 
0.031386 
0.045961 
0.035155 
0.035779 
0.028311 
0.031531 
0.028885 
0.028752 
0.045549 
0.032664 
0.036452 
0.028894 
0.026566 
0.021923 
0.016592 
0.013656 
0.009675 
0.007458 
0.007633 
0.009663 
0.008400 
0.009150 
0.007123 
0.005044 
0.003634 
0.002874 
0.003635 
0.003523 
0.004048 
0.002873 
0.002457 
0.001891 
0.001340 
0.000983 
0.000717 
0.000485 
0.000497 
0.000242 
0.001682 
0.004926 
0.004008 
0.003588 
0.003350 
0.003229 
0.003220 
0.002275 
0.002078 
0.001499 
0.001111 
0.000730 
0.000768 
0.002568 
0.005259 
0.009379 
0.010267 
0.017691 
0.021041 
0.018793 
0.004646 
0.087369 
0.138833 
0.093899 
0.145201 
0.226527 
0.144202 
0.152765 
0.312173 
0.238963 
0.189194 
0.312784 
0.257798 
0.204940 
0.293126 
0.220499 
0.196621 
0.276338 
0.209557 
0.179805 
0.150686 
0.106377 
0.188322 
0.208434 
0.234171 
0.217029 
0.164540 
0.272614 
0.245663 
0.290390 
0.245425 
0.248171 
0.217379 
0.258068 
0.278480 
0.210177 
0.177446 
0.187063 
0.168331 
0.229423 
0.221073 
0.171563 
0.164133 
0.148635 
0.160103 
0.183802 
0.203328 
0.197555 
0.215167 
0.171746 
0.183780 
0.231072 
0.220994 
0.232211 
0.190427 
0.214704 
0.230183 
0.200825 
0.233296 
0.205960 
0.161932 
0.136143 
0.161752 
0.234109 
0.254763 
0.226124 
0.214551 
0.217036 
0.224399 
0.184722 
0.164490 
0.224352 
0.212191 
0.178888 
0.178502 
0.177482 
0.230060 
0.218327 
0.189626 
0.180927 
0.143528 
0.166415 
0.222492 
0.214234 
0.171617 
0.185849 
0.279060 
0.289075 
0.214729 
0.171106 
0.181346 
0.207390 
0.182815 
0.130278 
0.198379 
0.276673 
0.233259 
0.224651 
0.265660 
0.298882 
0.281727 
0.289473 
0.287852 
0.275067 
0.263210 
0.247547 
0.258612 
0.264813 
0.238443 
0.219917 
0.220632 
0.225430 
0.227210 
0.240428 
0.279948 
0.281307 
0.248743 
0.213612 
0.199461 
0.198634 
0.176271 
0.159215 
0.175524 
0.160006 
0.135034 
0.163616 
0.219041 
0.232386 
0.239278 
0.245498 
0.197090 
0.217283 
0.197363 
0.144607 
0.196978 
0.248168 
0.208115 
0.158176 
0.110103 
0.126263 
0.176333 
0.149381 
0.109340 
0.107924 
0.149883 
0.163714 
0.159228 
0.184869 
0.231944 
0.164287 
0.158683 
0.149966 
0.126140 
0.135174 
0.129055 
0.135212 
0.126559 
0.112014 
0.120799 
0.122902 
0.112291 
0.088981 
0.124456 
0.140570 
0.111695 
0.115729 
0.128873 
0.108917 
0.138939 
0.132277 
0.138233 
0.161040 
0.151649 
0.202393 
0.200998 
0.173031 
0.225232 
0.244351 
0.211579 
0.246739 
0.253013 
0.298329 
0.310624 
0.280349 
0.264878 
0.289831 
0.267106 
0.262707 
0.253112 
0.252260 
0.222174 
0.210482 
0.180041 
0.158187 
0.170638 
0.209916 
0.172802 
0.208535 
0.157700 
0.191681 
0.151197 
0.189047 
0.160863 
0.153568 
0.156123 
0.113505 
0.167572 
0.131346 
0.158913 
0.180571 
0.125682 
0.173466 
0.131849 
0.126482 
0.133490 
0.084489 
0.141773 
0.133169 
0.105145 
0.139910 
0.091231 
0.113301 
0.147876 
0.095771 
0.116029 
0.107035 
0.075394 
0.114297 
0.091769 
0.072217 
0.131286 
0.102990 
0.080807 
0.118191 
0.087095 
0.078414 
0.132417 
0.096488 
0.077998 
0.119811 
0.093988 
0.072139 
0.113940 
0.092576 
0.063291 
0.104155 
0.096878 
0.060593 
0.085660 
0.090483 
0.056588 
0.060049 
0.086302 
0.063457 
0.046718 
0.072757 
0.073895 
0.045633 
0.052455 
0.074234 
0.051869 
0.038086 
0.064835 
0.063730 
0.041014 
0.036877 
0.054249 
0.042150 
0.027910 
0.032398 
0.037807 
0.027090 
0.018992 
0.018828 
0.021434 
0.015288 
0.010491 
0.014754 
0.022531 
0.015453 
0.011405 
0.008846 
0.011004 
0.010653 
0.007279 
0.007442 
0.011894 
0.012143 
0.008632 
0.007169 
0.006227 
0.004837 
0.003476 
0.002608 
0.003587 
0.002975 
0.003371 
0.003905 
0.003419 
0.002554 
0.002486 
0.002321 
0.001823 
0.001170 
0.001933 
0.002226 
0.001481 
0.001546 
0.001592 
0.001305 
0.001149 
0.001381 
0.001466 
0.001216 
0.000842 
0.000729 
0.000757 
0.001121 
0.001239 
0.001701 
0.001667 
0.001226 
0.000888 
0.000666 
0.000488 
0.000522 
0.000419 
0.000606 
0.001678 
0.002918 
0.003430 
0.003632 
0.004056 
0.003512 
0.003217 
0.003343 
0.003140 
0.003044 
0.003366 
0.002841 
0.002998 
0.003610 
0.004536 
0.004981 
0.005101 
0.004680 
0.004007 
0.003113 
0.002675 
0.003251 
0.003403 
0.003474 
0.003687 
0.003589 
0.003030 
0.002717 
0.002783 
0.002480 
0.002581 
0.002644 
0.002700 
0.002182 
0.002089 
0.002361 
0.002245 
0.002052 
0.001844 
0.001348 
0.000975 
0.000709 
0.000513 
0.000372 
0.000268 
0.000225 
0.000172 
0.000524 
0.000753 
0.000745 
0.000702 
0.000530 
0.000409 
0.000291 
0.000210 
0.000161 
0.000091 
0.000201 
0.000316 
0.000208 
0.000158 
0.000113 
0.000082 
0.000059 
0.000043 
0.000031 
0.000023 
0.000016 
0.000012 
0.000009 
0.000006 
0.000005 
0.000003 
0.000002 
0.000002 
0.000001 
0.000001 
0.000001 
0.000000 
0.000000 
0.000000 
0.000000 
0.000000 
0.000000 
0.000000 
0.000000 
0.000000 
0.000000 
0.000000 
0.000000 
0.000000 
0.000000 
0.000000 
0.000000 
0.000000 
0.000000 
0.000000 
0.000000 
0.000000 
0.000000 
0.000000 
0.000000 
0.000000 
0.000000 
0.000000 
0.000000 
0.000000 
0.000000 
0.000000 
0.000000 
0.000000 
0.000000 
0.000000 
0.000000 
0.000000 
0.000000 
0.000000 
0.000000 
0.000000 
0.000000 
0.000000 
0.000000 
0.000000 
0.000000 
0.000000 
0.000000 
0.000000 
0.000000 
0.000000 
0.000000 
0.000000 
0.000000 
0.000000 
0.000000 
0.000000 
0.000000 
0.000000 
0.000000 
0.000000 
0.000000 
0.000000 
0.000000 
0.000000 
0.000000 
0.000000 
0.000000 
0.000000 
0.000000 
0.000000 
0.000000 
0.000000 
0.000000 
0.000000 
0.000000 
0.000000 
0.000000 
0.000000 
0.000000 
0.000000 
0.000000 
0.000000 
0.000000 
0.000000 
0.000000 
0.000000 
0.000000 
0.000000 
0.000000 
0.000000 
0.000000 
0.000000 
0.000000 
0.000000 
0.000000 
0.000000 
0.000000 
0.000000 
0.000000 
0.000000 
0.000000 
0.000000 
0.000000 
0.000000 
0.000000 
0.000000 
0.000000 
0.000000 
0.000000 
0.000000 
0.000000 
0.000000 
0.000000 
0.000000 
0.000000 
0.000000 
0.000000 
0.000000 
0.000000 
0.000000 
0.000000 
0.000000 
0.000000 
0.000000 
0.000000 
0.000000 
0.000000 
0.000000 
0.000000 
0.000000 
0.000000 
0.000000 
0.000000 
0.000000 
0.000000 
0.000000 
0.000000 
0.000000 
0.000000 
0.000000 
0.000000 
0.000000 
0.000000 
0.000000 
0.000000 
0.000000 
0.000000 
0.000000 
0.000000 
0.000000 
0.000000 
0.000000 
0.000000 
0.000000 
0.000000 
0.000000 
0.000000 
0.000000 
0.000000 
0.000000 
0.000000 
0.000000 
0.000000 
0.000000 
0.000000 
0.000000 
0.000000 
0.000000 
0.000000 
0.000000 
0.000000 
0.000000 
0.000000 
0.000000 
0.000000 
0.000000 
0.000000 
0.000000 
0.000000 
0.000000 
0.000000 
0.000000 
0.000000 
0.000000 
0.000000 
0.000000 
0.000000 
0.000000 
0.000000 
0.000000 
0.000000 
0.000000 
0.000000 
0.000000 
0.000000 
0.000000 
0.000000 
0.000000 
0.000000 
0.000000 
0.000000 
0.000000 
0.000000 
0.000000 
0.000000 
0.000000 
0.000000 
0.000000 
0.000000 
0.000000 
0.000000 
0.000000 
0.000000 
0.000000 
0.000000 
0.000000 
0.000000 
0.000000 
0.000000 
0.000000 
0.000000 
0.000000 
0.000000 
0.000000 
0.000000 
0.000000 
0.000000 
0.000000 
0.000000 
0.000000 
0.000000 
0.000000 
0.000000 
0.000000 
0.000000 
0.000000 
0.000000 
0.000000 
0.000000 
0.000000 
0.000000 
0.000000 
0.000000 
0.000000 
0.000000 
0.000000 
0.000000 
0.000000 
0.000000 
0.000000 
0.000000 
0.000000 
0.000000 
0.000000 
0.000000 
0.000000 
0.000000 
0.000000 
0.000000 
0.000000 
0.000000 
0.000000 
0.000000 
0.000000 
0.000000 
0.000000 
0.000000 
0.000000 
0.000000 
0.000000 
0.000000 
0.000000 
0.000000 
0.000000 
0.000000 
0.000000 
0.000000 
0.000000 
0.000000 
0.000000 
0.000000 
0.000000 
0.000000 
0.000000 
0.000000 
0.000000 
0.000000 
0.000000 
0.000000 
0.000000 
0.000000 
0.000000 
0.000000 
0.000000 
0.000000 
0.000000 
0.000000 
0.000000 
0.000000 
0.000000 
0.000000 
0.000000 
0.000000 
0.000000 
0.000000 
0.000000 
0.000000 
0.000000 
0.000000 
0.000000 
0.000000 
0.000000 
0.000000 
0.000000 
0.000000 
0.000000 
0.000000 
0.000000 
0.000000 
0.000000 
0.000000 
0.000000 
0.000000 
0.000000 
0.000000 
0.000000 
0.000000 
0.000000 
0.000000 
0.000000 
0.000000 
0.000000 
0.000000 
0.000000 
0.000000 
0.000000 
0.000000 
0.000000 
0.000000 
0.000000 
0.000000 
0.000000 
0.000000 
0.000000 
0.000000 
0.000000 
0.000000 
0.000000 
0.000000 
0.000000 
0.000000 
0.000000 
0.000000 
0.000000 
0.000000 
0.000000 
0.000000 
0.000000 
0.000000 
0.000000 
0.000000 
0.000000 
0.000000 
0.000000 
0.000000 
0.000000 
0.000000 
0.000000 
0.000000 
0.000000 
0.000000 
0.000000 
0.000000 
0.000000 
0.000000 
0.000000 
0.000000 
0.000000 
0.000000 
0.000000 
0.000000 
0.000000 
0.000000 
0.000000 
0.000000 
0.000000 
0.000000 
0.000000 
0.000000 
0.000000 
0.000000 
0.000000 
0.000000 
0.000000 
0.000000 
0.000000 
0.000000 
0.000000 
0.000000 
0.000000 
0.000000 
0.000000 
0.000000 
0.000000 
0.000000 
0.000000 
0.000000 
0.000000 
0.000000 
0.000000 
0.000000 
0.000000 
0.000000 
0.000000 
0.000000 
0.000000 
0.000000 
0.000000 
0.000000 
0.000000 
0.000000 
0.000000 
0.000000 
0.000000 
0.000000 
0.000000 
0.000000 
0.000000 
0.000000 
0.000000 
0.000000 
0.000000 
0.000000 
0.000000 
0.000000 
0.000000 
0.000000 
0.000000 
0.000000 
0.000000 
0.000000 
0.000000 
0.000000 
0.000000 
0.000000 
0.000000 
0.000000 
0.000000 
0.000000 
0.000000 
0.000000 
0.000000 
0.000000 
0.000000 
0.000000 
0.000000 
0.000000 
0.000000 
0.000000 
0.000000 
0.000000 
0.000000 
0.000000 
0.000000 
0.000000 
0.000000 
0.000000 
0.000000 
0.000000 
0.000000 
0.000000 
0.000000 
0.000000 
0.000000 
0.000000 
0.000000 
0.000000 
0.000000 
0.000000 
0.000000 
0.000000 
0.000000 
0.000000 
0.000000 
0.000000 
0.000000 
0.000000 
0.000000 
0.000000 
0.000000 
0.000000 
0.000000 
0.000000 
0.000000 
0.000000 
0.000000 
0.000000 
0.000000 
0.000000 
0.000000 
0.000000 
0.000000 
0.000000 
0.000000 
0.000000 
0.000000 
0.000000 
0.000000 
0.000000 
0.000000 
0.000000 
0.000000 
0.000000 
0.000000 
0.000000 
0.000000 
0.000000 
0.000000 
0.000000 
0.000000 
0.000000 
0.000000 
0.000000 
0.000000 
-0.000000 
0.000000 
-0.000000 
0.000000 
-0.000000 
0.000002 
0.000013 
0.000049 
0.000083 
0.000071 
0.000227 
0.000296 
0.000561 
0.000895 
0.000968 
0.000859 
0.001473 
0.001980 
0.001446 
0.001052 
0.000764 
0.000552 
0.000401 
0.000291 
0.000211 
0.000155 
0.000107 
0.000084 
0.000060 
0.000159 
0.003206 
0.007799 
0.008967 
0.011566 
0.025750 
0.027448 
0.058748 
0.143068 
0.128941 
0.089102 
0.070797 
0.101263 
0.115088 
0.122621 
0.135023 
0.128904 
0.169154 
0.185970 
0.216925 
0.238521 
0.270707 
0.287554 
0.293470 
0.282171 
0.298521 
0.300765 
0.301618 
0.317355 
0.320628 
0.333991 
0.323976 
0.324859 
0.333790 
0.327356 
0.334085 
0.326596 
0.335219 
0.333384 
0.340625 
0.329456 
0.305142 
0.286235 
0.271644 
0.281229 
0.250065 
0.310529 
0.278091 
0.349410 
0.328256 
0.318494 
0.309237 
0.309556 
0.309656 
0.325951 
0.359749 
0.354727 
0.345988 
0.362854 
0.353409 
0.348286 
0.350476 
0.341904 
0.332731 
0.331165 
0.342606 
0.346720 
0.333707 
0.325979 
0.311854 
0.321977 
0.317700 
0.311988 
0.306057 
0.283027 
0.293871 
0.268278 
0.275967 
0.262977 
0.285192 
0.274340 
0.278050 
0.277271 
0.273634 
0.283172 
0.270213 
0.279700 
0.255467 
0.286906 
0.259185 
0.287410 
0.256259 
0.305117 
0.268489 
0.323822 
0.277920 
0.324413 
0.271187 
0.280620 
0.225008 
0.269052 
0.231225 
0.259494 
0.243791 
0.237996 
0.217019 
0.229394 
0.240702 
0.230371 
0.269525 
0.229090 
0.270193 
0.213144 
0.281343 
0.212644 
0.269598 
0.226492 
0.250107 
0.236882 
0.240415 
0.297905 
0.240334 
0.306677 
0.239261 
0.295941 
0.242002 
0.284728 
0.275880 
0.262652 
0.281504 
0.249724 
0.328294 
0.247324 
0.302313 
0.237599 
0.290287 
0.254901 
0.271913 
0.303445 
0.257705 
0.332599 
0.266727 
0.366818 
0.288138 
0.334145 
0.278363 
0.324222 
0.328574 
0.322096 
0.344086 
0.315081 
0.362282 
0.316906 
0.382809 
0.328581 
0.393385 
0.322861 
0.388677 
0.326957 
0.383674 
0.321940 
0.375794 
0.324584 
0.388053 
0.330440 
0.377504 
0.323846 
0.352518 
0.314322 
0.355135 
0.312993 
0.335428 
0.314107 
0.333906 
0.330807 
0.351435 
0.339142 
0.328392 
0.355577 
0.341734 
0.358085 
0.331512 
0.371122 
0.342938 
0.352261 
0.344215 
0.356564 
0.357242 
0.350915 
0.369955 
0.346375 
0.340691 
0.330763 
0.353752 
0.351565 
0.354656 
0.350662 
0.336114 
0.338846 
0.322560 
0.331976 
0.338834 
0.332703 
0.328964 
0.316540 
0.320912 
0.297046 
0.275387 
0.297164 
0.285763 
0.283534 
0.276452 
0.271099 
0.277164 
0.263587 
0.250387 
0.246241 
0.254202 
0.240969 
0.229106 
0.222239 
0.216421 
0.220152 
0.217305 
0.211031 
0.218968 
0.210010 
0.215178 
0.215419 
0.193212 
0.208807 
0.188279 
0.195837 
0.172921 
0.188049 
0.158027 
0.181246 
0.152173 
0.184620 
0.148953 
0.198783 
0.162706 
0.191602 
0.163864 
0.165901 
0.173563 
0.148362 
0.146835 
0.122665 
0.131455 
0.112657 
0.129732 
0.108491 
0.118225 
0.116848 
0.095878 
0.100978 
0.086749 
0.113740 
0.083390 
0.084782 
0.065503 
0.058778 
0.049024 
0.040890 
0.048757 
0.032442 
0.037956 
0.036238 
0.027857 
0.027206 
0.019102 
0.022713 
0.018022 
0.017127 
0.014894 
0.013444 
0.012679 
0.008798 
0.006490 
0.006520 
0.004981 
0.005622 
0.006269 
0.004222 
0.004115 
0.003055 
0.003504 
0.003094 
0.002104 
0.001574 
0.001131 
0.000813 
0.000616 
0.001017 
0.000803 
0.000746 
0.001741 
0.001540 
0.002845 
0.010114 
0.038382 
0.136941 
0.170831 
0.147996 
0.172199 
0.129144 
0.102082 
0.085676 
0.114958 
0.121006 
0.135301 
0.159178 
0.191201 
0.120615 
0.122425 
0.129084 
0.139414 
0.189943 
0.218233 
0.231454 
0.237894 
0.233813 
0.229153 
0.229355 
0.217516 
0.214794 
0.216871 
0.221530 
0.234057 
0.229647 
0.226804 
0.228510 
0.238953 
0.240627 
0.241683 
0.256423 
0.254597 
0.257294 
0.271080 
0.285413 
0.297771 
0.313079 
0.299641 
0.275353 
0.264059 
0.248217 
0.240676 
0.233567 
0.234136 
0.238075 
0.224084 
0.214938 
0.220449 
0.225613 
0.227298 
0.215580 
0.221883 
0.230582 
0.236986 
0.249529 
0.263800 
0.256922 
0.251771 
0.210021 
0.174909 
0.121517 
0.089861 
0.064648 
0.046960 
0.034061 
0.024657 
0.017946 
0.018866 
0.018749 
0.019705 
0.019416 
0.021703 
0.027221 
0.027840 
0.025348 
0.019193 
0.014947 
0.010755 
0.008995 
0.007542 
0.010433 
0.014275 
0.009556 
0.007551 
0.006461 
0.005557 
0.004456 
0.004190 
0.005132 
0.004236 
0.003611 
0.003496 
0.003474 
0.002759 
0.002943 
0.003555 
0.002901 
0.002467 
0.002160 
0.001501 
0.001107 
0.000817 
0.000572 
0.002180 
0.005488 
0.012157 
0.014906 
0.054998 
0.069296 
0.046204 
0.037924 
0.034272 
0.050534 
0.061275 
0.064363 
0.109317 
0.166407 
0.204955 
0.223079 
0.241467 
0.240865 
0.246510 
0.255758 
0.238622 
0.261061 
0.270203 
0.240553 
0.226553 
0.233487 
0.250884 
0.274494 
0.254757 
0.259163 
0.263950 
0.274290 
0.265350 
0.256536 
0.254286 
0.250940 
0.252857 
0.272049 
0.259662 
0.247771 
0.263002 
0.244756 
0.234558 
0.245944 
0.245817 
0.249219 
0.262291 
0.276607 
0.276060 
0.278931 
0.262460 
0.248237 
0.246841 
0.230455 
0.204501 
0.193003 
0.191701 
0.176458 
0.160423 
0.153455 
0.143798 
0.139414 
0.143602 
0.144658 
0.151160 
0.163917 
0.169963 
0.174273 
0.173373 
0.162145 
0.145870 
0.124935 
0.107221 
0.094410 
0.084057 
0.075315 
0.069757 
0.061195 
0.054685 
0.052438 
0.046231 
0.040462 
0.037918 
0.038564 
0.039117 
0.040175 
0.039824 
0.039094 
0.038706 
0.034551 
0.028932 
0.032119 
0.035039 
0.040085 
0.050592 
0.050025 
0.049559 
0.045451 
0.062001 
0.075594 
0.090341 
0.107666 
0.120712 
0.126413 
0.151410 
0.161086 
0.159304 
0.177432 
0.192338 
0.223923 
0.239633 
0.240802 
0.240545 
0.250528 
0.278884 
0.269668 
0.272360 
0.291631 
0.293899 
0.305985 
0.327602 
0.326592 
0.293939 
0.262737 
0.262185 
0.285896 
0.291277 
0.290729 
0.288551 
0.301815 
0.321048 
0.316154 
0.308815 
0.308187 
0.307731 
0.313847 
0.290697 
0.285770 
0.285141 
0.276862 
0.291442 
0.277431 
0.257977 
0.250313 
0.253967 
0.249782 
0.240385 
0.241101 
0.244218 
0.235678 
0.240898 
0.257380 
0.267484 
0.246515 
0.247499 
0.275536 
0.292598 
0.306997 
0.313569 
0.319708 
0.353484 
0.345170 
0.318792 
0.258540 
0.278351 
0.261819 
0.314726 
0.327876 
0.327787 
0.286762 
0.266183 
0.232509 
0.177828 
0.245429 
0.257107 
0.274701 
0.258875 
0.261983 
0.249561 
0.208064 
0.196892 
0.229849 
0.219510 
0.269915 
0.233518 
0.292888 
0.248715 
0.249945 
0.238132 
0.246157 
0.247650 
0.291812 
0.237353 
0.257779 
0.210852 
0.230619 
0.210631 
0.236743 
0.206385 
0.269271 
0.205262 
0.240114 
0.191386 
0.129034 
0.143758 
0.135313 
0.152769 
0.170994 
0.173814 
0.196821 
0.203329 
0.260809 
0.205137 
0.249166 
0.185712 
0.252708 
0.196853 
0.209813 
0.271709 
0.191395 
0.199980 
0.143371 
0.194522 
0.251199 
0.184251 
0.251649 
0.187345 
0.199701 
0.189350 
0.152798 
0.239740 
0.180795 
0.226877 
0.200979 
0.163485 
0.215506 
0.152927 
0.204791 
0.193094 
0.168261 
0.202987 
0.133692 
0.220110 
0.207491 
0.190501 
0.225311 
0.148532 
0.220242 
0.203428 
0.195837 
0.233129 
0.170838 
0.225176 
0.161040 
0.198286 
0.250935 
0.177841 
0.245943 
0.198269 
0.195089 
0.202182 
0.155849 
0.206277 
0.142508 
0.177800 
0.201917 
0.153458 
0.184154 
0.123268 
0.164679 
0.189513 
0.132749 
0.178221 
0.142082 
0.162631 
0.201211 
0.135882 
0.154949 
0.129978 
0.101117 
0.115704 
0.082671 
0.102629 
0.112347 
0.081475 
0.114298 
0.092158 
0.077906 
0.113105 
0.081308 
0.083828 
0.092296 
0.064638 
0.088515 
0.086887 
0.057934 
0.067569 
0.073353 
0.064917 
0.072688 
0.061368 
0.052593 
0.053434 
0.047937 
0.053949 
0.051487 
0.037735 
0.033308 
0.025303 
0.018347 
0.015922 
0.014840 
0.011731 
0.011331 
0.010512 
0.008123 
0.008257 
0.007775 
0.005858 
0.004317 
0.003469 
0.002611 
0.001887 
0.001373 
0.000990 
0.000733 
0.000486 
0.000702 
0.001225 
0.004052 
0.008634 
0.010266 
0.011544 
0.010864 
0.010302 
0.010470 
0.009471 
0.007778 
0.006373 
0.006151 
0.004679 
0.010273 
0.010953 
0.008885 
0.014969 
0.019683 
0.015241 
0.032231 
0.028849 
0.040621 
0.040367 
0.047909 
0.077577 
0.065643 
0.064544 
0.056922 
0.050430 
0.056264 
0.041402 
0.048559 
0.056571 
0.097171 
0.095786 
0.071423 
0.074191 
0.056694 
0.068562 
0.048089 
0.073354 
0.087325 
0.085517 
0.111654 
0.085997 
0.094021 
0.073096 
0.085618 
0.068614 
0.070036 
0.063121 
0.059823 
0.057998 
0.070321 
0.083144 
0.069880 
0.081017 
0.063482 
0.063349 
0.053794 
0.092842 
0.078479 
0.089890 
0.073620 
0.075997 
0.070566 
0.080404 
0.083520 
0.073520 
0.083259 
0.067533 
0.084924 
0.078454 
0.099072 
0.077280 
0.076445 
0.059517 
0.094695 
0.087423 
0.095735 
0.109450 
0.093068 
0.088014 
0.078621 
0.099193 
0.074480 
0.085903 
0.067095 
0.106422 
0.103428 
0.083063 
0.066674 
0.064918 
0.064666 
0.061140 
0.095064 
0.071345 
0.091025 
0.077437 
0.090007 
0.082142 
0.082625 
0.084574 
0.059772 
0.063727 
0.046474 
0.073910 
0.073890 
0.057409 
0.058507 
0.053721 
0.071047 
0.060445 
0.052083 
0.055851 
0.042309 
0.057769 
0.064120 
0.048485 
0.045145 
0.034482 
0.030352 
0.035455 
0.024683 
0.035893 
0.037836 
0.027034 
0.038118 
0.040823 
0.038815 
0.043093 
0.045151 
0.039247 
0.044670 
0.039553 
0.034792 
0.037100 
0.027116 
0.020670 
0.020306 
0.018544 
0.018479 
0.019368 
0.020268 
0.017206 
0.016430 
0.014516 
0.016066 
0.018758 
0.017968 
0.017194 
0.017076 
0.012279 
0.010944 
0.008744 
0.006565 
0.006453 
0.006516 
0.007670 
0.007783 
0.005855 
0.004654 
0.003951 
0.004557 
0.004429 
0.003726 
0.003821 
0.004003 
0.005309 
0.005140 
0.004753 
0.003524 
0.002535 
0.001865 
0.001352 
0.001004 
0.000727 
0.000538 
0.000358 
0.000384 
0.000549 
0.000412 
0.000389 
0.000278 
0.000202 
0.000147 
0.000106 
0.000077 
0.000056 
0.000040 
0.000030 
0.000016 
0.000032 
-0.000032 
0.000427 
0.000986 
0.001075 
0.001482 
0.002179 
0.002445 
0.002380 
0.002502 
0.002250 
0.001634 
0.001246 
0.000889 
0.000649 
0.000469 
0.000343 
0.000277 
0.000205 
0.000148 
0.000107 
0.000078 
0.000056 
0.000041 
0.000030 
0.000021 
0.000016 
0.000011 
0.000008 
0.000006 
0.000004 
0.000003 
0.000002 
0.000002 
0.000001 
0.000001 
0.000001 
0.000000 
0.000000 
0.000000 
0.000000 
0.000000 
0.000000 
0.000000 
0.000000 
0.000000 
0.000000 
0.000000 
0.000000 
0.000000 
0.000000 
0.000000 
0.000000 
0.000000 
0.000000 
0.000000 
0.000000 
0.000000 
0.000000 
0.000000 
0.000000 
0.000000 
0.000000 
0.000000 
0.000000 
0.000000 
0.000000 
0.000000 
0.000000 
0.000000 
0.000000 
0.000000 
0.000000 
0.000000 
0.000000 
0.000000 
0.000000 
0.000000 
0.000000 
0.000000 
0.000000 
0.000000 
0.000000 
0.000000 
0.000000 
0.000000 
0.000000 
0.000000 
0.000000 
0.000000 
0.000000 
0.000000 
0.000000 
0.000000 
0.000000 
0.000000 
0.000000 
0.000000 
0.000000 
0.000000 
0.000000 
0.000000 
0.000000 
0.000000 
0.000000 
0.000000 
0.000000 
0.000000 
0.000000 
0.000000 
0.000000 
0.000000 
0.000000 
0.000000 
0.000000 
0.000000 
0.000000 
0.000000 
0.000000 
0.000000 
0.000000 
0.000000 
0.000000 
0.000000 
0.000000 
0.000000 
0.000000 
0.000000 
0.000000 
0.000000 
0.000000 
0.000000 
0.000000 
0.000000 
0.000000 
0.000000 
0.000000 
0.000000 
0.000000 
0.000000 
0.000000 
0.000000 
0.000000 
0.000000 
0.000000 
0.000000 
0.000000 
0.000000 
0.000000 
0.000000 
0.000000 
0.000000 
0.000000 
0.000000 
0.000000 
0.000000 
0.000000 
0.000000 
0.000000 
0.000000 
0.000000 
0.000000 
0.000000 
0.000000 
0.000000 
0.000000 
0.000000 
0.000000 
0.000000 
0.000000 
0.000000 
0.000000 
0.000000 
0.000000 
0.000000 
0.000000 
0.000000 
0.000000 
0.000000 
0.000000 
0.000000 
0.000000 
0.000000 
0.000000 
0.000000 
0.000000 
0.000000 
0.000000 
0.000000 
0.000000 
0.000000 
0.000000 
0.000000 
0.000000 
0.000000 
-0.000000 
0.000000 
0.000000 
-0.000000 
0.000000 
-0.000001 
0.000011 
0.000025 
0.000025 
0.000025 
0.000027 
0.000025 
0.000027 
0.000029 
0.000028 
0.000030 
0.000029 
0.000022 
0.000016 
0.000012 
0.000008 
0.000006 
0.000004 
0.000003 
0.000002 
0.000002 
0.000001 
0.000001 
0.000002 
-0.000002 
0.000003 
-0.000001 
0.000068 
0.001832 
0.004359 
0.005198 
0.004879 
0.005789 
0.009112 
0.009755 
0.009394 
0.013655 
0.011564 
0.010264 
0.019330 
0.022142 
0.063122 
0.195536 
0.187707 
0.132442 
0.115190 
0.086020 
0.072838 
0.112321 
0.119639 
0.156531 
0.204483 
0.180881 
0.143038 
0.164030 
0.211040 
0.309107 
0.285989 
0.280132 
0.277084 
0.264317 
0.318438 
0.314431 
0.328125 
0.316619 
0.301664 
0.310593 
0.276209 
0.326317 
0.309806 
0.334225 
0.259379 
0.279510 
0.224542 
0.301110 
0.286723 
0.331747 
0.255320 
0.279979 
0.314244 
0.333513 
0.322777 
0.258912 
0.299466 
0.308229 
0.326727 
0.282769 
0.322078 
0.277117 
0.332561 
0.318554 
0.308276 
0.316030 
0.294031 
0.265270 
0.274295 
0.312732 
0.289261 
0.271259 
0.296523 
0.269057 
0.299874 
0.270514 
0.302990 
0.275090 
0.295366 
0.321934 
0.314781 
0.364550 
0.279732 
0.329522 
0.274843 
0.314633 
0.325564 
0.278581 
0.306931 
0.291256 
0.330864 
0.351062 
0.274414 
0.271804 
0.301074 
0.237312 
0.255424 
0.277131 
0.203494 
0.274143 
0.283068 
0.220537 
0.284017 
0.243835 
0.220028 
0.256153 
0.195822 
0.247140 
0.244910 
0.216225 
0.299233 
0.261014 
0.305796 
0.326643 
0.261461 
0.315235 
0.248961 
0.241532 
0.239179 
0.209269 
0.228240 
0.197625 
0.244600 
0.243416 
0.216945 
0.236169 
0.214638 
0.230229 
0.219467 
0.216345 
0.239893 
0.230829 
0.243754 
0.225232 
0.216731 
0.205995 
0.201501 
0.210053 
0.173637 
0.211418 
0.217033 
0.239257 
0.229435 
0.232617 
0.216512 
0.221919 
0.242309 
0.231460 
0.248693 
0.233994 
0.230321 
0.243439 
0.253862 
0.241019 
0.242794 
0.260333 
0.245394 
0.239201 
0.241087 
0.247396 
0.267708 
0.285368 
0.310761 
0.305523 
0.304805 
0.287227 
0.293032 
0.290670 
0.264645 
0.242791 
0.217894 
0.226938 
0.216448 
0.213437 
0.227686 
0.211272 
0.199050 
0.212460 
0.211881 
0.209932 
0.215468 
0.211494 
0.198490 
0.194614 
0.196240 
0.194244 
0.194627 
0.199525 
0.199949 
0.207524 
0.213417 
0.215579 
0.229189 
0.217857 
0.217960 
0.225786 
0.238070 
0.233031 
0.218595 
0.218285 
0.219216 
0.227370 
0.240396 
0.234903 
0.243615 
0.266298 
0.258529 
0.263774 
0.270056 
0.250939 
0.251578 
0.267336 
0.265393 
0.273748 
0.282468 
0.284322 
0.274914 
0.283767 
0.288194 
0.279508 
0.269520 
0.264700 
0.247857 
0.231644 
0.224897 
0.225018 
0.216586 
0.197374 
0.190726 
0.191002 
0.192601 
0.184276 
0.176224 
0.180545 
0.180659 
0.172465 
0.162357 
0.163522 
0.164993 
0.159379 
0.164595 
0.161363 
0.150148 
0.142812 
0.142405 
0.154540 
0.152480 
0.154758 
0.152971 
0.152292 
0.151358 
0.159236 
0.155482 
0.148531 
0.150401 
0.154957 
0.166158 
0.164453 
0.164188 
0.127861 
0.102361 
0.085497 
0.075018 
0.079290 
0.085064 
0.088096 
0.087877 
0.100084 
0.101416 
0.102319 
0.106166 
0.106952 
0.108214 
0.106378 
0.123876 
0.118615 
0.126223 
0.118172 
0.115336 
0.119228 
0.121703 
0.135020 
0.135771 
0.140533 
0.129520 
0.133842 
0.127566 
0.114646 
0.131653 
0.122649 
0.164340 
0.155807 
0.224867 
0.215702 
0.265265 
0.267954 
0.261383 
0.290395 
0.257871 
0.286283 
0.263434 
0.276200 
0.223723 
0.268996 
0.222357 
0.253420 
0.232626 
0.227197 
0.246723 
0.227240 
0.279999 
0.225682 
0.274789 
0.242081 
0.241087 
0.255562 
0.204496 
0.262882 
0.201694 
0.232877 
0.223459 
0.193901 
0.236927 
0.195617 
0.232446 
0.230227 
0.187194 
0.240010 
0.206542 
0.196840 
0.266249 
0.225484 
0.225915 
0.232158 
0.184694 
0.232839 
0.223138 
0.215614 
0.223239 
0.167157 
0.144486 
0.174758 
0.131748 
0.117909 
0.122883 
0.094548 
0.067256 
0.076657 
0.072008 
0.049981 
0.064683 
0.048510 
0.042952 
0.079025 
0.058668 
0.051167 
0.061617 
0.040436 
0.047219 
0.050898 
0.032637 
0.030468 
0.039506 
0.029073 
0.022492 
0.016016 
0.017738 
0.024473 
0.024722 
0.027481 
0.036229 
0.029634 
0.024495 
0.020926 
0.022660 
0.020457 
0.014304 
0.011065 
0.012704 
0.012592 
0.009368 
0.010702 
0.013667 
0.012631 
0.011352 
0.010151 
0.007461 
0.005389 
0.003922 
0.002834 
0.002076 
0.002334 
0.003016 
0.002981 
0.002691 
0.002142 
0.001576 
0.001393 
0.001306 
0.001363 
0.001295 
0.000890 
0.000662 
0.000475 
0.000345 
0.000250 
0.000181 
0.000132 
0.000095 
0.000069 
0.000050 
0.000036 
0.000026 
0.000026 
-0.000015 
0.000341 
0.000469 
0.003257 
0.005170 
0.006367 
0.005884 
0.033268 
0.054971 
0.042609 
0.048114 
0.046355 
0.037516 
0.026225 
0.032775 
0.060862 
0.088436 
0.105001 
0.098084 
0.076660 
0.076560 
0.076613 
0.114488 
0.098483 
0.069490 
0.071088 
0.088386 
0.069690 
0.073897 
0.099754 
0.075664 
0.146535 
0.174681 
0.121148 
0.167834 
0.166423 
0.152900 
0.188675 
0.164907 
0.237063 
0.244075 
0.231382 
0.318611 
0.235933 
0.303072 
0.287971 
0.278780 
0.342581 
0.253207 
0.340716 
0.296588 
0.329159 
0.327530 
0.321249 
0.350672 
0.320929 
0.359897 
0.317747 
0.348615 
0.336803 
0.365642 
0.358403 
0.331207 
0.369909 
0.323670 
0.371264 
0.314972 
0.333658 
0.321827 
0.323991 
0.357173 
0.308877 
0.350466 
0.301276 
0.301481 
0.261246 
0.204955 
0.183581 
0.184064 
0.273870 
0.288107 
0.330483 
0.258491 
0.222909 
0.209269 
0.286881 
0.216880 
0.246766 
0.259254 
0.250927 
0.196208 
0.171378 
0.143261 
0.106970 
0.133481 
0.119275 
0.083041 
0.076752 
0.073622 
0.068372 
0.075092 
0.070033 
0.057005 
0.073933 
0.065725 
0.049005 
0.043525 
0.041372 
0.033680 
0.042063 
0.039256 
0.031030 
0.025988 
0.028044 
0.032128 
0.027503 
0.027931 
0.033143 
0.035353 
0.037970 
0.033284 
0.028956 
0.024255 
0.024759 
0.022492 
0.026474 
0.028785 
0.025120 
0.023738 
0.027319 
0.028768 
0.024860 
0.030922 
0.036083 
0.035064 
0.033301 
0.029736 
0.030271 
0.027761 
0.026899 
0.029924 
0.028954 
0.023548 
0.030401 
0.031104 
0.028990 
0.042155 
0.039969 
0.041586 
0.050990 
0.046397 
0.042342 
0.047811 
0.050543 
0.042856 
0.030832 
0.029154 
0.035362 
0.039629 
0.038890 
0.036920 
0.041569 
0.047997 
0.041583 
0.040373 
0.039372 
0.031154 
0.032790 
0.035714 
0.038224 
0.035256 
0.045901 
0.051255 
0.040877 
0.052247 
0.052804 
0.053837 
0.055476 
0.058067 
0.058478 
0.058724 
0.057676 
0.077796 
0.075965 
0.090140 
0.085790 
0.111080 
0.115341 
0.154924 
0.161863 
0.216985 
0.225631 
0.271521 
0.273924 
0.295997 
0.295476 
0.300721 
0.275756 
0.239739 
0.189377 
0.170374 
0.147841 
0.130733 
0.120749 
0.117600 
0.129732 
0.130482 
0.144041 
0.148942 
0.148472 
0.145458 
0.155052 
0.151707 
0.157106 
0.148791 
0.155331 
0.146107 
0.164126 
0.167671 
0.186266 
0.187003 
0.203008 
0.204960 
0.214590 
0.230710 
0.242165 
0.257686 
0.259065 
0.280788 
0.277470 
0.301344 
0.302428 
0.318613 
0.323410 
0.315488 
0.333300 
0.324399 
0.319903 
0.315494 
0.324174 
0.305066 
0.302052 
0.294238 
0.280181 
0.299374 
0.295552 
0.303828 
0.293978 
0.297976 
0.302808 
0.296552 
0.297902 
0.292182 
0.287617 
0.278865 
0.270366 
0.263313 
0.242478 
0.235494 
0.216832 
0.212384 
0.194829 
0.221130 
0.243466 
0.259748 
0.276814 
0.284368 
0.280149 
0.277847 
0.273229 
0.277480 
0.268774 
0.264362 
0.263228 
0.263789 
0.251870 
0.251433 
0.245640 
0.246588 
0.259482 
0.262570 
0.257390 
0.251980 
0.247384 
0.257953 
0.262915 
0.266788 
0.279932 
0.279061 
0.275160 
0.270296 
0.271115 
0.277956 
0.273012 
0.270509 
0.271684 
0.273826 
0.275710 
0.275297 
0.276592 
0.277939 
0.280127 
0.272194 
0.262235 
0.267131 
0.267989 
0.255865 
0.246051 
0.235490 
0.225803 
0.215047 
0.203400 
0.188447 
0.169283 
0.148830 
0.130420 
0.106809 
0.087716 
0.072089 
0.055381 
0.041633 
0.036807 
0.033818 
0.034037 
0.034978 
0.034500 
0.035980 
0.034818 
0.032345 
0.030769 
0.031401 
0.034711 
0.034103 
0.034458 
0.036361 
0.035627 
0.032231 
0.029248 
0.026829 
0.024550 
0.028078 
0.026037 
0.017497 
0.018371 
0.013467 
0.018214 
0.023000 
0.013920 
0.015011 
0.029788 
0.022670 
0.016057 
0.024746 
0.025464 
0.028604 
0.041860 
0.047195 
0.056927 
0.079888 
0.115658 
0.161457 
0.204995 
0.220304 
0.219712 
0.231232 
0.231328 
0.226749 
0.229472 
0.225350 
0.220202 
0.221618 
0.214779 
0.200199 
0.202166 
0.203064 
0.202187 
0.192714 
0.190482 
0.209013 
0.198948 
0.202383 
0.214372 
0.212685 
0.231836 
0.245776 
0.247735 
0.247660 
0.234376 
0.249060 
0.275466 
0.259845 
0.245380 
0.250890 
0.258193 
0.268824 
0.259741 
0.243827 
0.244303 
0.232061 
0.241048 
0.227993 
0.211762 
0.205575 
0.199652 
0.208211 
0.200824 
0.202756 
0.224413 
0.232195 
0.217490 
0.213216 
0.212551 
0.208899 
0.221756 
0.228764 
0.236172 
0.231292 
0.230482 
0.240988 
0.243424 
0.234949 
0.212388 
0.191101 
0.176876 
0.167330 
0.168109 
0.175463 
0.178011 
0.175754 
0.165587 
0.168080 
0.176146 
0.188961 
0.185854 
0.186712 
0.189752 
0.182165 
0.178146 
0.161223 
0.155764 
0.147293 
0.134364 
0.140922 
0.158079 
0.167696 
0.191325 
0.199730 
0.181359 
0.166147 
0.160087 
0.166564 
0.171727 
0.179223 
0.192304 
0.186508 
0.159549 
0.144625 
0.132287 
0.122088 
0.109886 
0.097713 
0.085877 
0.076511 
0.067452 
0.051483 
0.039120 
0.032276 
0.027428 
0.026467 
0.026480 
0.024153 
0.030653 
0.030950 
0.025342 
0.024755 
0.023397 
0.022971 
0.027947 
0.028701 
0.033912 
0.045418 
0.038117 
0.032602 
0.029741 
0.025337 
0.021127 
0.023094 
0.027768 
0.031913 
0.029441 
0.022718 
0.018702 
0.015541 
0.016740 
0.022081 
0.023142 
0.021207 
0.019457 
0.015111 
0.017059 
0.020938 
0.016738 
0.013209 
0.010633 
0.010620 
0.010255 
0.008399 
0.006563 
0.005772 
0.006749 
0.007959 
0.007975 
0.008306 
0.007535 
0.006505 
0.008362 
0.008619 
0.008017 
0.007727 
0.007382 
0.006755 
0.005269 
0.005344 
0.005269 
0.004785 
0.004387 
0.003570 
0.002652 
0.002752 
0.002608 
0.002117 
0.001673 
0.001246 
0.000997 
0.000746 
0.000602 
0.000509 
0.000561 
0.000904 
0.001366 
0.002008 
0.002145 
0.002138 
0.001874 
0.001408 
0.001088 
0.000787 
0.000577 
0.000420 
0.000300 
0.000249 
0.000204 
0.000143 
0.000105 
0.000076 
0.000055 
0.000040 
0.000032 
0.000010 
0.000043 
-0.000047 
0.000231 
0.002627 
0.002755 
0.001985 
0.001302 
0.003582 
0.009369 
0.011192 
0.012793 
0.011557 
0.046236 
0.109586 
0.082732 
0.127165 
0.246888 
0.287607 
0.316351 
0.339642 
0.334918 
0.349319 
0.349957 
0.346280 
0.351084 
0.340236 
0.335326 
0.330461 
0.317107 
0.302564 
0.319682 
0.334336 
0.331225 
0.279466 
0.206861 
0.248343 
0.294451 
0.261214 
0.275135 
0.261833 
0.228354 
0.237059 
0.248033 
0.263864 
0.294418 
0.262467 
0.258079 
0.228565 
0.220119 
0.210769 
0.196105 
0.187345 
0.179282 
0.181744 
0.190581 
0.190831 
0.195746 
0.202657 
0.211674 
0.214772 
0.206355 
0.206884 
0.206859 
0.215627 
0.210130 
0.217651 
0.235845 
0.238978 
0.232313 
0.224434 
0.230384 
0.223709 
0.215027 
0.230234 
0.230472 
0.231424 
0.237925 
0.244605 
0.232296 
0.223913 
0.231513 
0.242907 
0.230915 
0.247656 
0.237117 
0.233539 
0.243656 
0.246038 
0.260119 
0.257918 
0.252872 
0.262497 
0.242740 
0.235923 
0.231179 
0.245037 
0.242891 
0.232483 
0.255192 
0.249928 
0.260978 
0.262905 
0.258999 
0.238778 
0.262026 
0.258158 
0.258991 
0.257361 
0.264833 
0.257588 
0.249001 
0.249645 
0.255905 
0.269112 
0.245431 
0.252741 
0.261505 
0.256008 
0.267949 
0.256032 
0.264883 
0.257998 
0.252699 
0.282123 
0.248641 
0.276668 
0.275082 
0.251571 
0.284653 
0.247114 
0.273987 
0.272808 
0.259942 
0.272410 
0.256429 
0.271679 
0.275790 
0.283484 
0.293842 
0.285458 
0.283691 
0.287757 
0.285265 
0.298661 
0.308146 
0.296500 
0.317957 
0.292269 
0.300128 
0.308096 
0.304796 
0.312029 
0.313393 
0.300545 
0.316183 
0.334617 
0.322818 
0.301096 
0.307405 
0.306356 
0.305944 
0.300455 
0.303854 
0.304023 
0.292898 
0.300240 
0.312609 
0.297551 
0.299604 
0.309076 
0.301338 
0.305820 
0.311850 
0.322150 
0.314351 
0.304492 
0.303913 
0.301797 
0.311599 
0.303771 
0.303703 
0.307644 
0.303710 
0.297593 
0.306034 
0.302598 
0.299857 
0.297096 
0.296263 
0.296897 
0.293675 
0.299001 
0.306481 
0.309730 
0.303107 
0.294788 
0.298052 
0.297371 
0.291310 
0.288653 
0.291421 
0.291435 
0.275500 
0.272200 
0.270228 
0.275686 
0.275155 
0.260358 
0.277579 
0.277134 
0.276089 
0.274295 
0.273907 
0.283613 
0.278142 
0.283114 
0.287679 
0.286240 
0.293505 
0.282725 
0.281869 
0.290880 
0.293699 
0.282442 
0.281828 
0.282137 
0.291066 
0.301729 
0.282359 
0.291382 
0.292073 
0.287795 
0.296768 
0.290243 
0.291119 
0.290059 
0.284829 
0.293356 
0.283788 
0.288658 
0.292830 
0.283315 
0.284445 
0.283209 
0.286456 
0.287713 
0.283985 
0.291177 
0.298686 
0.293573 
0.281589 
0.273543 
0.284930 
0.288011 
0.285871 
0.291437 
0.295983 
0.297569 
0.293965 
0.294476 
0.300890 
0.300432 
0.294868 
0.292433 
0.291848 
0.293424 
0.290152 
0.289847 
0.290076 
0.286779 
0.287514 
0.284293 
0.279448 
0.278717 
0.284100 
0.280478 
0.273776 
0.272350 
0.274534 
0.266462 
0.263856 
0.258657 
0.254926 
0.254345 
0.254011 
0.255803 
0.253713 
0.260230 
0.252454 
0.250965 
0.249130 
0.254941 
0.258949 
0.253912 
0.255378 
0.259829 
0.259743 
0.258316 
0.253672 
0.262278 
0.256819 
0.258231 
0.259958 
0.250566 
0.253737 
0.255133 
0.257901 
0.245730 
0.249008 
0.257337 
0.247613 
0.254220 
0.250021 
0.238625 
0.256418 
0.241951 
0.232508 
0.240289 
0.236312 
0.250231 
0.267753 
0.254039 
0.262659 
0.261258 
0.254158 
0.253945 
0.269839 
0.288194 
0.289840 
0.284351 
0.277922 
0.271267 
0.287891 
0.292694 
0.285649 
0.262047 
0.257318 
0.266157 
0.279440 
0.280528 
0.277233 
0.272613 
0.267488 
0.264515 
0.268842 
0.269721 
0.268856 
0.263152 
0.258197 
0.255210 
0.257416 
0.250060 
0.245429 
0.242969 
0.246884 
0.250944 
0.253813 
0.258158 
0.257830 
0.258647 
0.257123 
0.254815 
0.258965 
0.262801 
0.266822 
0.271775 
0.268117 
0.260738 
0.260719 
0.259735 
0.257399 
0.264788 
0.263347 
0.268749 
0.272785 
0.280769 
0.296491 
0.309511 
0.315152 
0.316313 
0.323603 
0.330437 
0.323041 
0.323145 
0.326075 
0.317762 
0.321351 
0.315091 
0.306863 
0.313905 
0.312065 
0.316938 
0.311782 
0.322064 
0.318099 
0.319957 
0.325700 
0.322140 
0.327514 
0.317625 
0.321196 
0.328305 
0.322580 
0.325745 
0.322258 
0.316962 
0.310721 
0.309992 
0.316513 
0.319023 
0.320073 
0.311560 
0.318688 
0.313737 
0.293617 
0.289106 
0.288226 
0.280238 
0.270074 
0.274619 
0.266922 
0.259190 
0.262582 
0.250157 
0.236973 
0.221279 
0.205772 
0.193793 
0.174925 
0.172065 
0.166195 
0.162681 
0.150971 
0.145713 
0.141961 
0.155313 
0.157497 
0.157416 
0.154522 
0.143954 
0.137608 
0.134397 
0.129838 
0.125347 
0.141599 
0.135133 
0.131008 
0.116495 
0.090667 
0.132648 
0.174270 
0.273359 
0.230704 
0.163766 
0.142415 
0.146485 
0.132713 
0.110586 
0.092881 
0.090551 
0.093129 
0.085936 
0.072416 
0.063815 
0.050058 
0.075983 
0.086676 
0.091554 
0.097679 
0.122451 
0.113144 
0.119507 
0.110680 
0.105712 
0.114531 
0.101381 
0.091473 
0.090874 
0.084503 
0.079440 
0.061739 
0.057360 
0.061870 
0.073436 
0.066811 
0.073056 
0.079972 
0.063125 
0.058018 
0.056718 
0.056266 
0.066122 
0.066168 
0.055245 
0.050073 
0.059970 
0.057288 
0.064983 
0.057598 
0.062677 
0.073091 
0.078726 
0.064097 
0.057677 
0.061371 
0.063048 
0.079306 
0.077900 
0.073206 
0.065988 
0.071109 
0.059830 
0.051059 
0.048487 
0.043665 
0.035891 
0.031632 
0.036776 
0.041958 
0.039012 
0.039098 
0.035992 
0.031896 
0.028369 
0.027000 
0.030804 
0.023690 
0.017734 
0.021281 
0.025882 
0.021363 
0.020631 
0.023114 
0.023289 
0.020273 
0.021773 
0.021587 
0.019199 
0.024673 
0.027222 
0.025442 
0.023127 
0.020513 
0.017245 
0.014161 
0.012256 
0.010782 
0.010165 
0.009911 
0.009863 
0.008675 
0.007626 
0.006725 
0.006681 
0.007436 
0.008093 
0.007084 
0.006154 
0.004704 
0.003648 
0.003523 
0.003373 
0.003016 
0.002814 
0.002234 
0.002115 
0.001915 
0.001450 
0.001053 
0.000764 
0.000553 
0.000402 
0.000291 
0.000212 
0.000181 
0.000157 
0.000115 
0.000083 
0.000060 
0.000044 
0.000032 
0.000023 
0.000017 
0.000012 
0.000009 
0.000006 
0.000005 
0.000003 
0.000002 
0.000002 
0.000001 
0.000001 
0.000001 
0.000000 
0.000000 
0.000000 
0.000000 
0.000000 
0.000000 
0.000000 
0.000000 
0.000000 
0.000000 
0.000000 
0.000000 
0.000000 
0.000000 
0.000000 
0.000000 
0.000000 
0.000000 
0.000000 
0.000000 
0.000000 
0.000000 
0.000000 
0.000000 
0.000000 
0.000000 
0.000000 
0.000000 
0.000000 
0.000000 
0.000000 
0.000000 
0.000000 
0.000000 
0.000000 
0.000000 
0.000000 
0.000000 
0.000000 
0.000000 
0.000000 
0.000000 
0.000000 
0.000000 
0.000000 
0.000000 
0.000000 
0.000000 
0.000000 
0.000000 
0.000000 
0.000000 
0.000000 
0.000000 
0.000000 
0.000000 
0.000000 
0.000000 
0.000000 
0.000000 
0.000000 
0.000000 
0.000000 
0.000000 
0.000000 
0.000000 
0.000000 
0.000000 
0.000000 
0.000000 
0.000000 
0.000000 
0.000000 
0.000000 
0.000000 
0.000000 
0.000000 
0.000000 
0.000000 
0.000000 
0.000000 
0.000000 
0.000000 
0.000000 
0.000000 
0.000000 
0.000000 
0.000000 
0.000000 
0.000000 
0.000000 
0.000000 
0.000000 
0.000000 
0.000000 
0.000000 
0.000000 
0.000000 
0.000000 
0.000000 
0.000000 
0.000000 
0.000000 
0.000000 
0.000000 
0.000000 
0.000000 
0.000000 
0.000000 
0.000000 
0.000000 
0.000000 
