[ASCII 1000Hz, Channels: 1, Samples: 6048, Flags: 0]                          
0.000000 
0.000000 
0.000000 
0.000000 
0.000000 
0.000000 
0.000000 
0.000000 
0.000000 
0.000000 
0.000000 
0.000000 
0.000000 
0.000000 
0.000000 
0.000000 
0.000000 
0.000000 
0.000000 
0.000000 
0.000000 
0.000000 
0.000000 
0.000000 
0.000000 
0.000000 
0.000000 
0.000000 
0.000000 
0.000000 
0.000000 
0.000000 
0.000000 
0.000000 
0.000000 
0.000000 
0.000000 
0.000000 
0.000000 
0.000000 
0.000000 
0.000000 
0.000000 
0.000000 
0.000000 
0.000000 
0.000000 
-0.000000 
0.000000 
0.000000 
-0.000003 
0.000009 
-0.000023 
0.000293 
0.000562 
0.000353 
0.000397 
0.002166 
0.006517 
0.012376 
0.029463 
0.035037 
0.021302 
0.039828 
0.064590 
0.037393 
0.064315 
0.120002 
0.061551 
0.161149 
0.291334 
0.243188 
0.326482 
0.292331 
0.327053 
0.254153 
0.342761 
0.277188 
0.345010 
0.315834 
0.324470 
0.338585 
0.294588 
0.360026 
0.273518 
0.373919 
0.283466 
0.364341 
0.303481 
0.343424 
0.338869 
0.302027 
0.364123 
0.271938 
0.375170 
0.277818 
0.332103 
0.290793 
0.281693 
0.345733 
0.233577 
0.321016 
0.268241 
0.257107 
0.357064 
0.256648 
0.293659 
0.352974 
0.282456 
0.316072 
0.323839 
0.251764 
0.333057 
0.327038 
0.257764 
0.342750 
0.323371 
0.257883 
0.339140 
0.338359 
0.285578 
0.349053 
0.340853 
0.283985 
0.343507 
0.326627 
0.262420 
0.319368 
0.310670 
0.254116 
0.330043 
0.339177 
0.257083 
0.235764 
0.338168 
0.281391 
0.184711 
0.211147 
0.208046 
0.141464 
0.102038 
0.114745 
0.113311 
0.076624 
0.058162 
0.039536 
0.040931 
0.049519 
0.037389 
0.026558 
0.024770 
0.021150 
0.017871 
0.016911 
0.014925 
0.011137 
0.007953 
0.014478 
0.024216 
0.019190 
0.011982 
0.015531 
0.025449 
0.018856 
0.015865 
0.011135 
0.008494 
0.009467 
0.008978 
0.006495 
0.004770 
0.003440 
0.003625 
0.004384 
0.004183 
0.004489 
0.003413 
0.004598 
0.006813 
0.006655 
0.004697 
0.003994 
0.003533 
0.003327 
0.003224 
0.003133 
0.003999 
0.004639 
0.004930 
0.004324 
0.003275 
0.002772 
0.003470 
0.003896 
0.003366 
0.002562 
0.001829 
0.001336 
0.000965 
0.000701 
0.000508 
0.000371 
0.000252 
0.000293 
-0.000033 
0.001832 
0.002935 
0.023839 
0.034161 
0.024503 
0.013206 
0.040970 
0.136240 
0.123205 
0.222835 
0.256064 
0.254061 
0.309292 
0.247068 
0.320438 
0.263699 
0.336523 
0.314593 
0.307161 
0.349451 
0.287421 
0.309622 
0.238089 
0.312391 
0.250161 
0.265399 
0.265241 
0.227331 
0.273578 
0.203307 
0.262711 
0.197206 
0.243544 
0.238462 
0.209798 
0.251962 
0.187741 
0.260083 
0.192557 
0.248043 
0.245906 
0.216607 
0.275986 
0.198844 
0.272954 
0.213884 
0.229141 
0.238460 
0.191526 
0.280245 
0.202698 
0.242111 
0.224577 
0.197866 
0.252635 
0.175842 
0.256241 
0.234434 
0.201407 
0.243220 
0.173753 
0.131425 
0.153494 
0.119108 
0.089607 
0.151846 
0.129689 
0.089023 
0.146736 
0.132338 
0.088520 
0.160954 
0.149768 
0.099187 
0.129478 
0.113332 
0.077411 
0.081030 
0.066385 
0.044092 
0.041380 
0.044757 
0.047882 
0.059987 
0.039284 
0.034815 
0.038624 
0.034355 
0.031189 
0.027572 
0.025253 
0.022472 
0.024414 
0.019911 
0.013702 
0.011695 
0.009139 
0.006410 
0.004959 
0.003966 
0.002833 
0.002068 
0.001496 
0.001085 
0.000787 
0.000570 
0.000413 
0.000300 
0.000217 
0.000158 
0.000114 
0.000083 
0.000060 
0.000044 
0.000032 
0.000023 
0.000017 
0.000012 
0.000009 
0.000006 
0.000008 
-0.000006 
0.000027 
-0.000056 
0.000210 
0.003337 
0.007439 
0.006642 
0.007089 
-0.001749 
0.034949 
0.102190 
0.086847 
0.198483 
0.285152 
0.272725 
0.273759 
0.280936 
0.266720 
0.275928 
0.255178 
0.270544 
0.250945 
0.266638 
0.251642 
0.273098 
0.247545 
0.284673 
0.255572 
0.295679 
0.264616 
0.309973 
0.276321 
0.320695 
0.287425 
0.306333 
0.275477 
0.302717 
0.290369 
0.288736 
0.274572 
0.291710 
0.310086 
0.295963 
0.324550 
0.320169 
0.305155 
0.313551 
0.281978 
0.300207 
0.276403 
0.294247 
0.261160 
0.265621 
0.269684 
0.256489 
0.285582 
0.250517 
0.298683 
0.264565 
0.296958 
0.287963 
0.296930 
0.295391 
0.278645 
0.308509 
0.271738 
0.322587 
0.290486 
0.337260 
0.315545 
0.309315 
0.308883 
0.289247 
0.315136 
0.300986 
0.319256 
0.319310 
0.327132 
0.346721 
0.295964 
0.298383 
0.245789 
0.243508 
0.260190 
0.274722 
0.277726 
0.305060 
0.286543 
0.280338 
0.281366 
0.270334 
0.273367 
0.229098 
0.228208 
0.219125 
0.256023 
0.212646 
0.248831 
0.197057 
0.245201 
0.193493 
0.247365 
0.203602 
0.240928 
0.207532 
0.227592 
0.211136 
0.215868 
0.231404 
0.200713 
0.231241 
0.190205 
0.241335 
0.188067 
0.241939 
0.189393 
0.248060 
0.209619 
0.255137 
0.230010 
0.252449 
0.260799 
0.251281 
0.286195 
0.251074 
0.308111 
0.271965 
0.344113 
0.288761 
0.319864 
0.277390 
0.316772 
0.289375 
0.306099 
0.291191 
0.311692 
0.297584 
0.302141 
0.320868 
0.298139 
0.305767 
0.291227 
0.307132 
0.279579 
0.321685 
0.301444 
0.320854 
0.307248 
0.326687 
0.321797 
0.329974 
0.352928 
0.310247 
0.326745 
0.299839 
0.321652 
0.293348 
0.261607 
0.256436 
0.238353 
0.260332 
0.224579 
0.247433 
0.218583 
0.265221 
0.241192 
0.267754 
0.248761 
0.275349 
0.264122 
0.284092 
0.292203 
0.284317 
0.303928 
0.293046 
0.319615 
0.288761 
0.346760 
0.314384 
0.362620 
0.313240 
0.344566 
0.296518 
0.346648 
0.315334 
0.355506 
0.311026 
0.330379 
0.292159 
0.312874 
0.318504 
0.328719 
0.319743 
0.330475 
0.305622 
0.301884 
0.313008 
0.315354 
0.321884 
0.290417 
0.299315 
0.282791 
0.316633 
0.282175 
0.289951 
0.276025 
0.319375 
0.286413 
0.300164 
0.253679 
0.304839 
0.274267 
0.327977 
0.273280 
0.293682 
0.243247 
0.275980 
0.239594 
0.280147 
0.232602 
0.251548 
0.226195 
0.262693 
0.230040 
0.257115 
0.226857 
0.253904 
0.224536 
0.247936 
0.223242 
0.231090 
0.203673 
0.222043 
0.198253 
0.191674 
0.199229 
0.195260 
0.197948 
0.199154 
0.188881 
0.182211 
0.187995 
0.182877 
0.183755 
0.188950 
0.164052 
0.170813 
0.156949 
0.154536 
0.146976 
0.167164 
0.165427 
0.157257 
0.161016 
0.154250 
0.158657 
0.147807 
0.178175 
0.172217 
0.173473 
0.151283 
0.196317 
0.174411 
0.191646 
0.164727 
0.180137 
0.152730 
0.163343 
0.145014 
0.179491 
0.163999 
0.169680 
0.135464 
0.157346 
0.139597 
0.145914 
0.144155 
0.164967 
0.131379 
0.143977 
0.155693 
0.173540 
0.127125 
0.131238 
0.150921 
0.149617 
0.129620 
0.122758 
0.114538 
0.152583 
0.157661 
0.121150 
0.148809 
0.121096 
0.152721 
0.124697 
0.137270 
0.127602 
0.129702 
0.139673 
0.145321 
0.150811 
0.123257 
0.146229 
0.132615 
0.126034 
0.132200 
0.089774 
0.143446 
0.155808 
0.147126 
0.206467 
0.163116 
0.180026 
0.160363 
0.126732 
0.124586 
0.083630 
0.078478 
0.091638 
0.068099 
0.078829 
0.091115 
0.069381 
0.066866 
0.090788 
0.065863 
0.060042 
0.098777 
0.081487 
0.055997 
0.086510 
0.086586 
0.059595 
0.074678 
0.073149 
0.047281 
0.047651 
0.073738 
0.054250 
0.040793 
0.055555 
0.048467 
0.039009 
0.045249 
0.045445 
0.053176 
0.042548 
0.037406 
0.035967 
0.026287 
0.019536 
0.018338 
0.015638 
0.014692 
0.015125 
0.013713 
0.011610 
0.009893 
0.007923 
0.010596 
0.013018 
0.010348 
0.007877 
0.005883 
0.005141 
0.003991 
0.002797 
0.003286 
0.004354 
0.003289 
0.002376 
0.001765 
0.002089 
0.002487 
0.002816 
0.002718 
0.002234 
0.002038 
0.002178 
0.002036 
0.001673 
0.001210 
0.000879 
0.000637 
0.000462 
0.000335 
0.000243 
0.000176 
0.000128 
0.000092 
0.000067 
0.000049 
0.000035 
0.000026 
0.000019 
0.000013 
0.000010 
0.000007 
0.000005 
0.000004 
0.000003 
0.000002 
0.000001 
0.000001 
0.000001 
0.000001 
0.000000 
0.000000 
0.000000 
0.000000 
0.000000 
0.000000 
0.000000 
0.000000 
0.000000 
0.000000 
0.000000 
0.000000 
0.000000 
0.000000 
0.000000 
0.000000 
0.000000 
0.000000 
0.000000 
0.000000 
0.000000 
0.000000 
0.000000 
0.000000 
0.000000 
0.000000 
0.000000 
0.000000 
0.000000 
0.000000 
0.000000 
0.000000 
0.000000 
0.000000 
0.000000 
0.000000 
0.000000 
0.000000 
0.000000 
0.000000 
0.000000 
0.000000 
0.000000 
0.000000 
0.000000 
0.000000 
0.000000 
0.000000 
0.000000 
0.000000 
0.000000 
0.000000 
0.000000 
0.000000 
0.000000 
0.000000 
0.000000 
0.000000 
0.000000 
0.000000 
0.000000 
0.000000 
0.000000 
0.000000 
0.000000 
0.000000 
0.000000 
0.000000 
0.000000 
0.000000 
0.000000 
0.000000 
0.000000 
0.000000 
0.000000 
0.000000 
0.000000 
0.000000 
0.000000 
0.000000 
0.000000 
0.000000 
0.000000 
0.000000 
0.000000 
0.000000 
0.000000 
0.000000 
0.000000 
0.000000 
0.000000 
0.000000 
0.000000 
0.000000 
0.000000 
0.000000 
0.000000 
0.000000 
0.000000 
0.000000 
0.000000 
0.000000 
0.000000 
0.000000 
0.000000 
0.000000 
0.000000 
0.000000 
0.000000 
0.000000 
0.000000 
0.000000 
0.000000 
0.000000 
0.000000 
0.000000 
0.000000 
0.000000 
0.000000 
0.000000 
0.000000 
0.000000 
0.000000 
0.000000 
0.000000 
0.000000 
0.000000 
0.000000 
0.000000 
0.000000 
0.000000 
0.000000 
0.000000 
0.000000 
0.000000 
0.000000 
0.000000 
0.000000 
0.000000 
0.000000 
0.000000 
0.000000 
0.000000 
0.000000 
0.000000 
0.000000 
0.000000 
0.000000 
0.000000 
0.000000 
0.000000 
0.000000 
0.000000 
0.000000 
0.000000 
0.000000 
0.000000 
0.000000 
0.000000 
0.000000 
0.000000 
0.000000 
0.000000 
0.000000 
0.000000 
0.000000 
0.000000 
0.000000 
0.000000 
0.000000 
0.000000 
0.000000 
0.000000 
0.000000 
0.000000 
0.000000 
0.000000 
0.000000 
0.000000 
0.000000 
0.000000 
0.000000 
0.000000 
0.000000 
0.000000 
0.000000 
0.000000 
0.000000 
0.000000 
0.000000 
0.000000 
0.000000 
0.000000 
0.000000 
0.000000 
0.000000 
0.000000 
0.000000 
0.000000 
0.000000 
0.000000 
0.000000 
0.000000 
0.000000 
0.000000 
0.000000 
0.000000 
0.000000 
0.000000 
0.000000 
0.000000 
0.000000 
0.000000 
0.000000 
0.000000 
0.000000 
0.000000 
0.000000 
0.000000 
0.000000 
0.000000 
0.000000 
0.000000 
0.000000 
0.000000 
0.000000 
0.000000 
0.000000 
-0.000000 
0.000000 
-0.000000 
0.000001 
-0.000002 
0.000009 
0.000086 
0.000079 
0.000046 
0.000057 
0.000007 
0.000569 
0.002137 
0.002150 
0.002537 
0.003875 
0.004764 
0.005567 
0.006441 
0.004320 
0.004678 
0.005184 
0.004611 
0.006833 
0.006289 
0.009371 
0.009419 
0.008164 
0.008280 
0.007138 
0.004849 
0.007418 
0.014109 
0.014177 
0.017484 
0.019524 
0.025842 
0.025325 
0.027785 
0.039166 
0.056819 
0.049705 
0.020765 
0.140100 
0.254868 
0.181552 
0.122299 
0.291986 
0.383686 
0.259945 
0.181489 
0.319728 
0.437242 
0.330332 
0.217871 
0.294380 
0.410023 
0.316381 
0.209862 
0.239035 
0.408368 
0.332457 
0.227477 
0.205534 
0.374603 
0.344128 
0.228658 
0.220043 
0.398378 
0.342034 
0.226821 
0.214746 
0.424639 
0.366135 
0.240171 
0.235500 
0.405584 
0.319125 
0.206131 
0.240646 
0.370799 
0.279438 
0.180586 
0.245622 
0.409331 
0.308776 
0.203443 
0.233350 
0.426667 
0.333355 
0.228146 
0.210169 
0.377819 
0.343592 
0.229266 
0.222005 
0.367680 
0.315145 
0.222423 
0.243246 
0.408471 
0.342185 
0.232164 
0.219406 
0.361235 
0.287481 
0.201393 
0.149216 
0.106396 
0.079614 
0.051362 
0.071578 
0.094021 
0.063839 
0.045182 
0.046142 
0.059228 
0.042034 
0.029661 
0.033653 
0.043406 
0.032557 
0.022797 
0.019755 
0.033228 
0.028564 
0.019588 
0.015003 
0.012087 
0.008794 
0.006373 
0.004619 
0.003355 
0.002425 
0.001836 
0.003510 
0.005197 
0.003855 
0.002780 
0.002033 
0.002099 
0.002039 
0.001435 
0.001114 
0.002566 
0.004992 
0.005946 
0.007715 
0.007868 
0.007060 
0.005899 
0.004358 
0.003158 
0.002290 
0.001664 
0.001189 
0.001117 
0.002005 
0.004632 
0.005367 
0.004227 
0.003231 
0.002307 
0.001661 
0.001307 
0.001152 
0.000827 
0.000616 
0.000454 
0.002624 
0.006119 
0.004466 
0.043431 
0.060585 
0.071689 
0.081539 
0.065131 
0.247688 
0.286945 
0.176847 
0.212772 
0.335287 
0.241417 
0.191602 
0.320022 
0.317234 
0.219663 
0.336895 
0.329453 
0.235548 
0.319262 
0.294538 
0.224665 
0.337879 
0.331964 
0.240542 
0.314099 
0.346814 
0.238150 
0.284378 
0.364898 
0.260045 
0.259066 
0.340111 
0.262643 
0.236700 
0.328742 
0.269205 
0.272599 
0.358868 
0.300302 
0.265325 
0.339993 
0.325653 
0.273313 
0.312138 
0.308294 
0.265901 
0.301887 
0.319290 
0.270411 
0.313828 
0.343170 
0.287920 
0.284911 
0.324973 
0.284020 
0.274635 
0.326787 
0.307600 
0.266623 
0.334218 
0.311220 
0.258594 
0.362845 
0.332789 
0.271421 
0.339785 
0.299938 
0.280838 
0.341525 
0.286178 
0.319926 
0.352016 
0.300314 
0.343318 
0.291442 
0.264258 
0.288978 
0.216317 
0.329517 
0.248747 
0.310079 
0.352699 
0.274119 
0.319923 
0.247615 
0.337319 
0.251513 
0.316525 
0.285534 
0.303317 
0.320446 
0.260613 
0.290093 
0.220893 
0.257257 
0.199728 
0.240889 
0.196009 
0.213342 
0.188320 
0.191673 
0.197001 
0.165941 
0.184092 
0.143403 
0.160129 
0.136665 
0.149798 
0.127230 
0.132465 
0.122509 
0.116250 
0.137958 
0.125694 
0.150648 
0.155029 
0.173071 
0.147619 
0.115277 
0.103069 
0.120108 
0.116411 
0.104278 
0.126610 
0.109811 
0.164717 
0.205342 
0.143182 
0.139551 
0.113705 
0.082600 
0.069473 
0.093639 
0.087868 
0.066416 
0.060736 
0.047946 
0.038850 
0.040125 
0.038116 
0.047940 
0.053509 
0.045847 
0.033372 
0.047341 
0.050979 
0.036003 
0.035817 
0.031610 
0.026618 
0.020541 
0.015545 
0.011796 
0.009355 
0.008481 
0.006250 
0.004511 
0.003283 
0.002374 
0.001723 
0.001249 
0.000905 
0.000660 
0.000503 
0.000836 
0.001098 
0.000791 
0.000579 
0.000419 
0.000304 
0.000220 
0.000160 
0.000116 
0.000084 
0.000061 
0.000044 
0.000033 
0.000017 
0.000036 
-0.000038 
0.000378 
0.001052 
0.000792 
0.000570 
0.000422 
0.000282 
0.000270 
0.000055 
0.002059 
0.008132 
0.012697 
0.016078 
0.010885 
0.041125 
0.209479 
0.199021 
0.161249 
0.135130 
0.093527 
0.069056 
0.069247 
0.049253 
0.231670 
0.230662 
0.241833 
0.284667 
0.257135 
0.293890 
0.258607 
0.333938 
0.268995 
0.344600 
0.283750 
0.342606 
0.305726 
0.339075 
0.304504 
0.344613 
0.321166 
0.325725 
0.329506 
0.317681 
0.322722 
0.300838 
0.343997 
0.277348 
0.352314 
0.282899 
0.330094 
0.272920 
0.352252 
0.304220 
0.325749 
0.314988 
0.280958 
0.308600 
0.261386 
0.341234 
0.257188 
0.340401 
0.265086 
0.300165 
0.256605 
0.250640 
0.263320 
0.181336 
0.151571 
0.108276 
0.080000 
0.059599 
0.039771 
0.045242 
0.052586 
0.037132 
0.043662 
0.036871 
0.026507 
0.026020 
0.020047 
0.014111 
0.010627 
0.009806 
0.007346 
0.007731 
0.006180 
0.007503 
0.009079 
0.006343 
0.008584 
0.007121 
0.007029 
0.007269 
0.006154 
0.007492 
0.005547 
0.007583 
0.006052 
0.004924 
0.003863 
0.003059 
0.002441 
0.001879 
0.001484 
0.001342 
0.001173 
0.001798 
0.002827 
0.003206 
0.005269 
0.004251 
0.005473 
0.005106 
0.004968 
0.006381 
0.007535 
0.006645 
0.005599 
0.005561 
0.005560 
0.006042 
0.007490 
0.004118 
0.011312 
0.028238 
0.021171 
0.016631 
0.014377 
0.030569 
0.033773 
0.038300 
0.049455 
0.043624 
0.053221 
0.056421 
0.049040 
0.066238 
0.049806 
0.051556 
0.086954 
0.126709 
0.162252 
0.141742 
0.133067 
0.121350 
0.143996 
0.145947 
0.143387 
0.150625 
0.125273 
0.096939 
0.118163 
0.135317 
0.132396 
0.112251 
0.100840 
0.129977 
0.174920 
0.130711 
0.139754 
0.221013 
0.145574 
0.186319 
0.318016 
0.212233 
0.213019 
0.394266 
0.293626 
0.239761 
0.413124 
0.335295 
0.243977 
0.367375 
0.306032 
0.211913 
0.376959 
0.354970 
0.222709 
0.340624 
0.362365 
0.228146 
0.234068 
0.278023 
0.196935 
0.142198 
0.144595 
0.156184 
0.115750 
0.078644 
0.091696 
0.106926 
0.074256 
0.052010 
0.065481 
0.070030 
0.047518 
0.034321 
0.042676 
0.046100 
0.037075 
0.037046 
0.032620 
0.031781 
0.030235 
0.024107 
0.039698 
0.044901 
0.039693 
0.030578 
0.039279 
0.044666 
0.037452 
0.044591 
0.040873 
0.035533 
0.009378 
0.114922 
0.240597 
0.168279 
0.134928 
0.326892 
0.345467 
0.217738 
0.210169 
0.376656 
0.309755 
0.190910 
0.271479 
0.387951 
0.268608 
0.182761 
0.352951 
0.390236 
0.247645 
0.218621 
0.389565 
0.334938 
0.221916 
0.209486 
0.333392 
0.289215 
0.191758 
0.193946 
0.356783 
0.327455 
0.224476 
0.193875 
0.349864 
0.349299 
0.235489 
0.173530 
0.325651 
0.337369 
0.221929 
0.181876 
0.292481 
0.326115 
0.219936 
0.169924 
0.291844 
0.363319 
0.267137 
0.191304 
0.158567 
0.267044 
0.249532 
0.169522 
0.128566 
0.219394 
0.287212 
0.198207 
0.150533 
0.190072 
0.277128 
0.217800 
0.153202 
0.123422 
0.247655 
0.315650 
0.217006 
0.158996 
0.134542 
0.276794 
0.265750 
0.182325 
0.128020 
0.187480 
0.332559 
0.250966 
0.185087 
0.125502 
0.291018 
0.362738 
0.241135 
0.173261 
0.167183 
0.338592 
0.275395 
0.197799 
0.129224 
0.228530 
0.326998 
0.224871 
0.169591 
0.117650 
0.279208 
0.311769 
0.208002 
0.154157 
0.124620 
0.306431 
0.294447 
0.200709 
0.146770 
0.124636 
0.311195 
0.295705 
0.203754 
0.140726 
0.167855 
0.313882 
0.245347 
0.180439 
0.114305 
0.172017 
0.349482 
0.261603 
0.192485 
0.128712 
0.144140 
0.309347 
0.248044 
0.176351 
0.124386 
0.116278 
0.207078 
0.170753 
0.120041 
0.086421 
0.088239 
0.135578 
0.117640 
0.082306 
0.060346 
0.046261 
0.051697 
0.048053 
0.034761 
0.025315 
0.018336 
0.013284 
0.009637 
0.006986 
0.005065 
0.003672 
0.002662 
0.001930 
0.001399 
0.001014 
0.000735 
0.000533 
0.000386 
0.000280 
0.000203 
0.000147 
0.000107 
0.000077 
0.000056 
0.000041 
0.000029 
0.000021 
0.000016 
0.000011 
0.000008 
0.000006 
0.000004 
0.000003 
0.000002 
0.000002 
0.000001 
0.000001 
0.000001 
0.000000 
0.000000 
0.000000 
0.000000 
0.000000 
0.000000 
0.000000 
0.000000 
0.000000 
0.000000 
0.000000 
0.000000 
0.000000 
0.000000 
0.000000 
0.000000 
0.000000 
0.000000 
0.000000 
0.000000 
0.000000 
0.000000 
0.000000 
-0.000000 
0.000000 
0.000001 
-0.000005 
0.000016 
-0.000035 
0.000745 
0.001926 
0.001928 
0.001763 
0.002490 
0.002049 
0.002503 
0.012353 
0.011393 
0.019209 
0.024765 
0.024983 
0.031899 
0.029382 
0.034379 
0.039152 
0.042370 
0.042526 
0.036451 
0.030746 
0.042425 
0.063451 
0.059665 
0.052683 
0.063501 
0.064717 
0.089240 
0.137021 
0.109118 
0.091736 
0.090792 
0.115915 
0.115783 
0.107623 
0.144105 
0.146670 
0.134297 
0.134927 
0.098779 
0.117342 
0.153116 
0.133061 
0.144465 
0.149149 
0.130286 
0.121037 
0.122942 
0.122884 
0.145767 
0.169814 
0.193897 
0.150659 
0.198126 
0.212284 
0.140045 
0.209974 
0.289347 
0.199203 
0.180475 
0.277993 
0.215685 
0.164194 
0.308017 
0.289486 
0.191106 
0.313823 
0.328845 
0.207437 
0.311958 
0.369696 
0.231765 
0.289955 
0.359406 
0.229846 
0.267582 
0.351802 
0.230096 
0.271749 
0.370713 
0.237220 
0.287716 
0.366366 
0.227683 
0.311186 
0.380878 
0.241444 
0.287812 
0.304055 
0.197365 
0.344670 
0.336323 
0.237428 
0.388447 
0.314130 
0.274655 
0.423841 
0.293305 
0.324114 
0.392912 
0.262598 
0.354086 
0.297298 
0.270401 
0.334890 
0.220999 
0.328239 
0.290061 
0.260527 
0.387793 
0.257393 
0.348086 
0.335242 
0.270928 
0.380432 
0.263264 
0.355769 
0.313353 
0.303993 
0.365601 
0.274574 
0.378510 
0.281478 
0.364823 
0.319649 
0.315944 
0.335422 
0.284868 
0.349785 
0.275776 
0.333192 
0.260661 
0.340328 
0.276551 
0.322056 
0.279964 
0.310170 
0.294384 
0.309128 
0.317412 
0.296692 
0.320133 
0.286866 
0.332501 
0.278790 
0.318778 
0.269033 
0.322863 
0.262543 
0.287116 
0.243594 
0.247882 
0.257501 
0.239821 
0.254557 
0.228069 
0.256138 
0.229079 
0.274209 
0.248662 
0.272703 
0.243544 
0.254095 
0.222544 
0.280950 
0.260664 
0.282730 
0.252201 
0.288002 
0.254938 
0.284137 
0.245657 
0.289638 
0.256051 
0.283706 
0.263634 
0.279536 
0.261107 
0.282946 
0.262432 
0.261342 
0.234901 
0.282647 
0.257451 
0.279940 
0.262233 
0.278418 
0.265554 
0.260299 
0.234001 
0.249229 
0.251974 
0.266155 
0.253387 
0.242273 
0.247645 
0.264343 
0.275960 
0.274960 
0.291004 
0.268807 
0.284414 
0.294214 
0.303419 
0.301242 
0.319289 
0.320716 
0.302891 
0.307791 
0.292733 
0.310113 
0.298205 
0.301459 
0.299769 
0.288364 
0.289430 
0.285364 
0.288614 
0.266221 
0.255124 
0.240903 
0.235789 
0.233315 
0.222065 
0.224718 
0.214291 
0.223510 
0.221826 
0.219641 
0.207726 
0.194352 
0.206370 
0.203335 
0.193874 
0.180262 
0.194499 
0.209099 
0.201672 
0.207114 
0.198197 
0.207981 
0.196870 
0.191535 
0.176915 
0.166783 
0.166491 
0.160509 
0.156845 
0.151236 
0.151705 
0.165638 
0.154662 
0.156516 
0.151328 
0.157226 
0.164054 
0.166842 
0.176879 
0.176644 
0.169934 
0.174103 
0.175917 
0.172889 
0.160943 
0.147749 
0.142493 
0.132487 
0.122075 
0.113285 
0.102965 
0.098179 
0.086313 
0.079043 
0.076082 
0.070263 
0.086600 
0.101911 
0.092501 
0.087919 
0.083618 
0.077990 
0.063201 
0.052197 
0.051735 
0.045492 
0.035249 
0.028471 
0.029436 
0.028856 
0.028911 
0.024582 
0.019361 
0.018421 
0.014095 
0.012598 
0.016706 
0.017508 
0.015753 
0.017343 
0.020113 
0.017994 
0.015880 
0.017815 
0.020275 
0.019768 
0.016081 
0.016837 
0.018887 
0.018789 
0.020674 
0.019757 
0.023807 
0.023815 
0.023349 
0.020798 
0.022804 
0.020681 
0.022414 
0.019558 
0.019402 
0.019001 
0.017284 
0.014695 
0.010855 
0.014819 
0.017683 
0.019601 
0.021864 
0.021260 
0.024639 
0.022729 
0.020749 
0.020085 
0.021906 
0.022793 
0.020600 
0.018494 
0.018770 
0.018258 
0.017427 
0.017073 
0.019170 
0.018823 
0.021502 
0.022258 
0.018381 
0.024101 
0.025156 
0.023808 
0.026508 
0.024054 
0.024099 
0.029662 
0.030255 
0.029312 
0.032995 
0.040343 
0.042389 
0.041686 
0.036866 
0.044804 
0.047855 
0.053924 
0.062111 
0.050880 
0.043608 
0.040081 
0.033211 
0.040952 
0.104150 
0.172159 
0.195617 
0.173328 
0.172539 
0.176370 
0.182705 
0.205908 
0.228205 
0.246440 
0.261346 
0.264759 
0.255004 
0.250832 
0.255998 
0.284149 
0.295779 
0.304290 
0.287024 
0.287814 
0.295400 
0.291939 
0.289162 
0.304255 
0.294525 
0.282131 
0.300663 
0.296118 
0.304876 
0.293229 
0.276399 
0.292769 
0.286876 
0.273501 
0.286514 
0.292018 
0.297708 
0.291479 
0.295484 
0.276709 
0.265137 
0.277894 
0.267994 
0.251279 
0.256908 
0.276262 
0.269531 
0.260292 
0.277498 
0.259595 
0.279233 
0.247065 
0.215080 
0.245540 
0.243870 
0.252660 
0.251254 
0.269628 
0.272343 
0.278345 
0.284040 
0.270958 
0.282512 
0.265163 
0.257648 
0.263114 
0.272314 
0.270226 
0.252927 
0.259322 
0.239563 
0.241354 
0.246989 
0.243854 
0.253433 
0.240179 
0.252201 
0.233098 
0.241260 
0.231739 
0.252319 
0.239455 
0.244450 
0.247562 
0.240900 
0.254773 
0.239225 
0.269140 
0.245623 
0.268805 
0.241349 
0.278357 
0.246757 
0.278528 
0.246014 
0.267610 
0.245517 
0.271898 
0.254726 
0.291510 
0.265160 
0.283885 
0.264714 
0.293883 
0.268242 
0.307841 
0.274636 
0.319793 
0.274145 
0.321726 
0.261418 
0.300402 
0.244451 
0.318441 
0.247969 
0.314448 
0.253058 
0.301548 
0.266639 
0.264870 
0.269508 
0.207786 
0.219514 
0.154395 
0.217830 
0.170871 
0.213705 
0.261957 
0.204691 
0.325224 
0.238289 
0.310627 
0.296718 
0.262902 
0.359850 
0.247713 
0.352067 
0.301052 
0.282957 
0.375033 
0.255539 
0.361227 
0.299550 
0.276799 
0.367735 
0.242908 
0.351908 
0.316618 
0.262559 
0.388036 
0.261185 
0.329047 
0.346638 
0.241914 
0.380693 
0.291903 
0.280483 
0.380534 
0.245958 
0.318512 
0.322796 
0.219838 
0.351124 
0.282547 
0.241538 
0.360848 
0.238914 
0.285696 
0.362410 
0.230834 
0.337237 
0.306941 
0.237154 
0.332367 
0.227663 
0.301286 
0.334785 
0.234441 
0.330975 
0.260612 
0.223679 
0.325257 
0.228807 
0.239196 
0.317096 
0.203614 
0.264477 
0.308557 
0.197905 
0.297462 
0.282817 
0.194647 
0.318844 
0.269106 
0.207051 
0.339981 
0.252811 
0.236308 
0.354498 
0.237602 
0.244543 
0.340432 
0.216313 
0.261049 
0.339415 
0.205756 
0.289470 
0.355041 
0.215538 
0.294908 
0.331204 
0.199049 
0.309389 
0.343742 
0.209580 
0.311015 
0.328698 
0.199973 
0.302485 
0.328657 
0.197143 
0.308944 
0.349270 
0.207620 
0.294481 
0.356282 
0.214670 
0.280431 
0.349206 
0.215923 
0.249362 
0.337305 
0.223680 
0.206214 
0.274595 
0.200528 
0.148968 
0.154536 
0.121515 
0.085668 
0.064366 
0.046533 
0.033748 
0.024487 
0.017743 
0.012866 
0.009327 
0.006762 
0.004902 
0.003554 
0.002577 
0.001868 
0.001354 
0.000982 
0.000712 
0.000516 
0.000374 
0.000271 
0.000197 
0.000143 
0.000103 
0.000075 
0.000054 
0.000039 
0.000029 
0.000021 
0.000015 
0.000011 
0.000008 
0.000006 
0.000004 
0.000003 
0.000002 
0.000002 
0.000001 
0.000001 
0.000001 
0.000000 
0.000000 
0.000000 
0.000000 
0.000000 
0.000000 
0.000001 
-0.000001 
0.000001 
-0.000000 
0.000023 
0.000665 
0.001580 
0.002056 
0.001786 
0.001389 
0.001658 
0.002192 
0.001954 
0.001374 
0.001027 
0.000727 
0.001448 
0.002445 
0.002335 
0.001431 
0.003414 
0.017677 
0.035953 
0.061538 
0.080332 
0.093070 
0.072758 
0.064854 
0.055668 
0.045435 
0.046981 
0.045404 
0.033873 
0.036993 
0.082859 
0.087729 
0.061654 
0.055974 
0.046134 
0.041219 
0.047542 
0.048558 
0.050976 
0.047438 
0.060151 
0.123053 
0.137316 
0.147275 
0.162273 
0.121974 
0.094487 
0.074156 
0.148087 
0.256073 
0.187626 
0.209488 
0.338972 
0.280419 
0.262718 
0.366634 
0.305507 
0.261034 
0.362085 
0.307326 
0.278079 
0.383732 
0.309370 
0.281796 
0.372182 
0.276965 
0.296213 
0.357844 
0.245095 
0.300620 
0.376323 
0.272338 
0.323698 
0.306286 
0.215161 
0.346504 
0.333142 
0.255252 
0.331553 
0.237699 
0.213702 
0.351700 
0.247680 
0.286792 
0.330994 
0.202076 
0.327708 
0.338487 
0.216276 
0.389896 
0.354611 
0.267966 
0.396282 
0.276859 
0.328585 
0.414497 
0.264400 
0.352462 
0.313431 
0.280927 
0.426525 
0.289048 
0.338145 
0.351227 
0.245471 
0.397722 
0.304296 
0.314894 
0.415900 
0.273872 
0.347455 
0.303564 
0.239513 
0.329508 
0.233302 
0.224701 
0.251077 
0.163759 
0.198113 
0.190331 
0.129932 
0.232327 
0.206374 
0.147357 
0.198106 
0.146507 
0.156713 
0.228971 
0.138919 
0.219767 
0.254863 
0.164097 
0.336996 
0.287624 
0.273861 
0.388225 
0.259021 
0.398540 
0.361296 
0.308042 
0.403248 
0.273737 
0.324758 
0.281885 
0.233397 
0.334443 
0.230254 
0.289956 
0.279494 
0.222614 
0.333222 
0.229933 
0.293857 
0.291006 
0.222665 
0.355248 
0.249700 
0.307960 
0.322521 
0.236862 
0.349428 
0.254577 
0.283283 
0.316481 
0.225654 
0.331803 
0.265961 
0.265863 
0.318392 
0.219134 
0.307859 
0.289788 
0.243723 
0.285818 
0.192849 
0.281047 
0.270605 
0.199981 
0.289853 
0.228698 
0.201949 
0.286071 
0.201060 
0.236581 
0.269553 
0.174841 
0.274702 
0.277121 
0.199971 
0.323560 
0.254684 
0.231157 
0.298813 
0.198461 
0.254277 
0.280281 
0.183204 
0.287416 
0.270871 
0.205440 
0.320471 
0.242988 
0.216371 
0.319636 
0.212528 
0.256157 
0.312155 
0.200409 
0.228030 
0.223867 
0.138707 
0.182678 
0.231304 
0.137147 
0.202902 
0.297293 
0.173552 
0.267537 
0.397001 
0.241170 
0.317170 
0.414509 
0.256583 
0.300102 
0.407188 
0.257176 
0.289219 
0.437915 
0.292169 
0.282493 
0.442133 
0.314308 
0.271367 
0.434480 
0.329360 
0.252430 
0.419364 
0.351784 
0.236933 
0.391461 
0.378445 
0.231672 
0.367233 
0.417969 
0.252127 
0.317963 
0.420179 
0.266290 
0.276335 
0.436687 
0.315645 
0.242145 
0.403311 
0.356753 
0.224693 
0.366513 
0.404286 
0.242632 
0.302380 
0.429631 
0.287328 
0.245872 
0.414867 
0.344791 
0.220018 
0.366838 
0.412874 
0.251309 
0.285790 
0.418020 
0.295266 
0.217811 
0.377426 
0.359931 
0.216606 
0.288955 
0.408720 
0.276119 
0.215861 
0.382246 
0.349986 
0.213076 
0.280770 
0.392169 
0.269400 
0.197227 
0.345354 
0.340803 
0.211454 
0.224987 
0.355412 
0.268559 
0.172613 
0.268612 
0.332289 
0.220454 
0.165275 
0.287881 
0.280787 
0.179165 
0.167256 
0.297313 
0.243625 
0.155756 
0.176576 
0.280944 
0.209007 
0.134974 
0.179053 
0.272872 
0.194878 
0.127933 
0.179425 
0.258052 
0.181728 
0.121247 
0.162708 
0.234308 
0.166642 
0.111866 
0.139155 
0.207535 
0.149694 
0.103391 
0.106644 
0.148797 
0.115015 
0.080187 
0.071034 
0.074582 
0.054079 
0.040280 
0.027596 
0.041428 
0.041581 
0.027707 
0.020972 
0.014933 
0.010881 
0.007885 
0.005716 
0.004144 
0.003004 
0.002178 
0.001579 
0.001145 
0.000830 
0.000602 
0.000436 
0.000316 
0.000229 
0.000166 
0.000121 
0.000087 
0.000063 
0.000046 
0.000033 
0.000024 
0.000017 
0.000013 
0.000009 
0.000007 
0.000005 
0.000004 
0.000003 
0.000002 
0.000001 
0.000001 
0.000001 
0.000001 
0.000000 
0.000000 
0.000000 
0.000000 
0.000000 
0.000000 
0.000000 
0.000000 
0.000000 
0.000000 
0.000000 
-0.000000 
0.000000 
-0.000001 
0.000004 
0.000009 
0.000095 
0.000347 
0.000683 
0.001198 
0.001725 
0.001661 
0.001174 
0.000860 
0.000638 
0.000932 
0.000862 
0.000613 
0.001354 
0.001761 
0.001371 
0.001450 
0.001856 
0.001798 
0.001948 
0.001866 
0.001407 
0.001078 
0.000787 
0.000574 
0.000459 
0.000856 
0.003601 
0.006584 
0.009484 
0.026925 
0.041910 
0.060936 
0.099830 
0.092858 
0.185146 
0.203384 
0.150910 
0.117757 
0.080291 
0.071957 
0.079333 
0.063436 
0.061535 
0.045680 
0.124761 
0.124313 
0.095614 
0.074281 
0.062110 
0.063392 
0.044712 
0.038711 
0.059719 
0.079810 
0.060115 
0.050986 
0.044685 
0.047707 
0.052035 
0.056620 
0.103656 
0.088372 
0.066281 
0.050880 
0.063676 
0.079154 
0.076868 
0.041674 
0.089539 
0.334871 
0.281896 
0.176914 
0.333682 
0.379266 
0.228162 
0.269861 
0.406735 
0.281170 
0.248481 
0.365762 
0.261205 
0.227881 
0.364679 
0.271631 
0.218747 
0.355362 
0.268726 
0.223072 
0.371209 
0.269954 
0.243559 
0.393465 
0.272478 
0.281972 
0.401028 
0.262029 
0.304886 
0.353864 
0.230971 
0.342655 
0.308757 
0.234354 
0.342307 
0.234504 
0.276616 
0.374640 
0.240195 
0.346973 
0.313594 
0.251280 
0.381454 
0.260099 
0.315245 
0.360680 
0.246874 
0.378177 
0.298023 
0.286994 
0.367382 
0.239924 
0.370311 
0.339328 
0.289031 
0.424598 
0.290680 
0.351019 
0.351652 
0.264081 
0.401872 
0.296264 
0.314549 
0.377721 
0.255712 
0.341297 
0.285328 
0.248070 
0.335788 
0.226021 
0.285288 
0.279869 
0.206237 
0.306642 
0.240591 
0.190302 
0.284092 
0.262167 
0.180334 
0.348288 
0.300893 
0.251843 
0.394552 
0.267309 
0.319360 
0.367211 
0.240508 
0.367066 
0.306517 
0.280151 
0.376293 
0.254458 
0.338873 
0.326769 
0.264942 
0.378899 
0.270219 
0.319270 
0.348799 
0.255513 
0.381317 
0.296858 
0.304566 
0.376703 
0.254314 
0.357257 
0.314219 
0.279501 
0.391454 
0.268982 
0.342569 
0.356199 
0.261237 
0.384447 
0.295655 
0.288478 
0.370109 
0.247056 
0.345325 
0.332536 
0.250637 
0.378569 
0.279913 
0.277638 
0.375623 
0.238520 
0.316774 
0.350737 
0.226159 
0.359022 
0.316287 
0.239122 
0.379460 
0.278419 
0.259031 
0.372425 
0.244600 
0.265797 
0.348539 
0.219439 
0.262029 
0.312727 
0.195498 
0.225867 
0.256234 
0.165147 
0.159282 
0.174392 
0.118043 
0.100910 
0.117122 
0.085081 
0.065853 
0.081437 
0.061922 
0.046960 
0.047409 
0.033158 
0.029374 
0.031514 
0.019681 
0.030427 
0.041882 
0.038411 
0.034927 
0.032706 
0.139542 
0.094721 
0.217277 
0.365889 
0.251978 
0.238081 
0.355407 
0.302974 
0.235060 
0.326819 
0.297065 
0.207073 
0.301957 
0.326928 
0.229142 
0.248695 
0.319551 
0.260246 
0.222740 
0.356469 
0.359894 
0.262381 
0.308779 
0.381117 
0.311542 
0.252539 
0.345921 
0.363245 
0.253200 
0.266855 
0.361713 
0.317372 
0.221756 
0.269047 
0.335431 
0.257062 
0.207893 
0.304376 
0.317225 
0.217041 
0.222789 
0.308102 
0.272453 
0.189041 
0.229628 
0.287926 
0.221146 
0.178772 
0.247472 
0.241258 
0.162964 
0.183928 
0.207169 
0.139422 
0.135303 
0.273840 
0.253303 
0.169738 
0.195358 
0.245873 
0.168208 
0.123561 
0.103358 
0.116444 
0.096238 
0.069526 
0.046191 
0.059075 
0.107414 
0.086371 
0.060943 
0.045828 
0.045714 
0.035711 
0.025196 
0.018490 
0.013482 
0.009367 
0.008812 
0.015286 
0.013784 
0.009450 
0.007436 
0.012340 
0.010883 
0.007462 
0.005469 
0.004361 
0.006098 
0.005426 
0.003859 
0.002831 
0.002042 
0.001482 
0.001075 
0.000779 
0.000565 
0.000409 
0.000299 
0.000231 
0.000169 
0.000122 
0.000089 
0.000064 
0.000047 
0.000034 
0.000024 
0.000018 
0.000010 
0.000018 
-0.000013 
0.000144 
0.000520 
-0.000008 
0.002080 
0.005238 
0.006987 
0.055199 
0.066993 
0.043475 
0.033099 
0.024420 
0.029881 
0.029004 
0.024595 
0.009821 
0.214806 
0.252316 
0.166337 
0.117990 
0.285963 
0.351357 
0.279434 
0.183678 
0.227776 
0.392541 
0.366619 
0.255155 
0.213391 
0.306066 
0.339312 
0.265997 
0.196050 
0.208908 
0.256814 
0.237106 
0.163577 
0.154227 
0.230078 
0.241838 
0.178353 
0.116985 
0.250751 
0.317796 
0.236085 
0.172378 
0.160297 
0.231735 
0.182956 
0.127273 
0.109060 
0.219101 
0.237346 
0.163094 
0.133556 
0.253737 
0.262050 
0.184589 
0.127716 
0.174145 
0.254161 
0.193563 
0.131021 
0.144403 
0.279155 
0.280518 
0.204695 
0.182533 
0.287047 
0.297448 
0.196590 
0.191620 
0.322112 
0.341413 
0.235483 
0.210612 
0.339145 
0.379503 
0.264070 
0.256272 
0.357639 
0.355119 
0.243135 
0.235453 
0.373393 
0.313955 
0.211935 
0.273638 
0.367347 
0.274854 
0.218618 
0.349582 
0.369748 
0.243072 
0.284111 
0.373513 
0.282916 
0.201589 
0.310683 
0.343663 
0.219383 
0.262426 
0.394053 
0.297740 
0.233449 
0.341686 
0.371513 
0.253061 
0.252911 
0.380431 
0.298515 
0.232673 
0.324630 
0.347280 
0.235873 
0.250810 
0.359782 
0.288625 
0.222202 
0.338867 
0.358059 
0.235468 
0.276892 
0.372981 
0.287056 
0.202558 
0.330921 
0.333349 
0.201589 
0.240913 
0.429354 
0.315832 
0.223338 
0.388191 
0.385087 
0.230814 
0.315991 
0.432507 
0.279630 
0.260431 
0.435323 
0.344189 
0.230145 
0.385072 
0.400960 
0.239890 
0.331681 
0.437414 
0.277156 
0.278045 
0.440116 
0.324215 
0.244487 
0.411121 
0.365254 
0.230846 
0.371279 
0.403071 
0.241397 
0.326491 
0.424069 
0.264964 
0.284324 
0.432327 
0.299682 
0.257095 
0.420303 
0.329796 
0.237933 
0.400192 
0.358306 
0.230409 
0.377456 
0.385761 
0.232518 
0.349444 
0.414090 
0.248381 
0.325005 
0.430512 
0.268429 
0.296194 
0.438681 
0.298312 
0.262016 
0.401513 
0.305377 
0.224562 
0.251207 
0.197037 
0.136774 
0.108323 
0.101675 
0.073748 
0.053443 
0.050452 
0.043816 
0.029647 
0.032273 
0.031662 
0.020184 
0.026490 
0.031660 
0.013101 
0.115651 
0.199845 
0.132600 
0.120705 
0.066574 
0.154177 
0.379834 
0.252510 
0.259145 
0.323211 
0.232790 
0.246630 
0.319629 
0.250687 
0.289823 
0.353608 
0.284572 
0.281641 
0.322500 
0.261027 
0.289483 
0.345188 
0.274609 
0.325800 
0.370790 
0.284417 
0.306112 
0.334476 
0.253835 
0.297930 
0.366376 
0.296558 
0.291950 
0.318762 
0.243065 
0.261443 
0.304022 
0.236073 
0.253718 
0.314507 
0.256911 
0.257046 
0.319104 
0.264629 
0.264825 
0.314608 
0.249724 
0.247654 
0.289021 
0.231561 
0.232086 
0.270615 
0.211757 
0.212839 
0.255317 
0.187252 
0.216718 
0.261082 
0.178027 
0.198234 
0.226195 
0.161320 
0.176583 
0.216958 
0.162999 
0.174998 
0.228625 
0.166556 
0.171217 
0.198548 
0.128878 
0.139669 
0.192280 
0.124807 
0.127833 
0.186511 
0.130429 
0.107681 
0.174233 
0.145393 
0.091570 
0.145629 
0.173049 
0.109056 
0.108093 
0.143213 
0.102212 
0.080580 
0.114324 
0.093881 
0.066711 
0.085451 
0.069652 
0.052363 
0.065769 
0.048827 
0.041019 
0.049670 
0.033838 
0.037035 
0.041158 
0.026836 
0.035745 
0.033397 
0.023608 
0.031643 
0.025276 
0.019134 
0.027477 
0.028409 
0.024560 
0.018592 
0.037602 
0.062371 
0.052548 
0.148705 
0.124784 
0.280863 
0.305503 
0.261389 
0.312438 
0.207829 
0.294135 
0.279060 
0.239579 
0.308154 
0.222133 
0.290001 
0.266091 
0.227203 
0.320227 
0.238282 
0.282536 
0.269037 
0.232308 
0.322563 
0.236228 
0.297174 
0.304879 
0.244683 
0.313175 
0.231697 
0.273519 
0.275035 
0.225661 
0.275997 
0.217716 
0.272429 
0.260150 
0.226658 
0.281852 
0.210441 
0.270000 
0.235151 
0.217926 
0.264686 
0.189057 
0.261581 
0.220708 
0.227764 
0.263226 
0.208992 
0.281949 
0.219327 
0.246670 
0.232687 
0.207686 
0.272608 
0.195367 
0.263089 
0.219681 
0.224317 
0.261378 
0.193588 
0.272849 
0.201572 
0.254830 
0.240114 
0.217185 
0.284680 
0.210280 
0.294414 
0.226726 
0.246887 
0.251594 
0.221531 
0.283782 
0.203882 
0.279365 
0.228526 
0.240691 
0.250916 
0.213895 
0.300032 
0.212820 
0.281455 
0.230133 
0.246905 
0.257209 
0.214664 
0.285682 
0.206068 
0.294332 
0.236293 
0.293373 
0.267549 
0.282900 
0.298906 
0.279096 
0.334942 
0.274960 
0.348896 
0.269987 
0.347388 
0.265357 
0.329915 
0.279839 
0.287150 
0.285346 
0.244668 
0.297313 
0.225844 
0.291271 
0.209754 
0.270867 
0.239680 
0.233569 
0.265662 
0.194541 
0.286007 
0.212879 
0.226162 
0.218422 
0.171678 
0.213105 
0.154542 
0.155814 
0.184983 
0.145960 
0.165241 
0.193311 
0.151039 
0.131705 
0.146401 
0.119067 
0.175631 
0.171563 
0.132013 
0.172551 
0.196627 
0.148907 
0.176494 
0.207667 
0.153953 
0.177989 
0.217307 
0.175663 
0.137547 
0.153795 
0.143639 
0.101479 
0.099069 
0.105988 
0.081005 
0.052035 
0.084954 
0.116600 
0.078722 
0.055582 
0.059363 
0.071017 
0.047608 
0.037149 
0.039547 
0.034051 
0.024680 
0.027964 
0.039733 
0.037131 
0.027519 
0.023839 
0.022549 
0.022840 
0.018166 
0.013476 
0.013490 
0.012686 
0.009283 
0.006528 
0.010265 
0.011024 
0.008606 
0.008598 
0.009329 
0.008123 
0.005743 
0.004213 
0.003054 
0.002170 
0.002248 
0.001979 
0.001997 
0.002841 
0.002726 
0.002487 
0.002515 
0.002092 
0.001832 
0.001935 
0.002714 
0.003478 
0.003253 
0.002463 
0.001789 
0.001297 
0.000940 
0.000682 
0.000494 
0.000358 
0.000260 
0.000188 
0.000137 
0.000099 
0.000072 
0.000052 
0.000038 
0.000027 
0.000020 
0.000014 
0.000010 
0.000008 
0.000005 
0.000004 
0.000003 
0.000002 
0.000002 
0.000001 
0.000001 
0.000001 
0.000000 
0.000000 
0.000000 
0.000000 
0.000000 
0.000000 
0.000000 
0.000000 
0.000000 
0.000000 
0.000000 
0.000000 
0.000000 
0.000000 
0.000000 
0.000000 
0.000000 
0.000000 
0.000000 
0.000000 
0.000000 
0.000000 
0.000000 
0.000000 
0.000000 
0.000000 
0.000000 
0.000000 
0.000000 
0.000000 
0.000000 
0.000000 
0.000000 
0.000000 
0.000000 
0.000000 
0.000000 
0.000000 
0.000000 
0.000000 
0.000000 
0.000000 
0.000000 
0.000000 
0.000000 
0.000000 
0.000000 
0.000000 
0.000000 
0.000000 
0.000000 
0.000000 
0.000000 
0.000000 
0.000000 
0.000000 
0.000000 
0.000000 
0.000000 
0.000000 
0.000000 
0.000000 
0.000000 
0.000000 
0.000000 
0.000000 
0.000000 
0.000000 
0.000000 
0.000000 
0.000000 
0.000000 
0.000000 
0.000000 
0.000000 
0.000000 
0.000000 
0.000000 
0.000000 
0.000000 
0.000000 
0.000000 
0.000000 
0.000000 
0.000000 
0.000000 
0.000000 
0.000000 
0.000000 
0.000000 
0.000000 
0.000000 
0.000000 
0.000000 
0.000000 
0.000000 
0.000000 
0.000000 
0.000000 
0.000000 
0.000000 
0.000000 
0.000000 
0.000000 
0.000000 
0.000000 
0.000000 
0.000000 
0.000000 
0.000000 
0.000000 
0.000000 
0.000000 
0.000000 
0.000000 
0.000000 
0.000000 
0.000000 
0.000000 
0.000000 
0.000000 
0.000000 
0.000000 
0.000000 
0.000000 
0.000000 
0.000000 
0.000000 
0.000000 
0.000000 
0.000000 
0.000000 
0.000000 
0.000000 
0.000000 
0.000000 
0.000000 
0.000000 
0.000000 
0.000000 
0.000000 
0.000000 
0.000000 
0.000000 
0.000000 
0.000000 
0.000000 
0.000000 
0.000000 
0.000000 
0.000000 
0.000000 
0.000000 
0.000000 
0.000000 
0.000000 
0.000000 
0.000000 
0.000000 
0.000000 
0.000000 
0.000000 
0.000000 
0.000000 
0.000000 
0.000000 
0.000000 
0.000000 
0.000000 
0.000000 
0.000000 
0.000000 
0.000000 
0.000000 
0.000000 
0.000000 
0.000000 
0.000000 
0.000000 
0.000000 
0.000000 
0.000000 
0.000000 
0.000000 
0.000000 
0.000000 
0.000000 
0.000000 
0.000000 
0.000000 
0.000000 
0.000000 
0.000000 
0.000000 
0.000000 
0.000000 
0.000000 
0.000000 
0.000000 
0.000000 
0.000000 
0.000000 
0.000000 
0.000000 
0.000000 
0.000000 
0.000000 
0.000000 
0.000000 
0.000000 
0.000000 
0.000000 
0.000000 
0.000000 
0.000000 
0.000000 
0.000000 
0.000000 
0.000000 
0.000000 
0.000000 
0.000000 
0.000000 
0.000000 
0.000000 
0.000000 
0.000000 
0.000000 
0.000000 
0.000000 
0.000000 
0.000000 
0.000000 
0.000000 
0.000000 
0.000000 
0.000000 
0.000000 
0.000000 
0.000000 
0.000000 
0.000000 
0.000000 
0.000000 
0.000000 
0.000000 
0.000000 
0.000000 
0.000000 
0.000000 
0.000000 
0.000000 
0.000000 
0.000000 
0.000000 
0.000000 
0.000000 
0.000000 
0.000000 
0.000000 
0.000000 
0.000000 
0.000000 
0.000000 
0.000000 
0.000000 
0.000000 
0.000000 
0.000000 
0.000000 
0.000000 
0.000000 
0.000000 
0.000000 
0.000000 
0.000000 
0.000000 
0.000000 
0.000000 
0.000000 
0.000000 
0.000000 
0.000000 
0.000000 
0.000000 
0.000000 
0.000000 
0.000000 
0.000000 
0.000000 
0.000000 
0.000000 
-0.000000 
0.000000 
-0.000000 
-0.000000 
0.000001 
-0.000003 
0.000059 
0.000088 
0.000058 
0.000044 
0.000031 
0.000023 
0.000017 
0.000012 
0.000009 
0.000006 
0.000005 
0.000003 
0.000005 
-0.000008 
0.000027 
-0.000063 
0.000528 
0.002506 
0.004131 
0.006905 
0.020420 
0.092473 
0.212026 
0.304647 
0.287940 
0.294479 
0.309048 
0.333612 
0.304089 
0.250499 
0.210248 
0.179242 
0.163641 
0.122095 
0.108227 
0.095750 
0.224112 
0.267089 
0.282197 
0.267047 
0.297974 
0.307541 
0.305237 
0.326915 
0.299365 
0.338944 
0.293115 
0.356927 
0.274254 
0.346801 
0.279839 
0.353034 
0.299144 
0.334505 
0.303779 
0.304120 
0.349101 
0.276672 
0.321727 
0.242912 
0.333919 
0.258536 
0.256287 
0.231913 
0.198161 
0.257586 
0.178665 
0.277061 
0.249483 
0.220155 
0.323682 
0.219663 
0.279091 
0.258562 
0.218109 
0.299385 
0.248438 
0.269606 
0.294226 
0.246379 
0.309118 
0.324183 
0.302668 
0.346722 
0.312566 
0.297281 
0.340318 
0.284718 
0.294511 
0.305361 
0.255730 
0.311030 
0.278840 
0.260452 
0.310719 
0.241261 
0.247016 
0.264253 
0.211447 
0.244564 
0.246018 
0.196474 
0.243351 
0.239785 
0.209072 
0.220555 
0.189913 
0.124548 
0.129303 
0.239305 
0.176813 
0.135010 
0.204648 
0.175091 
0.115353 
0.106081 
0.150921 
0.113590 
0.079807 
0.063878 
0.084321 
0.068524 
0.045628 
0.045417 
0.054366 
0.037017 
0.032922 
0.044137 
0.032803 
0.023427 
0.017894 
0.013801 
0.009851 
0.007532 
0.005648 
0.003944 
0.007045 
0.007313 
0.004858 
0.003679 
0.002659 
0.001962 
0.001413 
0.001038 
0.000771 
0.000560 
0.000400 
0.000316 
0.000299 
0.000213 
0.000156 
0.000113 
0.000087 
0.000043 
0.000082 
0.000008 
0.001021 
0.007890 
0.015474 
0.042654 
0.114100 
0.101040 
0.080457 
0.059551 
0.073611 
0.133675 
0.142193 
0.214001 
0.164208 
0.196537 
0.249849 
0.237530 
0.245343 
0.254972 
0.262602 
0.269975 
0.271650 
0.245415 
0.244442 
0.262680 
0.234248 
0.214188 
0.232836 
0.219394 
0.195769 
0.240879 
0.249310 
0.214634 
0.247186 
0.252199 
0.218982 
0.259773 
0.236803 
0.195820 
0.261495 
0.258749 
0.216797 
0.247894 
0.257365 
0.220395 
0.239416 
0.266538 
0.242588 
0.261445 
0.283931 
0.250021 
0.266689 
0.271839 
0.226489 
0.252502 
0.237779 
0.186875 
0.281650 
0.273371 
0.207164 
0.266105 
0.236944 
0.286632 
0.284980 
0.229061 
0.306946 
0.223358 
0.254938 
0.210292 
0.237729 
0.243841 
0.213485 
0.248773 
0.188314 
0.246638 
0.179812 
0.252271 
0.233117 
0.213423 
0.227542 
0.160597 
0.176340 
0.130702 
0.153943 
0.151721 
0.102897 
0.099613 
0.092346 
0.092164 
0.092404 
0.083742 
0.077089 
0.092197 
0.100062 
0.080014 
0.074306 
0.088117 
0.104695 
0.119452 
0.119593 
0.108204 
0.114469 
0.127618 
0.119196 
0.128720 
0.132794 
0.097459 
0.076971 
0.062150 
0.058560 
0.083909 
0.112714 
0.101739 
0.091924 
0.075411 
0.069299 
0.065353 
0.060223 
0.082617 
0.096177 
0.098106 
0.099635 
0.108374 
0.088554 
0.088276 
0.095361 
0.100388 
0.112203 
0.109176 
0.100604 
0.097877 
0.115944 
0.101004 
0.079598 
0.090944 
0.119572 
0.113105 
0.096654 
0.081940 
0.084859 
0.105788 
0.076693 
0.105325 
0.119746 
0.105020 
0.083833 
0.087713 
0.086050 
0.084534 
0.080706 
0.069589 
0.077763 
0.072725 
0.066262 
0.067488 
0.087520 
0.092380 
0.075891 
0.067225 
0.093233 
0.073033 
0.123041 
0.115263 
0.091070 
0.106779 
0.071078 
0.118744 
0.125163 
0.086701 
0.141287 
0.119927 
0.093957 
0.173114 
0.141483 
0.111135 
0.194504 
0.161506 
0.110122 
0.176444 
0.178755 
0.111678 
0.154867 
0.179569 
0.120682 
0.110392 
0.144550 
0.115492 
0.082575 
0.105390 
0.110580 
0.079202 
0.064323 
0.090951 
0.088277 
0.060899 
0.062061 
0.092726 
0.083300 
0.056702 
0.077133 
0.092125 
0.069962 
0.054889 
0.082244 
0.084899 
0.060949 
0.059602 
0.082135 
0.075893 
0.054076 
0.065512 
0.084254 
0.068332 
0.054441 
0.082000 
0.094216 
0.074126 
0.078367 
0.122787 
0.128658 
0.114705 
0.191678 
0.182195 
0.172094 
0.308874 
0.254776 
0.250292 
0.295406 
0.240564 
0.232642 
0.255702 
0.227321 
0.271456 
0.267028 
0.256963 
0.270479 
0.250994 
0.268382 
0.288374 
0.286637 
0.266561 
0.253340 
0.256775 
0.230704 
0.235410 
0.262107 
0.274184 
0.259372 
0.264405 
0.279652 
0.275416 
0.277023 
0.264588 
0.250672 
0.247030 
0.252022 
0.229234 
0.223342 
0.202612 
0.197957 
0.216231 
0.188999 
0.211430 
0.206280 
0.174766 
0.209303 
0.179740 
0.207455 
0.211140 
0.183607 
0.230935 
0.163350 
0.205545 
0.205518 
0.183936 
0.240018 
0.192624 
0.224730 
0.183998 
0.218672 
0.233909 
0.171090 
0.186151 
0.148530 
0.103684 
0.078070 
0.051964 
0.061051 
0.071698 
0.048918 
0.035014 
0.040647 
0.036481 
0.042121 
0.042549 
0.029842 
0.023403 
0.024546 
0.019271 
0.016208 
0.015386 
0.011501 
0.016142 
0.013044 
0.012718 
0.010195 
0.008716 
0.008046 
0.005738 
0.006818 
0.005214 
0.004919 
0.004131 
0.003644 
0.003531 
0.004539 
0.004297 
0.003437 
0.003723 
0.002595 
0.002347 
0.002182 
0.001595 
0.001510 
0.001094 
0.000792 
0.000576 
0.000417 
0.000302 
0.000219 
0.000159 
0.000115 
0.000084 
0.000061 
0.000044 
0.000032 
0.000023 
0.000017 
0.000012 
0.000009 
0.000006 
0.000005 
0.000003 
0.000002 
0.000002 
0.000001 
0.000001 
0.000004 
0.000000 
0.000476 
0.000671 
0.000445 
0.000338 
0.000240 
0.000175 
0.000126 
0.000100 
0.000031 
0.000146 
-0.000117 
0.000835 
0.006859 
0.005189 
0.023988 
0.146605 
0.199415 
0.153548 
0.115965 
0.085963 
0.069552 
0.055870 
0.041062 
0.045501 
0.035676 
0.082368 
0.236666 
0.182349 
0.342259 
0.289141 
0.313526 
0.318520 
0.256477 
0.291946 
0.249426 
0.287027 
0.230838 
0.248558 
0.196775 
0.173933 
0.206594 
0.166080 
0.187818 
0.253623 
0.208791 
0.231146 
0.223347 
0.169300 
0.218807 
0.186256 
0.151325 
0.198107 
0.168173 
0.126981 
0.205546 
0.199532 
0.151165 
0.228545 
0.214692 
0.175291 
0.231835 
0.206986 
0.138919 
0.208578 
0.235099 
0.160405 
0.225236 
0.259386 
0.190083 
0.220855 
0.273049 
0.211820 
0.210300 
0.260126 
0.244554 
0.254243 
0.289021 
0.266690 
0.219049 
0.272303 
0.299223 
0.252162 
0.256861 
0.278146 
0.251932 
0.246449 
0.284582 
0.264302 
0.232913 
0.277427 
0.279064 
0.243636 
0.258799 
0.306503 
0.226582 
0.195789 
0.291609 
0.236286 
0.156146 
0.234388 
0.238533 
0.254331 
0.238965 
0.161472 
0.211301 
0.230393 
0.183378 
0.240015 
0.188226 
0.202749 
0.228670 
0.171420 
0.223165 
0.192584 
0.219081 
0.244417 
0.193687 
0.240462 
0.175860 
0.201860 
0.204634 
0.161907 
0.194906 
0.139700 
0.147663 
0.129847 
0.105501 
0.141137 
0.099881 
0.114521 
0.105208 
0.083517 
0.099404 
0.068495 
0.080119 
0.070226 
0.060739 
0.075335 
0.052992 
0.057312 
0.049014 
0.042011 
0.050415 
0.037787 
0.035774 
0.032500 
0.028750 
0.028274 
0.033026 
0.031561 
0.023801 
0.044409 
0.044701 
0.034573 
0.028192 
0.026329 
0.034093 
0.037270 
0.042426 
0.046257 
0.043930 
0.049311 
0.048913 
0.040703 
0.034753 
0.033929 
0.031837 
0.039714 
0.037180 
0.033108 
0.029146 
0.024436 
0.022852 
0.024231 
0.023261 
0.022873 
0.023488 
0.023683 
0.021413 
0.023342 
0.037981 
0.032044 
0.026560 
0.024705 
0.025310 
0.028563 
0.025553 
0.029257 
0.030560 
0.022975 
0.025910 
0.027039 
0.029147 
0.030426 
0.025680 
0.019919 
0.018275 
0.024773 
0.025750 
0.024419 
0.025986 
0.024517 
0.023853 
0.026873 
0.021811 
0.022463 
0.024707 
0.023413 
0.020427 
0.022741 
0.030464 
0.026648 
0.024819 
0.026723 
0.026872 
0.028358 
0.024145 
0.030411 
0.043983 
0.034293 
0.028340 
0.032978 
0.033924 
0.033212 
0.031207 
0.032701 
0.035122 
0.032323 
0.029473 
0.026609 
0.029499 
0.030853 
0.030326 
0.034372 
0.039606 
0.035289 
0.027581 
0.021693 
0.020802 
0.032442 
0.034259 
0.031295 
0.031040 
0.031823 
0.037985 
0.037396 
0.033260 
0.030644 
0.023682 
0.022768 
0.027390 
0.029846 
0.030750 
0.031584 
0.029911 
0.026663 
0.032661 
0.029541 
0.025560 
0.032289 
0.037283 
0.027872 
0.038473 
0.051300 
0.070460 
0.109720 
0.090413 
0.163190 
0.121655 
0.228158 
0.240121 
0.235919 
0.305261 
0.234043 
0.309041 
0.242607 
0.280494 
0.267195 
0.242606 
0.263758 
0.213318 
0.278920 
0.217464 
0.292055 
0.278426 
0.246837 
0.301196 
0.236185 
0.295657 
0.276482 
0.238714 
0.289944 
0.242829 
0.259733 
0.275812 
0.239033 
0.257713 
0.216352 
0.232210 
0.240540 
0.178852 
0.236483 
0.233016 
0.226745 
0.240197 
0.222561 
0.242465 
0.229048 
0.223413 
0.261239 
0.261011 
0.263164 
0.266977 
0.246738 
0.250220 
0.253734 
0.246323 
0.267178 
0.248249 
0.214775 
0.227294 
0.222243 
0.217339 
0.242258 
0.217141 
0.206045 
0.224154 
0.212548 
0.238675 
0.237865 
0.202456 
0.228799 
0.200957 
0.192689 
0.214161 
0.177982 
0.200028 
0.198944 
0.177274 
0.220558 
0.192277 
0.198321 
0.216095 
0.174163 
0.214296 
0.200246 
0.180096 
0.216976 
0.182697 
0.209264 
0.222349 
0.169177 
0.216034 
0.192554 
0.185388 
0.223848 
0.181895 
0.217851 
0.203797 
0.179069 
0.224002 
0.178477 
0.198631 
0.206771 
0.156013 
0.229271 
0.194053 
0.194680 
0.213701 
0.156137 
0.205106 
0.174928 
0.168446 
0.201264 
0.162893 
0.204503 
0.167830 
0.162157 
0.211987 
0.152232 
0.205554 
0.189449 
0.180834 
0.206989 
0.156449 
0.191563 
0.185505 
0.187209 
0.209807 
0.162088 
0.187349 
0.173631 
0.172393 
0.189895 
0.167048 
0.183349 
0.179844 
0.141834 
0.154132 
0.127981 
0.137750 
0.145058 
0.112570 
0.170693 
0.141208 
0.121905 
0.134263 
0.088358 
0.099446 
0.135391 
0.083200 
0.127856 
0.163417 
0.106045 
0.176827 
0.153761 
0.124737 
0.203822 
0.139795 
0.174444 
0.207746 
0.141058 
0.223022 
0.173328 
0.177435 
0.238225 
0.157642 
0.253413 
0.212962 
0.212775 
0.303402 
0.199075 
0.305805 
0.270603 
0.237877 
0.330804 
0.216773 
0.313069 
0.300080 
0.236886 
0.345687 
0.234400 
0.290938 
0.310224 
0.220905 
0.347031 
0.258067 
0.265797 
0.331385 
0.212701 
0.320313 
0.293394 
0.226750 
0.339551 
0.235163 
0.259205 
0.330076 
0.209685 
0.290271 
0.280758 
0.197320 
0.315020 
0.248253 
0.207468 
0.315284 
0.220212 
0.225910 
0.317986 
0.204624 
0.246356 
0.325280 
0.207738 
0.287540 
0.355026 
0.230667 
0.303706 
0.332948 
0.222876 
0.326710 
0.340286 
0.224683 
0.312497 
0.312615 
0.207340 
0.313777 
0.307454 
0.208264 
0.310777 
0.294543 
0.202964 
0.305971 
0.284532 
0.193216 
0.299994 
0.301699 
0.197720 
0.291312 
0.308186 
0.196060 
0.285122 
0.319604 
0.206693 
0.264967 
0.299766 
0.194667 
0.236747 
0.323477 
0.217001 
0.232355 
0.340842 
0.240165 
0.221842 
0.317108 
0.235065 
0.194637 
0.325531 
0.271126 
0.198500 
0.303006 
0.274591 
0.181985 
0.291149 
0.308603 
0.195143 
0.283695 
0.326403 
0.205381 
0.263994 
0.328911 
0.211865 
0.231883 
0.335958 
0.230748 
0.222392 
0.336634 
0.247402 
0.191273 
0.310845 
0.278690 
0.184713 
0.303687 
0.309640 
0.192371 
0.276189 
0.315054 
0.193139 
0.247208 
0.356782 
0.240162 
0.230488 
0.349961 
0.265653 
0.210243 
0.341307 
0.293319 
0.198626 
0.313022 
0.323503 
0.202292 
0.294785 
0.354881 
0.222700 
0.263372 
0.359077 
0.238250 
0.235721 
0.374591 
0.279746 
0.226563 
0.353096 
0.296400 
0.204060 
0.326749 
0.325027 
0.204244 
0.301392 
0.351058 
0.218537 
0.289797 
0.379685 
0.248705 
0.262165 
0.372074 
0.259737 
0.238949 
0.370157 
0.284571 
0.216396 
0.346262 
0.302680 
0.206658 
0.331065 
0.331418 
0.209740 
0.334884 
0.374269 
0.239442 
0.286688 
0.323363 
0.220983 
0.225857 
0.265487 
0.198318 
0.216291 
0.237391 
0.180522 
0.202923 
0.249134 
0.188867 
0.194793 
0.259774 
0.217890 
0.197827 
0.211013 
0.185049 
0.187131 
0.195737 
0.171424 
0.183844 
0.224971 
0.188822 
0.192619 
0.225347 
0.205303 
0.204245 
0.235138 
0.239937 
0.211725 
0.220534 
0.223772 
0.236947 
0.268783 
0.244405 
0.244635 
0.260211 
0.202032 
0.214961 
0.227417 
0.232998 
0.253275 
0.224596 
0.229230 
0.247524 
0.210174 
0.244367 
0.237442 
0.223946 
0.252021 
0.211491 
0.232646 
0.238247 
0.208375 
0.248689 
0.224641 
0.251081 
0.260761 
0.244425 
0.245620 
0.214372 
0.225068 
0.221874 
0.230222 
0.237963 
0.238497 
0.248179 
0.222451 
0.214029 
0.202268 
0.201729 
0.207094 
0.184185 
0.175112 
0.162244 
0.168810 
0.173332 
0.199811 
0.198598 
0.194149 
0.193447 
0.183515 
0.183484 
0.163944 
0.189218 
0.175614 
0.169814 
0.180271 
0.199454 
0.191087 
0.201923 
0.190905 
0.186073 
0.171278 
0.168526 
0.157519 
0.150595 
0.151294 
0.154572 
0.179783 
0.193110 
0.190442 
0.202722 
0.195046 
0.166525 
0.129719 
0.094310 
0.068521 
0.053121 
0.043005 
0.040271 
0.044275 
0.043339 
0.043861 
0.041775 
0.038354 
0.033550 
0.034277 
0.039274 
0.041163 
0.042295 
0.042057 
0.040915 
0.037965 
0.040971 
0.042906 
0.041142 
0.045661 
0.048885 
0.046962 
0.048061 
0.051247 
0.053281 
0.055719 
0.054698 
0.054686 
0.052942 
0.056027 
0.055398 
0.055745 
0.056997 
0.057016 
0.058201 
0.058183 
0.058543 
0.060661 
0.060825 
0.057011 
0.055742 
0.057109 
0.058472 
0.057956 
0.054933 
0.057440 
0.058123 
0.059416 
0.059629 
0.059122 
0.061664 
0.060948 
0.059564 
0.063491 
0.064043 
0.062100 
0.064052 
0.065176 
0.061136 
0.063044 
0.062809 
0.068156 
0.072450 
0.072237 
0.071932 
0.070717 
0.068834 
0.073330 
0.078637 
0.078208 
0.129331 
0.213063 
0.232626 
0.274417 
0.289196 
0.260132 
0.262701 
0.255149 
0.262775 
0.254845 
0.244954 
0.246147 
0.252030 
0.230849 
0.218690 
0.214086 
0.208997 
0.201121 
0.209168 
0.218660 
0.219057 
0.226545 
0.224349 
0.218761 
0.230852 
0.210894 
0.205417 
0.219006 
0.219868 
0.221133 
0.220780 
0.236661 
0.232346 
0.221502 
0.229923 
0.233964 
0.233444 
0.227810 
0.231847 
0.239076 
0.228842 
0.210749 
0.195372 
0.182433 
0.180654 
0.185722 
0.195713 
0.185662 
0.170108 
0.167539 
0.153855 
0.156107 
0.172061 
0.186165 
0.186967 
0.199316 
0.209484 
0.215877 
0.231437 
0.239722 
0.238198 
0.240296 
0.238459 
0.231817 
0.225679 
0.215061 
0.206451 
0.201335 
0.193716 
0.187510 
0.187718 
0.184881 
0.174597 
0.165479 
0.157869 
0.152031 
0.139948 
0.126969 
0.112435 
0.102636 
0.085801 
0.075956 
0.069365 
0.055478 
0.048616 
0.046177 
0.050211 
0.050652 
0.049247 
0.046343 
0.046479 
0.045004 
0.044226 
0.047116 
0.046400 
0.044095 
0.042130 
0.045535 
0.048758 
0.047468 
0.044895 
0.047185 
0.047671 
0.048531 
0.053947 
0.061427 
0.078601 
0.096969 
0.109522 
0.125554 
0.151904 
0.182496 
0.201653 
0.223888 
0.237630 
0.239468 
0.242689 
0.238625 
0.231357 
0.223611 
0.216742 
0.218833 
0.227829 
0.235648 
0.241236 
0.243798 
0.234831 
0.230367 
0.234038 
0.241696 
0.234437 
0.227966 
0.222922 
0.226949 
0.234374 
0.234807 
0.231439 
0.207736 
0.209707 
0.220395 
0.215325 
0.209793 
0.201964 
0.197059 
0.200667 
0.200975 
0.217517 
0.218898 
0.210153 
0.220563 
0.219333 
0.223300 
0.224877 
0.222094 
0.224340 
0.223536 
0.217625 
0.216657 
0.218268 
0.212221 
0.201535 
0.190500 
0.192061 
0.179080 
0.167307 
0.160291 
0.146614 
0.150235 
0.149204 
0.138170 
0.138496 
0.130217 
0.122397 
0.126905 
0.128454 
0.118035 
0.110618 
0.107160 
0.101617 
0.102710 
0.102850 
0.097552 
0.092216 
0.088614 
0.085530 
0.084822 
0.086797 
0.081910 
0.070703 
0.060459 
0.054856 
0.050783 
0.045428 
0.043264 
0.044145 
0.044441 
0.044068 
0.042856 
0.045312 
0.044129 
0.042952 
0.043584 
0.043424 
0.042271 
0.040386 
0.039811 
0.040417 
0.042283 
0.043456 
0.044229 
0.045145 
0.046933 
0.046899 
0.045986 
0.043902 
0.046549 
0.057449 
0.054038 
0.049962 
0.049441 
0.049941 
0.051706 
0.057736 
0.053053 
0.050963 
0.058408 
0.063833 
0.069728 
0.072503 
0.094946 
0.104947 
0.126651 
0.149292 
0.174067 
0.167345 
0.182588 
0.192375 
0.217647 
0.230341 
0.255095 
0.266551 
0.280826 
0.253602 
0.242850 
0.242987 
0.259609 
0.244651 
0.271080 
0.273166 
0.281864 
0.253191 
0.264691 
0.274455 
0.288605 
0.282632 
0.291565 
0.300079 
0.268480 
0.285619 
0.275938 
0.280913 
0.272443 
0.276552 
0.264256 
0.274296 
0.271114 
0.257020 
0.255368 
0.261865 
0.274385 
0.260480 
0.274154 
0.262189 
0.267911 
0.258439 
0.242145 
0.260960 
0.246003 
0.250830 
0.255715 
0.245441 
0.254173 
0.242815 
0.249463 
0.253001 
0.243213 
0.263850 
0.263069 
0.263191 
0.242418 
0.224860 
0.239738 
0.217668 
0.214488 
0.214634 
0.186590 
0.190855 
0.167507 
0.163828 
0.175211 
0.147409 
0.132853 
0.121891 
0.122887 
0.095557 
0.088771 
0.089867 
0.068465 
0.115021 
0.089862 
0.110339 
0.103346 
0.094323 
0.119099 
0.080372 
0.109463 
0.092915 
0.087339 
0.126566 
0.082009 
0.104355 
0.119959 
0.079920 
0.133846 
0.113774 
0.090138 
0.136129 
0.093942 
0.104301 
0.149357 
0.094126 
0.120991 
0.138940 
0.087736 
0.142865 
0.134239 
0.097877 
0.163385 
0.119480 
0.142601 
0.196849 
0.137449 
0.219835 
0.177269 
0.194050 
0.270307 
0.183903 
0.247359 
0.217815 
0.189009 
0.249161 
0.170051 
0.222797 
0.217400 
0.170314 
0.253174 
0.182832 
0.204158 
0.247318 
0.162273 
0.235678 
0.208455 
0.165938 
0.268814 
0.190823 
0.198845 
0.263979 
0.167807 
0.241582 
0.248441 
0.176213 
0.262071 
0.200238 
0.194107 
0.252829 
0.162834 
0.219720 
0.218621 
0.157271 
0.237387 
0.178804 
0.162596 
0.205016 
0.129277 
0.170179 
0.205348 
0.128662 
0.203887 
0.193600 
0.139799 
0.231502 
0.175330 
0.167362 
0.234755 
0.150921 
0.208384 
0.217946 
0.154889 
0.239239 
0.175956 
0.194156 
0.236699 
0.162421 
0.247278 
0.196029 
0.210017 
0.239744 
0.181075 
0.263259 
0.196748 
0.243618 
0.227035 
0.216727 
0.256579 
0.199228 
0.268448 
0.204276 
0.248684 
0.212503 
0.230592 
0.220993 
0.215885 
0.230008 
0.206302 
0.237072 
0.194092 
0.233029 
0.190197 
0.208484 
0.171471 
0.194735 
0.155051 
0.154950 
0.126125 
0.130872 
0.110530 
0.121252 
0.097169 
0.119686 
0.132710 
0.177072 
0.182869 
0.238471 
0.238367 
0.265856 
0.253640 
0.263000 
0.312706 
0.287296 
0.268596 
0.277986 
0.291611 
0.275984 
0.267638 
0.305490 
0.298831 
0.306162 
0.296620 
0.319794 
0.314091 
0.309575 
0.286170 
0.321492 
0.292450 
0.289255 
0.275809 
0.282767 
0.281472 
0.288615 
0.273459 
0.258857 
0.264880 
0.255698 
0.255636 
0.236550 
0.246874 
0.232301 
0.245327 
0.252820 
0.245386 
0.243720 
0.229731 
0.257274 
0.241928 
0.252874 
0.248528 
0.256260 
0.256425 
0.262537 
0.261240 
0.255128 
0.264682 
0.261712 
0.280035 
0.274398 
0.260386 
0.274336 
0.279584 
0.260085 
0.232607 
0.242979 
0.236973 
0.235999 
0.253771 
0.242810 
0.233811 
0.240569 
0.251788 
0.254860 
0.238977 
0.243461 
0.241733 
0.245386 
0.241115 
0.234515 
0.235620 
0.229422 
0.195479 
0.172326 
0.167959 
0.180758 
0.195320 
0.202945 
0.229491 
0.246011 
0.260744 
0.251449 
0.257908 
0.242076 
0.216443 
0.206884 
0.204396 
0.211555 
0.219293 
0.220522 
0.246846 
0.255211 
0.252566 
0.242643 
0.244345 
0.242029 
0.254299 
0.276011 
0.283704 
0.275654 
0.251585 
0.238785 
0.226414 
0.212031 
0.198476 
0.177135 
0.158505 
0.133068 
0.105100 
0.081878 
0.066006 
0.052973 
0.042902 
0.041316 
0.030903 
0.031942 
0.027840 
0.023652 
0.032726 
0.027125 
0.029242 
0.025708 
0.032661 
0.034398 
0.026051 
0.020680 
0.019176 
0.033736 
0.034877 
0.029791 
0.029009 
0.024529 
0.023038 
0.026093 
0.025655 
0.021511 
0.017445 
0.021628 
0.020451 
0.018999 
0.017392 
0.013780 
0.015895 
0.016075 
0.015829 
0.018559 
0.016020 
0.016236 
0.022383 
0.019977 
0.016660 
0.018669 
0.019075 
0.014547 
0.012028 
0.011392 
0.014167 
0.016806 
0.016860 
0.017883 
0.015850 
0.015909 
0.016565 
0.016040 
0.018613 
0.018556 
0.017346 
0.017860 
0.016653 
0.018075 
0.021987 
0.021087 
0.020370 
0.018087 
0.019220 
0.021551 
0.020074 
0.017586 
0.013522 
0.012705 
0.013071 
0.010663 
0.010869 
0.011642 
0.013440 
0.011157 
0.009323 
0.010866 
0.012072 
0.011613 
0.012591 
0.013647 
0.013711 
0.014336 
0.012196 
0.011070 
0.013650 
0.014846 
0.016614 
0.014921 
0.011538 
0.011518 
0.010566 
0.009035 
0.008865 
0.007734 
0.008336 
0.009804 
0.010083 
0.009095 
0.007239 
0.008289 
0.008401 
0.008217 
0.006943 
0.006936 
0.007244 
0.007625 
0.006993 
0.005841 
0.005775 
0.006043 
0.005995 
0.004739 
0.004247 
0.004143 
0.003472 
0.003154 
0.002989 
0.003208 
0.003296 
0.003166 
0.003856 
0.004353 
0.003513 
0.002815 
0.003385 
0.002923 
0.002244 
0.002148 
0.002728 
0.002395 
0.002224 
0.002567 
0.002083 
0.001719 
0.001501 
0.001188 
0.000918 
0.000885 
0.000959 
0.000948 
0.000961 
0.001172 
0.001002 
0.000922 
0.000781 
0.000642 
0.000786 
0.000791 
0.000668 
0.000569 
0.000418 
0.000337 
0.000285 
0.000237 
0.000234 
0.000241 
0.000204 
0.000145 
0.000106 
0.000077 
0.000056 
0.000040 
0.000029 
0.000021 
0.000015 
0.000011 
0.000008 
0.000006 
0.000004 
0.000003 
0.000002 
0.000002 
0.000001 
0.000001 
0.000001 
0.000000 
0.000000 
0.000000 
0.000000 
0.000000 
0.000000 
0.000000 
0.000000 
0.000000 
0.000000 
0.000000 
0.000000 
0.000000 
0.000000 
0.000000 
0.000000 
0.000000 
0.000000 
0.000000 
0.000000 
0.000000 
0.000000 
0.000000 
0.000000 
0.000000 
0.000000 
0.000000 
0.000000 
0.000000 
0.000000 
0.000000 
0.000000 
0.000000 
0.000000 
0.000000 
0.000000 
0.000000 
0.000000 
0.000000 
0.000000 
0.000000 
0.000000 
0.000000 
0.000000 
0.000000 
0.000000 
0.000000 
0.000000 
0.000000 
0.000000 
0.000000 
0.000000 
0.000000 
0.000000 
0.000000 
0.000000 
0.000000 
0.000000 
0.000000 
0.000000 
0.000000 
0.000000 
0.000000 
0.000000 
0.000000 
0.000000 
0.000000 
0.000000 
0.000000 
0.000000 
0.000000 
0.000000 
0.000000 
0.000000 
0.000000 
0.000000 
0.000000 
0.000000 
0.000000 
0.000000 
0.000000 
0.000000 
0.000000 
0.000000 
0.000000 
0.000000 
0.000000 
