[ASCII 1000Hz, Channels: 1, Samples: 7136, Flags: 0]                          
0.000000 
0.000000 
0.000000 
0.000000 
0.000000 
0.000000 
0.000000 
0.000000 
0.000000 
0.000000 
0.000000 
0.000000 
0.000000 
0.000000 
0.000000 
0.000000 
0.000000 
0.000000 
0.000000 
0.000000 
0.000000 
0.000000 
0.000000 
0.000000 
0.000000 
0.000000 
0.000000 
0.000000 
0.000000 
0.000000 
0.000000 
0.000000 
0.000000 
0.000000 
0.000000 
0.000000 
0.000000 
0.000000 
0.000000 
0.000000 
0.000000 
0.000000 
0.000000 
0.000000 
0.000000 
0.000000 
0.000000 
-0.000000 
0.000001 
-0.000000 
0.000000 
-0.000007 
0.000091 
0.001069 
0.004735 
0.006479 
0.007503 
0.083977 
0.076268 
0.157346 
0.226757 
0.215962 
0.264179 
0.215626 
0.281450 
0.227750 
0.247234 
0.251004 
0.228014 
0.289730 
0.234189 
0.277357 
0.228759 
0.295229 
0.287420 
0.258939 
0.274322 
0.272791 
0.340266 
0.284791 
0.335623 
0.269433 
0.358787 
0.278132 
0.344807 
0.306957 
0.313561 
0.362618 
0.300842 
0.336979 
0.267133 
0.344600 
0.260049 
0.337309 
0.286283 
0.311413 
0.319850 
0.290267 
0.363901 
0.282218 
0.365734 
0.271108 
0.356001 
0.301257 
0.343009 
0.374368 
0.309702 
0.409833 
0.299403 
0.404241 
0.323418 
0.360428 
0.349002 
0.312964 
0.391578 
0.279774 
0.395882 
0.307759 
0.341339 
0.349010 
0.278185 
0.392855 
0.275067 
0.361966 
0.335661 
0.289922 
0.368732 
0.256203 
0.366163 
0.306779 
0.288083 
0.350337 
0.244320 
0.337100 
0.266804 
0.272343 
0.340364 
0.238042 
0.359282 
0.287494 
0.291074 
0.361618 
0.241858 
0.354629 
0.303132 
0.268647 
0.365806 
0.240097 
0.342723 
0.353298 
0.250772 
0.371517 
0.284464 
0.283447 
0.374758 
0.248769 
0.327687 
0.314230 
0.232317 
0.334645 
0.251142 
0.245537 
0.316299 
0.208197 
0.265618 
0.294192 
0.196068 
0.280016 
0.247745 
0.192079 
0.288502 
0.214842 
0.197709 
0.269671 
0.183901 
0.172498 
0.208098 
0.144442 
0.114712 
0.174763 
0.146989 
0.097603 
0.104361 
0.119131 
0.100667 
0.070409 
0.093254 
0.120720 
0.088851 
0.067741 
0.100648 
0.092513 
0.063141 
0.054334 
0.082367 
0.085240 
0.059935 
0.051481 
0.073007 
0.075393 
0.052608 
0.071089 
0.121426 
0.090090 
0.099291 
0.181861 
0.154856 
0.203799 
0.263242 
0.194173 
0.211846 
0.300750 
0.223293 
0.221045 
0.257662 
0.169963 
0.191031 
0.255417 
0.175003 
0.159191 
0.234318 
0.179026 
0.145170 
0.203763 
0.175330 
0.158096 
0.191619 
0.210995 
0.199838 
0.190408 
0.201467 
0.213367 
0.206100 
0.196711 
0.213838 
0.217370 
0.214897 
0.200755 
0.218886 
0.253887 
0.248664 
0.244291 
0.282617 
0.246165 
0.242391 
0.262774 
0.265184 
0.260879 
0.281142 
0.266064 
0.261731 
0.282017 
0.273240 
0.270045 
0.316507 
0.308203 
0.292898 
0.354465 
0.351446 
0.301763 
0.314812 
0.308304 
0.255978 
0.267057 
0.276366 
0.219000 
0.245263 
0.192906 
0.162118 
0.253298 
0.223081 
0.202703 
0.285565 
0.219376 
0.223125 
0.318040 
0.240893 
0.257025 
0.332028 
0.252625 
0.269280 
0.318972 
0.246355 
0.295900 
0.349167 
0.271293 
0.337380 
0.358549 
0.282647 
0.343390 
0.337631 
0.285813 
0.363548 
0.327219 
0.300520 
0.378003 
0.323806 
0.322422 
0.369959 
0.297076 
0.315736 
0.341727 
0.252881 
0.259284 
0.239793 
0.221812 
0.289490 
0.236175 
0.222902 
0.241548 
0.211265 
0.301375 
0.293957 
0.253294 
0.309290 
0.260327 
0.285975 
0.311918 
0.248830 
0.312929 
0.305898 
0.290699 
0.356323 
0.298182 
0.326438 
0.344055 
0.295221 
0.362232 
0.325272 
0.298027 
0.362655 
0.308064 
0.330346 
0.363916 
0.296786 
0.349959 
0.327725 
0.288476 
0.357822 
0.304859 
0.325308 
0.357494 
0.280569 
0.351730 
0.341071 
0.302159 
0.378048 
0.303465 
0.316772 
0.364548 
0.287246 
0.351590 
0.325040 
0.282342 
0.364107 
0.288918 
0.320458 
0.355000 
0.275924 
0.361742 
0.325191 
0.289777 
0.354220 
0.279217 
0.333561 
0.342587 
0.278293 
0.346209 
0.288466 
0.315061 
0.341106 
0.277346 
0.365807 
0.313959 
0.325346 
0.353966 
0.290389 
0.387364 
0.319527 
0.341434 
0.365929 
0.290718 
0.375795 
0.301478 
0.334428 
0.352491 
0.278360 
0.358856 
0.281807 
0.312058 
0.302093 
0.240910 
0.327363 
0.238483 
0.283313 
0.277087 
0.224649 
0.310749 
0.223598 
0.278098 
0.261527 
0.210143 
0.293418 
0.200658 
0.267319 
0.247586 
0.203242 
0.272966 
0.185113 
0.243510 
0.210383 
0.191695 
0.246311 
0.166846 
0.243354 
0.196206 
0.198132 
0.223571 
0.166000 
0.247043 
0.180147 
0.204702 
0.196399 
0.176597 
0.231442 
0.162725 
0.220728 
0.183705 
0.204362 
0.216081 
0.180021 
0.211198 
0.158028 
0.208239 
0.177748 
0.196951 
0.217203 
0.180218 
0.204644 
0.164327 
0.208798 
0.180008 
0.193876 
0.196573 
0.180608 
0.203881 
0.164590 
0.185403 
0.173066 
0.178527 
0.160944 
0.138286 
0.155644 
0.151750 
0.135836 
0.155592 
0.130438 
0.142263 
0.132749 
0.098769 
0.110207 
0.073516 
0.109553 
0.117419 
0.094663 
0.147132 
0.109945 
0.151773 
0.144164 
0.149109 
0.160835 
0.137534 
0.188720 
0.141401 
0.190841 
0.161011 
0.179776 
0.179344 
0.167407 
0.205931 
0.161633 
0.209724 
0.159587 
0.213318 
0.186368 
0.189015 
0.194095 
0.171653 
0.216240 
0.166006 
0.219559 
0.167069 
0.207230 
0.168719 
0.198211 
0.195319 
0.184494 
0.216587 
0.176908 
0.231954 
0.175098 
0.232434 
0.181329 
0.230488 
0.206767 
0.209974 
0.208166 
0.196287 
0.230814 
0.192569 
0.234387 
0.182397 
0.241729 
0.186215 
0.233797 
0.195112 
0.229378 
0.203464 
0.213995 
0.209979 
0.201303 
0.216282 
0.191301 
0.223666 
0.187606 
0.235383 
0.187520 
0.237581 
0.186587 
0.220676 
0.178083 
0.227500 
0.196951 
0.206428 
0.173502 
0.207049 
0.199573 
0.209824 
0.201056 
0.197324 
0.197630 
0.200041 
0.214830 
0.206172 
0.229678 
0.207748 
0.236218 
0.203212 
0.224615 
0.191618 
0.215445 
0.188721 
0.239442 
0.196488 
0.237106 
0.195609 
0.244580 
0.200406 
0.242089 
0.199673 
0.242660 
0.200473 
0.242950 
0.200537 
0.247840 
0.213493 
0.248449 
0.214731 
0.247612 
0.222372 
0.244373 
0.225505 
0.241039 
0.234341 
0.238138 
0.245815 
0.233818 
0.245182 
0.231754 
0.258167 
0.232055 
0.249658 
0.229323 
0.240813 
0.218434 
0.229435 
0.218824 
0.249619 
0.229950 
0.263855 
0.187624 
0.222957 
0.250487 
0.243536 
0.242477 
0.231917 
0.237938 
0.235308 
0.239697 
0.273688 
0.261317 
0.289989 
0.276922 
0.291773 
0.285281 
0.286484 
0.264175 
0.280376 
0.266314 
0.298559 
0.287281 
0.277822 
0.266661 
0.291168 
0.298370 
0.303610 
0.310759 
0.303787 
0.315064 
0.314954 
0.325404 
0.306519 
0.322477 
0.298347 
0.332724 
0.328141 
0.338848 
0.328293 
0.350761 
0.338162 
0.338207 
0.317272 
0.319734 
0.324009 
0.317481 
0.297536 
0.302543 
0.264565 
0.250633 
0.228879 
0.252960 
0.243710 
0.262057 
0.249382 
0.266897 
0.246293 
0.257716 
0.226465 
0.240727 
0.205951 
0.197916 
0.164900 
0.165737 
0.143395 
0.129271 
0.100203 
0.073902 
0.051485 
0.054539 
0.075144 
0.072192 
0.086886 
0.076158 
0.084236 
0.072433 
0.075402 
0.059393 
0.047725 
0.049500 
0.042113 
0.029589 
0.029881 
0.027336 
0.019069 
0.014173 
0.010518 
0.010434 
0.008302 
0.007626 
0.005629 
0.004195 
0.005053 
0.004326 
0.003748 
0.003073 
0.002441 
0.001583 
0.001954 
0.002478 
0.002232 
0.002633 
0.002286 
0.003793 
0.003317 
0.003837 
0.003110 
0.002411 
0.001948 
0.001724 
0.001756 
0.001204 
0.000991 
0.001102 
0.001842 
0.002344 
0.002646 
0.002523 
0.002067 
0.002645 
0.003322 
0.002870 
0.002232 
0.002678 
0.003529 
0.003142 
0.002219 
0.001632 
0.001177 
0.000850 
0.000627 
0.000436 
0.000588 
0.001824 
0.005560 
0.002962 
0.048497 
0.069907 
0.087006 
0.082503 
0.075206 
0.065408 
0.063651 
0.057953 
0.065725 
0.096094 
0.082058 
0.052755 
0.069880 
0.072245 
0.112679 
0.130371 
0.239104 
0.261826 
0.330188 
0.335398 
0.341728 
0.329611 
0.310536 
0.337201 
0.324548 
0.325915 
0.314421 
0.333968 
0.322677 
0.321319 
0.317855 
0.306315 
0.330794 
0.325545 
0.337132 
0.334587 
0.328518 
0.337620 
0.324813 
0.332690 
0.333350 
0.338396 
0.344328 
0.331787 
0.335547 
0.325724 
0.340170 
0.333033 
0.325357 
0.334483 
0.320229 
0.347455 
0.334734 
0.333294 
0.344873 
0.342489 
0.335856 
0.313784 
0.324049 
0.291305 
0.289911 
0.223196 
0.183740 
0.127723 
0.103095 
0.091468 
0.074778 
0.066171 
0.073355 
0.080248 
0.056299 
0.043337 
0.031409 
0.022949 
0.018762 
0.022323 
0.020069 
0.020446 
0.014830 
0.010536 
0.010855 
0.009382 
0.011076 
0.009923 
0.009175 
0.007275 
0.007180 
0.006871 
0.007293 
0.008095 
0.006805 
0.006881 
0.007920 
0.007770 
0.008698 
0.007653 
0.007269 
0.004998 
0.004358 
0.003335 
0.002482 
0.001873 
0.001764 
0.001633 
0.001183 
0.001096 
0.000912 
0.000840 
0.000640 
0.000454 
0.000333 
0.000240 
0.000180 
0.000101 
0.000181 
-0.000191 
0.001276 
0.004196 
0.009410 
0.024685 
0.023581 
0.070126 
0.154209 
0.127102 
0.087462 
0.068741 
0.043849 
0.085627 
0.218023 
0.268128 
0.324862 
0.307314 
0.309605 
0.295875 
0.276423 
0.264831 
0.267293 
0.255134 
0.262292 
0.250437 
0.249084 
0.258336 
0.260339 
0.274389 
0.265586 
0.281139 
0.270334 
0.277254 
0.270910 
0.263687 
0.275690 
0.263543 
0.276595 
0.265550 
0.269896 
0.275221 
0.275058 
0.284329 
0.271336 
0.272560 
0.265779 
0.275637 
0.265028 
0.255382 
0.269123 
0.259152 
0.264490 
0.262408 
0.267353 
0.266620 
0.258666 
0.274436 
0.259001 
0.248521 
0.254684 
0.258284 
0.259253 
0.251754 
0.265276 
0.264082 
0.269878 
0.273524 
0.267793 
0.274436 
0.256791 
0.253038 
0.229501 
0.209194 
0.194263 
0.172199 
0.163124 
0.139008 
0.143697 
0.131982 
0.144359 
0.130617 
0.122546 
0.113923 
0.110397 
0.085415 
0.070343 
0.056092 
0.043174 
0.042574 
0.039138 
0.040221 
0.041536 
0.051451 
0.051047 
0.045545 
0.051424 
0.058685 
0.053514 
0.048616 
0.041549 
0.039360 
0.039130 
0.032327 
0.028121 
0.033251 
0.038138 
0.047023 
0.053611 
0.082652 
0.097182 
0.112109 
0.123916 
0.146732 
0.168074 
0.179841 
0.201354 
0.197409 
0.195625 
0.208985 
0.209703 
0.233408 
0.234852 
0.242958 
0.251350 
0.249563 
0.260082 
0.255031 
0.271757 
0.278119 
0.285188 
0.290463 
0.283109 
0.313914 
0.294571 
0.292958 
0.299915 
0.312075 
0.325471 
0.322916 
0.328107 
0.304468 
0.313123 
0.301617 
0.320946 
0.316296 
0.315198 
0.324286 
0.307972 
0.324445 
0.302477 
0.312521 
0.300526 
0.317215 
0.304404 
0.293132 
0.312965 
0.299660 
0.322947 
0.311160 
0.326262 
0.310254 
0.333456 
0.333113 
0.337161 
0.338552 
0.333252 
0.334264 
0.314614 
0.325130 
0.307219 
0.314985 
0.297998 
0.307694 
0.286570 
0.301960 
0.295691 
0.314790 
0.279631 
0.279965 
0.267233 
0.259557 
0.240817 
0.245440 
0.227511 
0.249090 
0.243316 
0.254044 
0.238567 
0.249165 
0.254588 
0.244211 
0.245223 
0.239844 
0.228337 
0.223077 
0.256543 
0.230848 
0.243175 
0.222539 
0.235611 
0.206755 
0.227068 
0.216617 
0.239435 
0.233392 
0.223287 
0.213993 
0.218888 
0.239938 
0.216464 
0.233432 
0.205981 
0.217713 
0.196940 
0.205147 
0.189331 
0.219422 
0.216833 
0.210660 
0.229455 
0.212291 
0.227407 
0.200548 
0.233209 
0.218877 
0.242406 
0.227280 
0.209339 
0.214642 
0.219911 
0.244694 
0.218663 
0.228798 
0.214187 
0.237919 
0.211044 
0.232008 
0.226016 
0.225218 
0.206677 
0.215334 
0.198564 
0.194173 
0.206443 
0.199896 
0.209195 
0.194077 
0.216344 
0.202539 
0.234131 
0.210492 
0.237729 
0.203341 
0.246458 
0.226065 
0.281917 
0.246657 
0.295527 
0.260700 
0.311906 
0.284133 
0.307163 
0.273308 
0.306522 
0.282303 
0.326687 
0.286655 
0.318600 
0.292040 
0.343064 
0.309734 
0.335676 
0.307708 
0.324966 
0.301707 
0.323616 
0.299241 
0.309711 
0.292897 
0.293565 
0.295105 
0.291074 
0.280334 
0.256040 
0.265007 
0.235001 
0.251775 
0.219252 
0.239291 
0.206183 
0.230355 
0.196636 
0.215135 
0.179106 
0.187666 
0.146262 
0.130938 
0.097920 
0.078072 
0.056876 
0.042029 
0.040743 
0.031773 
0.027692 
0.021120 
0.015073 
0.010815 
0.008971 
0.007761 
0.005862 
0.004742 
0.003806 
0.004702 
0.003489 
0.002503 
0.001831 
0.001320 
0.000959 
0.000695 
0.000504 
0.000365 
0.000265 
0.000192 
0.000139 
0.000101 
0.000073 
0.000053 
0.000038 
0.000028 
0.000020 
0.000015 
0.000011 
0.000008 
0.000006 
0.000004 
0.000003 
0.000002 
0.000002 
0.000001 
0.000001 
0.000001 
0.000000 
0.000000 
0.000000 
0.000000 
0.000000 
0.000000 
0.000000 
0.000000 
0.000000 
0.000000 
0.000000 
0.000000 
0.000000 
0.000000 
0.000000 
0.000000 
0.000000 
0.000000 
0.000000 
0.000000 
0.000000 
0.000000 
0.000000 
0.000000 
0.000000 
0.000000 
0.000000 
0.000000 
0.000000 
0.000000 
0.000000 
0.000000 
0.000000 
0.000000 
0.000000 
0.000000 
0.000000 
0.000000 
0.000000 
0.000000 
0.000000 
0.000000 
0.000000 
0.000000 
-0.000000 
0.000000 
0.000000 
-0.000000 
0.000001 
-0.000001 
0.000063 
0.000170 
0.000189 
0.000184 
0.000305 
0.000557 
0.000583 
0.000566 
0.001046 
0.000964 
0.000689 
0.000816 
0.001261 
0.001919 
0.001774 
0.001836 
0.002187 
0.001893 
0.003698 
0.012603 
0.013978 
0.016634 
0.020052 
0.020805 
0.021016 
0.048407 
0.044821 
0.047679 
0.073318 
0.130724 
0.185618 
0.200983 
0.283432 
0.257823 
0.272225 
0.257948 
0.263320 
0.266928 
0.308326 
0.288353 
0.307821 
0.297056 
0.324410 
0.302119 
0.302683 
0.301278 
0.315253 
0.290766 
0.267159 
0.299390 
0.296074 
0.314208 
0.299606 
0.321891 
0.306360 
0.336143 
0.305507 
0.326809 
0.298446 
0.343553 
0.310761 
0.342881 
0.302227 
0.343021 
0.317953 
0.367289 
0.321470 
0.341330 
0.321610 
0.353619 
0.324748 
0.328633 
0.341435 
0.353566 
0.336939 
0.313170 
0.324356 
0.299382 
0.316146 
0.289361 
0.304321 
0.275309 
0.289205 
0.264135 
0.272728 
0.252576 
0.252215 
0.226601 
0.206997 
0.194242 
0.182846 
0.152092 
0.128949 
0.111332 
0.092905 
0.071457 
0.055796 
0.040579 
0.040346 
0.033355 
0.031735 
0.030432 
0.033513 
0.028174 
0.032674 
0.033970 
0.045502 
0.047149 
0.046370 
0.038772 
0.034968 
0.030765 
0.026919 
0.020713 
0.018860 
0.023339 
0.023258 
0.040049 
0.037765 
0.038920 
0.049014 
0.037166 
0.030533 
0.025787 
0.026000 
0.028207 
0.031201 
0.031564 
0.029355 
0.027713 
0.024691 
0.022082 
0.027626 
0.029857 
0.034428 
0.035515 
0.031830 
0.039381 
0.046341 
0.036380 
0.029180 
0.027875 
0.026199 
0.024066 
0.031392 
0.037334 
0.037198 
0.033438 
0.031806 
0.033450 
0.043146 
0.040725 
0.057899 
0.065172 
0.061427 
0.062197 
0.051858 
0.056421 
0.062825 
0.049794 
0.040577 
0.044068 
0.044048 
0.045719 
0.039666 
0.039480 
0.036657 
0.053513 
0.057273 
0.052376 
0.049966 
0.045187 
0.046389 
0.035912 
0.043123 
0.051085 
0.046775 
0.065304 
0.055545 
0.063457 
0.077995 
0.065986 
0.051147 
0.049739 
0.057714 
0.061834 
0.082902 
0.080129 
0.080630 
0.089888 
0.075847 
0.072740 
0.076003 
0.076602 
0.059110 
0.045123 
0.056750 
0.070332 
0.053033 
0.066224 
0.065492 
0.066105 
0.077825 
0.071920 
0.071895 
0.059849 
0.055330 
0.056701 
0.067872 
0.068022 
0.073015 
0.074616 
0.074636 
0.081005 
0.091193 
0.082711 
0.077208 
0.096955 
0.093588 
0.091301 
0.083000 
0.089788 
0.082719 
0.101861 
0.099685 
0.104869 
0.092042 
0.111834 
0.103810 
0.122976 
0.115557 
0.140567 
0.131670 
0.149053 
0.141290 
0.161419 
0.162366 
0.166260 
0.169514 
0.177487 
0.199768 
0.193972 
0.220314 
0.199937 
0.237199 
0.205454 
0.264495 
0.222272 
0.286618 
0.234778 
0.310948 
0.251232 
0.324542 
0.272869 
0.360948 
0.320976 
0.365259 
0.338472 
0.358272 
0.348548 
0.352010 
0.379270 
0.351143 
0.398755 
0.337121 
0.382085 
0.320732 
0.398803 
0.319309 
0.381899 
0.303637 
0.366318 
0.298791 
0.363730 
0.308459 
0.358868 
0.324239 
0.323734 
0.296829 
0.314395 
0.343493 
0.327506 
0.385009 
0.317262 
0.376951 
0.304253 
0.383896 
0.301367 
0.366715 
0.290573 
0.364556 
0.315055 
0.354597 
0.350621 
0.328092 
0.345522 
0.299784 
0.358890 
0.286009 
0.362284 
0.283255 
0.379384 
0.301714 
0.352710 
0.306091 
0.327215 
0.334069 
0.309320 
0.362597 
0.293844 
0.385369 
0.293087 
0.382825 
0.303375 
0.336621 
0.298795 
0.314562 
0.316847 
0.286853 
0.353187 
0.281830 
0.375992 
0.282888 
0.346610 
0.276564 
0.352957 
0.335657 
0.316456 
0.338729 
0.278171 
0.331651 
0.250968 
0.328401 
0.248409 
0.349131 
0.313429 
0.310378 
0.317623 
0.273064 
0.343184 
0.254237 
0.345254 
0.266135 
0.294522 
0.259991 
0.262767 
0.305100 
0.241046 
0.342230 
0.249273 
0.315004 
0.268836 
0.278035 
0.306452 
0.226985 
0.301032 
0.218227 
0.291519 
0.261435 
0.231183 
0.271268 
0.185128 
0.277208 
0.231005 
0.247120 
0.278395 
0.201421 
0.299834 
0.228776 
0.269318 
0.276786 
0.213243 
0.293634 
0.210165 
0.255685 
0.251778 
0.209933 
0.267772 
0.183663 
0.219638 
0.196175 
0.164075 
0.234134 
0.164297 
0.207904 
0.197674 
0.145445 
0.190472 
0.139549 
0.134477 
0.174185 
0.120085 
0.153413 
0.132581 
0.103461 
0.142807 
0.104008 
0.093472 
0.123626 
0.089956 
0.100635 
0.117662 
0.079292 
0.072854 
0.062819 
0.046355 
0.058943 
0.046102 
0.038940 
0.052257 
0.040883 
0.035318 
0.035864 
0.025600 
0.019508 
0.024316 
0.025771 
0.022464 
0.019908 
0.014657 
0.014619 
0.013920 
0.012413 
0.011799 
0.009591 
0.008910 
0.007424 
0.007069 
0.006537 
0.005315 
0.004353 
0.005250 
0.004455 
0.003427 
0.003972 
0.003504 
0.002596 
0.001889 
0.001368 
0.000992 
0.000718 
0.000524 
0.000370 
0.000307 
0.000371 
0.001025 
0.001799 
0.004425 
0.009266 
0.013628 
0.018355 
0.015651 
0.017675 
0.023943 
0.037062 
0.037759 
0.032274 
0.037440 
0.036517 
0.034559 
0.041378 
0.045521 
0.049906 
0.057421 
0.055253 
0.053761 
0.045264 
0.043887 
0.055002 
0.063932 
0.060842 
0.048990 
0.037718 
0.038793 
0.049921 
0.051487 
0.046029 
0.048584 
0.058730 
0.053999 
0.046194 
0.046227 
0.042730 
0.038565 
0.050341 
0.066725 
0.060251 
0.068286 
0.066195 
0.064576 
0.067554 
0.053572 
0.060424 
0.075463 
0.072852 
0.077876 
0.084937 
0.079152 
0.063679 
0.064821 
0.062000 
0.056118 
0.047232 
0.052355 
0.076968 
0.067284 
0.065404 
0.078487 
0.078821 
0.087614 
0.107337 
0.089216 
0.070236 
0.053874 
0.058995 
0.070825 
0.082319 
0.081147 
0.070248 
0.062292 
0.063575 
0.055272 
0.053068 
0.065269 
0.063506 
0.069554 
0.062987 
0.067386 
0.067386 
0.060344 
0.071459 
0.075246 
0.070177 
0.088466 
0.078328 
0.070080 
0.077517 
0.089353 
0.077454 
0.089082 
0.086360 
0.100663 
0.105066 
0.088113 
0.099978 
0.108579 
0.101087 
0.099920 
0.127981 
0.123039 
0.097325 
0.083849 
0.090044 
0.091910 
0.099303 
0.097113 
0.080116 
0.079200 
0.080208 
0.076649 
0.080954 
0.080731 
0.063841 
0.067930 
0.066137 
0.058925 
0.068826 
0.082902 
0.083197 
0.078804 
0.069667 
0.064480 
0.081444 
0.084129 
0.078795 
0.068539 
0.066744 
0.059308 
0.091425 
0.103398 
0.100718 
0.087567 
0.068014 
0.070150 
0.066552 
0.072416 
0.068649 
0.053597 
0.047414 
0.039170 
0.053873 
0.047924 
0.055928 
0.073464 
0.091264 
0.108964 
0.081137 
0.064324 
0.061871 
0.047366 
0.040591 
0.047758 
0.052547 
0.054646 
0.059359 
0.075780 
0.073572 
0.062077 
0.071042 
0.055006 
0.070058 
0.067544 
0.057353 
0.055421 
0.048906 
0.044465 
0.040760 
0.036448 
0.036594 
0.032552 
0.036226 
0.040399 
0.043696 
0.043680 
0.037873 
0.035229 
0.028247 
0.029101 
0.028788 
0.023525 
0.026025 
0.024985 
0.032599 
0.037945 
0.037427 
0.044216 
0.045690 
0.040002 
0.030743 
0.028792 
0.023848 
0.019523 
0.019455 
0.028777 
0.027146 
0.023918 
0.027646 
0.022616 
0.016516 
0.025101 
0.034982 
0.029772 
0.028536 
0.026309 
0.025248 
0.027775 
0.026807 
0.024238 
0.027974 
0.025665 
0.018568 
0.014179 
0.012637 
0.014329 
0.018169 
0.016993 
0.012810 
0.011021 
0.011655 
0.010312 
0.008737 
0.007854 
0.007611 
0.005968 
0.004854 
0.003643 
0.003105 
0.002568 
0.002070 
0.001483 
0.001081 
0.000783 
0.000569 
0.000395 
0.000358 
0.000065 
0.002408 
0.004353 
0.003031 
0.002249 
0.001621 
0.001174 
0.000852 
0.000618 
0.000448 
0.000325 
0.000235 
0.000171 
0.000124 
0.000090 
0.000065 
0.000047 
0.000034 
0.000025 
0.000018 
0.000013 
0.000009 
0.000007 
0.000005 
0.000004 
0.000003 
0.000002 
0.000001 
0.000001 
0.000001 
0.000001 
0.000000 
0.000000 
0.000002 
-0.000004 
0.000009 
-0.000021 
0.000209 
0.001890 
0.004139 
0.005607 
0.005738 
0.005613 
0.005234 
0.004300 
0.003234 
0.002597 
0.002062 
0.001472 
0.001085 
0.000771 
0.001133 
0.002297 
0.002718 
0.003109 
0.004650 
0.004892 
0.003791 
0.003653 
0.002862 
0.002033 
0.001491 
0.001076 
0.000778 
0.000574 
0.000407 
0.000829 
0.001955 
0.002377 
0.001967 
0.002350 
0.002447 
0.001775 
0.001297 
0.000938 
0.000682 
0.000487 
0.000376 
0.000216 
0.000505 
0.001917 
0.002930 
0.003662 
0.004890 
0.005637 
0.006084 
0.006431 
0.006137 
0.004650 
0.003434 
0.002485 
0.001802 
0.001306 
0.000947 
0.000689 
0.000530 
0.000579 
0.000705 
0.000526 
0.000379 
0.000276 
0.000199 
0.000145 
0.000105 
0.000076 
0.000055 
0.000040 
0.000029 
0.000021 
0.000015 
0.000011 
0.000008 
0.000006 
0.000004 
0.000003 
0.000002 
0.000002 
0.000001 
0.000001 
0.000001 
0.000001 
0.000059 
0.000128 
0.000175 
0.000191 
0.000502 
0.000465 
0.000318 
0.000295 
0.000310 
0.000337 
0.000511 
0.000674 
0.000490 
0.000374 
0.000271 
0.000196 
0.000143 
0.000103 
0.000075 
0.000054 
0.000043 
0.000017 
0.000050 
-0.000027 
0.001662 
0.008161 
0.016655 
0.020083 
0.022191 
0.017822 
0.118607 
0.183506 
0.171774 
0.166049 
0.150213 
0.170592 
0.183671 
0.157979 
0.129217 
0.136598 
0.116178 
0.153315 
0.171133 
0.208817 
0.193327 
0.253889 
0.269747 
0.229161 
0.230221 
0.219418 
0.209015 
0.230449 
0.206590 
0.242612 
0.300191 
0.217452 
0.296962 
0.245532 
0.275304 
0.286983 
0.268116 
0.371291 
0.274319 
0.369034 
0.277035 
0.355015 
0.330718 
0.318268 
0.373241 
0.287712 
0.369248 
0.269513 
0.352644 
0.289072 
0.303849 
0.316373 
0.292881 
0.386273 
0.287081 
0.360923 
0.262734 
0.338574 
0.324551 
0.306886 
0.331705 
0.231980 
0.326424 
0.255120 
0.325271 
0.322257 
0.293027 
0.371604 
0.271067 
0.349807 
0.257854 
0.310557 
0.281718 
0.268387 
0.329635 
0.239561 
0.358835 
0.270129 
0.326348 
0.305958 
0.290987 
0.380873 
0.274253 
0.390379 
0.300891 
0.333236 
0.298710 
0.280602 
0.386300 
0.275236 
0.387296 
0.301293 
0.338585 
0.341605 
0.297819 
0.415013 
0.294814 
0.379786 
0.298986 
0.343913 
0.368989 
0.302773 
0.404002 
0.288102 
0.372221 
0.297467 
0.340310 
0.363208 
0.297941 
0.384558 
0.281750 
0.380209 
0.295449 
0.333581 
0.325400 
0.287496 
0.342569 
0.262038 
0.379450 
0.285030 
0.355446 
0.306938 
0.314853 
0.332323 
0.287504 
0.368167 
0.280858 
0.372989 
0.282406 
0.341758 
0.289197 
0.315653 
0.321752 
0.290412 
0.342906 
0.268183 
0.341669 
0.258939 
0.335632 
0.271598 
0.324904 
0.309424 
0.303279 
0.329983 
0.291049 
0.341507 
0.278876 
0.357532 
0.286792 
0.352093 
0.279201 
0.335157 
0.286188 
0.318228 
0.292109 
0.304682 
0.300277 
0.298054 
0.320987 
0.289078 
0.327789 
0.278761 
0.320292 
0.270164 
0.311800 
0.256101 
0.323734 
0.262637 
0.325497 
0.271121 
0.330457 
0.288438 
0.333981 
0.302829 
0.321216 
0.313224 
0.306350 
0.333629 
0.281464 
0.318518 
0.229979 
0.270244 
0.210188 
0.187966 
0.174128 
0.124761 
0.100588 
0.072553 
0.054456 
0.043200 
0.036343 
0.025166 
0.023685 
0.018481 
0.021797 
0.020184 
0.019206 
0.018936 
0.013945 
0.013971 
0.009922 
0.008584 
0.006067 
0.006859 
0.007666 
0.007196 
0.008456 
0.006991 
0.010083 
0.007388 
0.008268 
0.007256 
0.005873 
0.004862 
0.004175 
0.004152 
0.003100 
0.003343 
0.002444 
0.002776 
0.002462 
0.003088 
0.002695 
0.002294 
0.002135 
0.001504 
0.001182 
0.000834 
0.001235 
0.001091 
0.001037 
0.000928 
0.000916 
0.001140 
0.001757 
0.001713 
0.001963 
0.002747 
0.003245 
0.004379 
0.004368 
0.004897 
0.005248 
0.006116 
0.007103 
0.006654 
0.005014 
0.003267 
0.008272 
0.010005 
0.022604 
0.061700 
0.165032 
0.209702 
0.205633 
0.193919 
0.208468 
0.180594 
0.134737 
0.101751 
0.119535 
0.148709 
0.198509 
0.344802 
0.314729 
0.353296 
0.313090 
0.345559 
0.302244 
0.325076 
0.296521 
0.348574 
0.308262 
0.352715 
0.306996 
0.350245 
0.299831 
0.341144 
0.291267 
0.333723 
0.290433 
0.352084 
0.297803 
0.347456 
0.292955 
0.336271 
0.282242 
0.322547 
0.277190 
0.336303 
0.284564 
0.322470 
0.275087 
0.315279 
0.272192 
0.309804 
0.272517 
0.319239 
0.277354 
0.313517 
0.270648 
0.297680 
0.261184 
0.280390 
0.253399 
0.281543 
0.261589 
0.271122 
0.258946 
0.273676 
0.261950 
0.264364 
0.261288 
0.268537 
0.274010 
0.265767 
0.277747 
0.274463 
0.285787 
0.270923 
0.300682 
0.280721 
0.316556 
0.293256 
0.319650 
0.287549 
0.339475 
0.304050 
0.341089 
0.297841 
0.322876 
0.271849 
0.233182 
0.182709 
0.130514 
0.100730 
0.077794 
0.071784 
0.066233 
0.085309 
0.068564 
0.060045 
0.055718 
0.053478 
0.058281 
0.057932 
0.065692 
0.064380 
0.075984 
0.074543 
0.091924 
0.089071 
0.094717 
0.107117 
0.121047 
0.139606 
0.143719 
0.174018 
0.172399 
0.202032 
0.190808 
0.207217 
0.196175 
0.206632 
0.202030 
0.204957 
0.216405 
0.211361 
0.243246 
0.230945 
0.272800 
0.249378 
0.295270 
0.268515 
0.292351 
0.272132 
0.310358 
0.286564 
0.303842 
0.290168 
0.298181 
0.301404 
0.297695 
0.307127 
0.295671 
0.293274 
0.279932 
0.266380 
0.276687 
0.229969 
0.283882 
0.272296 
0.311935 
0.310104 
0.337487 
0.328949 
0.343207 
0.322319 
0.333380 
0.305457 
0.333300 
0.310091 
0.325062 
0.297499 
0.329904 
0.308795 
0.332691 
0.307721 
0.325864 
0.300455 
0.323373 
0.294919 
0.322633 
0.294217 
0.328237 
0.298049 
0.331567 
0.297930 
0.335873 
0.308199 
0.344278 
0.316697 
0.345517 
0.327583 
0.361333 
0.330209 
0.354193 
0.332334 
0.365065 
0.340594 
0.357064 
0.328982 
0.349920 
0.339731 
0.350055 
0.335692 
0.354075 
0.338815 
0.348159 
0.333209 
0.335382 
0.325390 
0.317371 
0.306200 
0.299278 
0.305536 
0.298664 
0.308427 
0.288011 
0.309327 
0.275541 
0.305018 
0.274863 
0.292878 
0.271668 
0.305050 
0.288524 
0.298327 
0.293658 
0.288852 
0.276144 
0.252426 
0.250950 
0.225867 
0.231131 
0.211950 
0.218783 
0.187942 
0.160272 
0.164952 
0.154819 
0.148929 
0.134544 
0.134771 
0.117032 
0.114774 
0.106192 
0.111697 
0.106996 
0.096936 
0.094500 
0.086628 
0.088833 
0.099915 
0.098211 
0.103874 
0.120770 
0.155942 
0.146187 
0.128832 
0.097104 
0.100000 
0.117266 
0.114847 
0.090075 
0.098596 
0.122436 
0.117252 
0.128785 
0.117178 
0.110818 
0.128043 
0.120998 
0.129163 
0.133174 
0.134164 
0.131894 
0.112813 
0.092606 
0.123801 
0.159541 
0.154218 
0.173735 
0.159090 
0.133726 
0.112711 
0.123910 
0.158136 
0.131476 
0.128842 
0.165189 
0.155856 
0.134890 
0.147877 
0.113547 
0.083179 
0.070362 
0.058070 
0.063517 
0.079032 
0.065276 
0.067320 
0.069391 
0.079821 
0.076994 
0.062568 
0.074770 
0.083267 
0.066373 
0.053513 
0.049423 
0.050015 
0.042446 
0.037134 
0.026777 
0.030882 
0.038626 
0.033676 
0.036043 
0.028664 
0.030895 
0.035359 
0.031376 
0.028473 
0.025178 
0.024155 
0.022566 
0.017189 
0.013988 
0.010839 
0.009126 
0.007596 
0.005468 
0.003986 
0.002885 
0.002092 
0.001517 
0.001100 
0.000797 
0.000578 
0.000419 
0.000304 
0.000220 
0.000160 
0.000116 
0.000084 
0.000061 
0.000044 
0.000032 
0.000023 
0.000017 
0.000013 
0.000004 
0.000021 
0.000021 
0.000655 
0.002294 
0.002356 
0.005351 
0.007024 
0.005517 
0.004008 
0.007067 
0.012623 
0.015206 
0.013848 
0.014678 
0.019421 
0.026608 
0.022284 
0.022374 
0.042012 
0.062445 
0.057721 
0.120521 
0.253173 
0.291425 
0.293813 
0.263256 
0.271195 
0.261845 
0.263409 
0.299216 
0.249124 
0.241861 
0.292717 
0.274359 
0.266760 
0.277788 
0.318068 
0.305399 
0.283614 
0.279433 
0.282357 
0.298386 
0.283456 
0.279459 
0.264246 
0.307773 
0.304935 
0.287074 
0.291512 
0.266938 
0.258400 
0.269174 
0.275010 
0.261472 
0.257614 
0.261086 
0.257049 
0.248897 
0.255603 
0.270189 
0.265781 
0.264532 
0.274501 
0.272533 
0.283134 
0.279951 
0.276816 
0.287098 
0.283381 
0.283888 
0.293379 
0.283415 
0.269082 
0.259964 
0.250462 
0.230569 
0.226773 
0.224960 
0.178751 
0.144430 
0.125229 
0.097946 
0.069335 
0.052536 
0.043741 
0.035056 
0.029749 
0.020991 
0.016512 
0.013872 
0.010040 
0.007887 
0.007072 
0.005074 
0.004099 
0.004025 
0.003140 
0.003460 
0.003081 
0.003541 
0.003209 
0.003134 
0.002431 
0.002063 
0.002366 
0.002419 
0.002579 
0.001970 
0.001582 
0.001160 
0.000855 
0.000617 
0.000448 
0.000325 
0.000235 
0.000171 
0.000124 
0.000090 
0.000065 
0.000047 
0.000034 
0.000025 
0.000018 
0.000013 
0.000009 
0.000007 
0.000006 
0.000001 
0.000006 
-0.000000 
0.000074 
0.002028 
0.004780 
0.006593 
0.005858 
0.004183 
0.003096 
0.002233 
0.007323 
-0.000506 
0.048830 
0.143920 
0.165957 
0.128722 
0.091933 
0.078871 
0.084965 
0.131356 
0.159987 
0.166260 
0.185230 
0.206903 
0.262274 
0.272507 
0.284304 
0.292919 
0.295401 
0.303195 
0.309397 
0.303743 
0.310591 
0.313883 
0.320815 
0.328107 
0.323824 
0.311702 
0.315737 
0.325652 
0.332691 
0.329006 
0.321304 
0.317654 
0.321229 
0.342353 
0.344332 
0.344404 
0.342424 
0.342760 
0.320620 
0.306240 
0.316930 
0.320406 
0.325603 
0.334368 
0.328772 
0.332925 
0.324779 
0.317952 
0.348427 
0.345408 
0.344446 
0.339899 
0.334890 
0.344466 
0.331948 
0.313033 
0.305287 
0.299417 
0.295908 
0.289785 
0.293150 
0.303664 
0.312461 
0.300499 
0.276819 
0.271794 
0.225384 
0.196203 
0.147365 
0.117048 
0.084513 
0.059970 
0.049877 
0.047115 
0.053175 
0.055584 
0.059219 
0.060570 
0.061166 
0.062353 
0.064208 
0.065915 
0.071511 
0.073617 
0.078415 
0.079683 
0.081735 
0.083356 
0.081509 
0.080690 
0.077707 
0.075787 
0.073956 
0.071428 
0.070313 
0.068222 
0.066798 
0.069553 
0.067298 
0.067386 
0.065943 
0.065493 
0.065369 
0.060084 
0.053734 
0.053082 
0.057628 
0.055026 
0.051220 
0.056600 
0.043106 
0.066516 
0.075529 
0.157650 
0.176565 
0.295720 
0.294821 
0.339980 
0.322953 
0.323362 
0.323122 
0.308676 
0.333472 
0.309787 
0.330276 
0.301549 
0.321679 
0.299577 
0.326813 
0.307111 
0.306817 
0.309941 
0.300509 
0.332330 
0.318241 
0.339766 
0.310924 
0.334989 
0.305506 
0.328369 
0.308345 
0.321697 
0.311281 
0.308325 
0.322188 
0.316101 
0.326353 
0.298344 
0.328755 
0.295839 
0.321477 
0.288975 
0.319714 
0.285120 
0.302285 
0.279551 
0.297655 
0.276706 
0.274371 
0.278403 
0.279014 
0.284896 
0.274289 
0.291271 
0.273340 
0.294392 
0.268357 
0.299204 
0.269913 
0.305287 
0.272416 
0.309676 
0.272566 
0.313501 
0.275581 
0.320727 
0.278491 
0.326846 
0.282394 
0.329993 
0.286105 
0.330799 
0.284264 
0.339769 
0.293182 
0.332569 
0.286003 
0.335275 
0.286561 
0.327632 
0.282338 
0.328563 
0.281778 
0.330246 
0.285299 
0.324667 
0.279479 
0.333477 
0.287514 
0.323016 
0.281507 
0.317154 
0.275657 
0.316795 
0.276058 
0.310125 
0.278924 
0.308089 
0.278821 
0.306346 
0.283709 
0.295818 
0.278656 
0.294727 
0.288763 
0.286219 
0.282444 
0.283152 
0.293128 
0.283508 
0.305573 
0.280197 
0.301934 
0.274876 
0.307772 
0.274954 
0.332820 
0.274719 
0.307131 
0.257076 
0.316946 
0.257625 
0.316134 
0.254832 
0.305452 
0.249306 
0.340696 
0.282988 
0.332872 
0.284463 
0.326810 
0.294043 
0.318951 
0.306195 
0.313356 
0.317322 
0.292737 
0.308239 
0.281825 
0.342299 
0.281138 
0.343991 
0.275490 
0.352418 
0.278977 
0.345638 
0.278154 
0.341434 
0.286922 
0.327985 
0.298288 
0.312696 
0.313864 
0.294802 
0.333777 
0.279922 
0.339688 
0.268246 
0.348890 
0.271979 
0.336312 
0.266280 
0.328402 
0.282528 
0.322709 
0.308810 
0.307805 
0.329732 
0.282286 
0.327414 
0.263767 
0.335346 
0.258497 
0.333645 
0.258715 
0.326980 
0.277839 
0.311120 
0.307339 
0.283364 
0.305778 
0.256159 
0.323750 
0.244057 
0.317664 
0.243528 
0.299246 
0.253847 
0.251219 
0.237216 
0.217843 
0.254545 
0.201815 
0.272534 
0.200455 
0.219283 
0.168306 
0.197133 
0.204396 
0.172371 
0.207242 
0.152884 
0.212267 
0.161599 
0.172443 
0.154172 
0.141850 
0.187029 
0.130373 
0.165727 
0.125745 
0.146873 
0.166097 
0.125105 
0.170501 
0.121186 
0.157607 
0.141122 
0.129791 
0.160614 
0.114578 
0.180554 
0.139908 
0.162917 
0.178164 
0.139408 
0.201323 
0.140637 
0.183364 
0.158078 
0.158850 
0.217852 
0.150730 
0.205960 
0.154298 
0.180527 
0.203974 
0.147027 
0.202359 
0.137468 
0.217320 
0.226376 
0.183977 
0.228967 
0.157991 
0.255655 
0.219610 
0.182029 
0.176785 
0.132863 
0.205672 
0.161451 
0.185095 
0.217701 
0.168573 
0.233473 
0.158651 
0.221662 
0.221306 
0.186335 
0.276279 
0.182726 
0.233087 
0.241282 
0.201259 
0.235108 
0.157531 
0.224222 
0.204509 
0.147097 
0.168588 
0.112289 
0.144426 
0.166294 
0.119809 
0.170066 
0.133215 
0.105920 
0.093636 
0.093020 
0.130217 
0.105830 
0.088746 
0.113947 
0.091183 
0.118159 
0.143373 
0.118422 
0.141590 
0.161849 
0.151315 
0.168196 
0.146244 
0.120203 
0.117186 
0.093093 
0.071174 
0.059448 
0.051890 
0.053899 
0.057664 
0.058053 
0.064764 
0.058982 
0.041258 
0.035268 
0.041810 
0.042443 
0.034699 
0.027082 
0.024613 
0.018138 
0.013460 
0.017190 
0.018267 
0.013728 
0.012438 
0.012685 
0.011589 
0.009280 
0.007285 
0.006497 
0.005912 
0.006354 
0.005355 
0.003732 
0.002761 
0.001986 
0.001434 
0.001070 
0.000690 
0.001092 
0.001945 
0.002041 
0.001885 
0.001468 
0.001043 
0.000764 
0.000551 
0.000400 
0.000290 
0.000210 
0.000154 
0.000104 
0.000099 
0.000010 
0.000273 
0.001487 
0.003179 
0.005555 
0.007688 
0.008747 
0.011675 
0.012767 
0.016216 
0.019193 
0.021540 
0.021349 
0.021635 
0.021903 
0.023849 
0.024176 
0.022595 
0.021482 
0.022238 
0.023958 
0.024501 
0.026163 
0.029941 
0.029388 
0.030716 
0.031333 
0.030011 
0.030242 
0.030050 
0.032508 
0.030064 
0.029204 
0.028000 
0.028206 
0.025955 
0.023048 
0.022975 
0.034947 
0.034740 
0.026986 
0.025751 
0.023880 
0.019692 
0.021210 
0.024260 
0.024889 
0.023461 
0.024364 
0.025910 
0.024404 
0.021986 
0.023837 
0.027038 
0.026449 
0.023093 
0.016162 
0.016756 
0.019604 
0.016926 
0.014867 
0.014103 
0.015482 
0.015683 
0.020004 
0.017920 
0.020792 
0.019772 
0.019083 
0.019592 
0.015068 
0.014342 
0.013683 
0.012252 
0.011559 
0.011881 
0.014029 
0.015903 
0.020404 
0.019212 
0.013443 
0.010937 
0.012513 
0.012904 
0.015907 
0.022586 
0.021576 
0.019200 
0.019113 
0.020953 
0.021507 
0.019318 
0.015525 
0.014890 
0.014065 
0.012304 
0.014302 
0.016920 
0.015634 
0.022707 
0.022425 
0.019898 
0.019503 
0.015942 
0.022116 
0.024885 
0.021856 
0.018250 
0.014832 
0.013544 
0.013746 
0.017515 
0.014817 
0.010732 
0.009101 
0.009901 
0.012315 
0.011717 
0.014485 
0.014880 
0.015198 
0.020118 
0.031893 
0.033144 
0.033809 
0.029628 
0.024793 
0.018553 
0.016830 
0.017451 
0.022230 
0.023623 
0.020570 
0.018794 
0.018520 
0.014806 
0.013356 
0.015572 
0.017612 
0.016172 
0.015536 
0.014952 
0.015974 
0.016790 
0.018071 
0.017598 
0.013678 
0.015793 
0.017044 
0.013542 
0.014011 
0.016426 
0.019202 
0.016679 
0.017824 
0.016628 
0.020534 
0.022291 
0.021788 
0.018841 
0.020555 
0.020626 
0.025404 
0.024076 
0.020503 
0.020622 
0.025498 
0.021520 
0.017932 
0.017538 
0.015786 
0.016752 
0.017172 
0.015860 
0.017808 
0.018584 
0.020505 
0.023111 
0.023548 
0.022257 
0.021705 
0.023080 
0.023652 
0.025410 
0.023180 
0.020428 
0.019788 
0.020033 
0.018943 
0.019701 
0.020196 
0.016506 
0.014173 
0.014958 
0.014250 
0.011947 
0.010862 
0.010556 
0.009696 
0.008796 
0.008285 
0.006808 
0.006567 
0.005242 
0.004042 
0.003089 
0.003130 
0.004123 
0.003678 
0.003341 
0.002818 
0.001960 
0.001587 
0.001149 
0.000883 
0.000772 
0.000550 
0.000402 
0.000291 
0.000211 
0.000153 
0.000111 
0.000080 
0.000058 
0.000042 
0.000031 
0.000021 
0.000021 
0.000033 
0.000024 
0.000018 
0.000012 
0.000012 
-0.000001 
0.000041 
0.000106 
0.000069 
0.000052 
0.000037 
0.000027 
0.000020 
0.000014 
0.000010 
0.000008 
0.000005 
0.000004 
0.000003 
0.000002 
0.000002 
0.000001 
0.000001 
0.000001 
0.000000 
0.000000 
0.000000 
0.000000 
0.000000 
0.000000 
0.000000 
0.000000 
0.000000 
0.000000 
0.000000 
0.000000 
0.000000 
0.000000 
0.000000 
0.000000 
0.000000 
0.000000 
0.000000 
0.000000 
0.000000 
0.000000 
0.000000 
0.000000 
0.000000 
0.000000 
0.000000 
0.000000 
0.000000 
0.000000 
0.000000 
0.000000 
0.000000 
0.000000 
0.000000 
0.000000 
0.000000 
0.000000 
0.000000 
0.000000 
0.000000 
0.000000 
0.000000 
0.000000 
0.000000 
0.000000 
0.000000 
0.000000 
0.000000 
0.000000 
0.000000 
0.000000 
0.000000 
0.000000 
0.000000 
0.000000 
0.000000 
0.000000 
0.000000 
0.000000 
0.000000 
0.000000 
0.000000 
0.000000 
0.000000 
0.000000 
0.000000 
0.000000 
0.000000 
0.000000 
0.000000 
0.000000 
0.000000 
0.000000 
0.000000 
0.000000 
0.000000 
0.000000 
0.000000 
0.000000 
0.000000 
0.000000 
0.000000 
0.000000 
0.000000 
0.000000 
0.000000 
0.000000 
0.000000 
0.000000 
0.000000 
0.000000 
0.000000 
0.000000 
0.000000 
0.000000 
0.000000 
0.000000 
0.000000 
0.000000 
0.000000 
0.000000 
0.000000 
0.000000 
0.000000 
0.000000 
0.000000 
0.000000 
0.000000 
0.000000 
0.000000 
0.000000 
0.000000 
0.000000 
0.000000 
0.000000 
0.000000 
0.000000 
0.000000 
0.000000 
0.000000 
0.000000 
0.000000 
0.000000 
0.000000 
0.000000 
0.000000 
0.000000 
0.000000 
0.000000 
0.000000 
0.000000 
0.000000 
0.000000 
0.000000 
0.000000 
0.000000 
0.000000 
0.000000 
0.000000 
0.000000 
0.000000 
0.000000 
0.000000 
0.000000 
0.000000 
0.000000 
0.000000 
0.000000 
0.000000 
0.000000 
0.000000 
0.000000 
0.000000 
0.000000 
0.000000 
0.000000 
0.000000 
0.000000 
0.000000 
0.000000 
0.000000 
0.000000 
0.000000 
0.000000 
0.000000 
0.000000 
0.000000 
0.000000 
0.000000 
0.000000 
0.000000 
0.000000 
0.000000 
0.000000 
0.000000 
0.000000 
0.000000 
0.000000 
0.000000 
0.000000 
0.000000 
0.000000 
0.000000 
0.000000 
0.000000 
0.000000 
0.000000 
0.000000 
0.000000 
0.000000 
0.000000 
0.000000 
0.000000 
0.000000 
0.000000 
0.000000 
0.000000 
0.000000 
0.000000 
0.000000 
0.000000 
0.000000 
0.000000 
0.000000 
0.000000 
0.000000 
0.000000 
0.000000 
0.000000 
0.000000 
0.000000 
0.000000 
0.000000 
0.000000 
0.000000 
0.000000 
0.000000 
0.000000 
0.000000 
0.000000 
0.000000 
0.000000 
0.000000 
0.000000 
0.000000 
0.000000 
0.000000 
0.000000 
0.000000 
0.000000 
0.000000 
0.000000 
0.000000 
0.000000 
0.000000 
0.000000 
0.000000 
0.000000 
0.000000 
0.000000 
0.000000 
0.000000 
0.000000 
0.000000 
0.000000 
0.000000 
0.000000 
0.000000 
0.000000 
0.000000 
0.000000 
0.000000 
0.000000 
0.000000 
0.000000 
0.000000 
0.000000 
0.000000 
0.000000 
0.000000 
0.000000 
0.000000 
0.000000 
0.000000 
0.000000 
0.000000 
0.000000 
0.000000 
0.000000 
0.000000 
0.000000 
0.000000 
0.000000 
0.000000 
0.000000 
0.000000 
0.000000 
0.000000 
0.000000 
0.000000 
0.000000 
0.000000 
0.000000 
0.000000 
0.000000 
0.000000 
0.000000 
0.000000 
0.000000 
0.000000 
0.000000 
0.000000 
0.000000 
0.000000 
0.000000 
0.000000 
0.000000 
0.000000 
0.000000 
0.000000 
0.000000 
0.000000 
0.000000 
0.000000 
0.000000 
0.000000 
0.000000 
0.000000 
0.000000 
0.000000 
0.000000 
0.000000 
0.000000 
0.000000 
0.000000 
0.000000 
0.000000 
0.000000 
0.000000 
0.000000 
0.000000 
0.000000 
0.000000 
0.000000 
0.000000 
0.000000 
0.000000 
0.000000 
0.000000 
0.000000 
0.000000 
0.000000 
0.000000 
0.000000 
0.000000 
-0.000000 
-0.000000 
0.000004 
-0.000013 
0.000034 
-0.000072 
0.000917 
0.004992 
0.011246 
0.014373 
0.014191 
0.023550 
0.205389 
0.300975 
0.219333 
0.287626 
0.305199 
0.218799 
0.310596 
0.288817 
0.264156 
0.380127 
0.293972 
0.347084 
0.388941 
0.314628 
0.397050 
0.323852 
0.375631 
0.356482 
0.323099 
0.370948 
0.296183 
0.404148 
0.315595 
0.372224 
0.326204 
0.328252 
0.337116 
0.300647 
0.361648 
0.314546 
0.337776 
0.296343 
0.339778 
0.300089 
0.343215 
0.278039 
0.300346 
0.242178 
0.321350 
0.281663 
0.245747 
0.297926 
0.268502 
0.310576 
0.262789 
0.260297 
0.252165 
0.305695 
0.356432 
0.321876 
0.311489 
0.329682 
0.319910 
0.309242 
0.326862 
0.316850 
0.362097 
0.321471 
0.304072 
0.279328 
0.285537 
0.280555 
0.266024 
0.315690 
0.329419 
0.320535 
0.307780 
0.290009 
0.262013 
0.329526 
0.299126 
0.346942 
0.303168 
0.303401 
0.285365 
0.262474 
0.368744 
0.269535 
0.368120 
0.281976 
0.342182 
0.316327 
0.298283 
0.349480 
0.265497 
0.380223 
0.277319 
0.362178 
0.319593 
0.320619 
0.384860 
0.286965 
0.385266 
0.276959 
0.348748 
0.318375 
0.290958 
0.360863 
0.254158 
0.353008 
0.269485 
0.308115 
0.334535 
0.259885 
0.384274 
0.270967 
0.341478 
0.319195 
0.286146 
0.378184 
0.259581 
0.368522 
0.301102 
0.313579 
0.353631 
0.261739 
0.365502 
0.262400 
0.322747 
0.301731 
0.276760 
0.369999 
0.259484 
0.352882 
0.276092 
0.296382 
0.328116 
0.243382 
0.376949 
0.273234 
0.325402 
0.337070 
0.255643 
0.382221 
0.268856 
0.331654 
0.346834 
0.256876 
0.379245 
0.267340 
0.323232 
0.361143 
0.256229 
0.393406 
0.291993 
0.319282 
0.378422 
0.259433 
0.368097 
0.289608 
0.263348 
0.304945 
0.203883 
0.275880 
0.228502 
0.214576 
0.289537 
0.194109 
0.275191 
0.241247 
0.222143 
0.287433 
0.196973 
0.286809 
0.246029 
0.249119 
0.306060 
0.223161 
0.309052 
0.242120 
0.270842 
0.288320 
0.235396 
0.318844 
0.239618 
0.290723 
0.265677 
0.262240 
0.299355 
0.238449 
0.311604 
0.241678 
0.291551 
0.269793 
0.262815 
0.287023 
0.255066 
0.317686 
0.256993 
0.303319 
0.259014 
0.291353 
0.270525 
0.271039 
0.295659 
0.262628 
0.302991 
0.259446 
0.337368 
0.273950 
0.317975 
0.295891 
0.307686 
0.314947 
0.279456 
0.327121 
0.276590 
0.347232 
0.272267 
0.334421 
0.278489 
0.327383 
0.278955 
0.314087 
0.270059 
0.282908 
0.248505 
0.270465 
0.249689 
0.260854 
0.237286 
0.241250 
0.222261 
0.247589 
0.225046 
0.250840 
0.228141 
0.266744 
0.255989 
0.268289 
0.303035 
0.285555 
0.346128 
0.300601 
0.285459 
0.238905 
0.287201 
0.254312 
0.325008 
0.292831 
0.326986 
0.280418 
0.326317 
0.291833 
0.338126 
0.300865 
0.324113 
0.306806 
0.347485 
0.290754 
0.320906 
0.300257 
0.352122 
0.320333 
0.350061 
0.317059 
0.336078 
0.321838 
0.332967 
0.318279 
0.360273 
0.330667 
0.345056 
0.314350 
0.346074 
0.316639 
0.350164 
0.338786 
0.356269 
0.322261 
0.361427 
0.327593 
0.335432 
0.309562 
0.347873 
0.327339 
0.352590 
0.324326 
0.337417 
0.304138 
0.336876 
0.310293 
0.317513 
0.289240 
0.308290 
0.298926 
0.308408 
0.289843 
0.316202 
0.275475 
0.299762 
0.288237 
0.302383 
0.266502 
0.285241 
0.259083 
0.286991 
0.252283 
0.272837 
0.230075 
0.243362 
0.207396 
0.212986 
0.189294 
0.199573 
0.171343 
0.180647 
0.144186 
0.133922 
0.098851 
0.099044 
0.076803 
0.084997 
0.073535 
0.097152 
0.087670 
0.096877 
0.085859 
0.102382 
0.093552 
0.112460 
0.094512 
0.105649 
0.096872 
0.114616 
0.100068 
0.107670 
0.098041 
0.123272 
0.110513 
0.133567 
0.118691 
0.127268 
0.111718 
0.134012 
0.118259 
0.139259 
0.120713 
0.146244 
0.126419 
0.152586 
0.129189 
0.151826 
0.125707 
0.155862 
0.132365 
0.161392 
0.171437 
0.160925 
0.199410 
0.223985 
0.233106 
0.244441 
0.229209 
0.239442 
0.231205 
0.259988 
0.225816 
0.262138 
0.219600 
0.248181 
0.201094 
0.271849 
0.209923 
0.271432 
0.234385 
0.272891 
0.248965 
0.260727 
0.266979 
0.238066 
0.270705 
0.228418 
0.283192 
0.258396 
0.266559 
0.254137 
0.248345 
0.279402 
0.243308 
0.237521 
0.259098 
0.221683 
0.255641 
0.226635 
0.213961 
0.245510 
0.194008 
0.239982 
0.196960 
0.216707 
0.241680 
0.177234 
0.269971 
0.248776 
0.198456 
0.263768 
0.196540 
0.226885 
0.236834 
0.180394 
0.247883 
0.216521 
0.202929 
0.262590 
0.206332 
0.224971 
0.282942 
0.215205 
0.217939 
0.266585 
0.192130 
0.250581 
0.287270 
0.212738 
0.262914 
0.267003 
0.197930 
0.224690 
0.239094 
0.200802 
0.231455 
0.235858 
0.197527 
0.229923 
0.226377 
0.197589 
0.209488 
0.198876 
0.195287 
0.198043 
0.183396 
0.189313 
0.177108 
0.150443 
0.185565 
0.196826 
0.133328 
0.157914 
0.177432 
0.115309 
0.147548 
0.145456 
0.095868 
0.154236 
0.135854 
0.101029 
0.138858 
0.103089 
0.086635 
0.099979 
0.069608 
0.058142 
0.075229 
0.054007 
0.047908 
0.064449 
0.048584 
0.037143 
0.047213 
0.040133 
0.027314 
0.035055 
0.031834 
0.021398 
0.018740 
0.015040 
0.011360 
0.010777 
0.007841 
0.006376 
0.007805 
0.006336 
0.004804 
0.004258 
0.003014 
0.004066 
0.005879 
0.004309 
0.005041 
0.006238 
0.004279 
0.004151 
0.004865 
0.003428 
0.002518 
0.001821 
0.001319 
0.000951 
0.000718 
0.000471 
0.001876 
0.003926 
0.004265 
0.012737 
0.019153 
0.015899 
0.014096 
0.031584 
0.032877 
0.022511 
0.017974 
0.014658 
0.011226 
0.010180 
0.006610 
0.017964 
0.053694 
0.047462 
0.041662 
0.035416 
0.030949 
0.067313 
0.063281 
0.076454 
0.056601 
0.082788 
0.090846 
0.070700 
0.063545 
0.061091 
0.063602 
0.058788 
0.035534 
0.084552 
0.132743 
0.063114 
0.171994 
0.300023 
0.194607 
0.270360 
0.232178 
0.195450 
0.288497 
0.201809 
0.239393 
0.276909 
0.196383 
0.309529 
0.257083 
0.231489 
0.306508 
0.216251 
0.309798 
0.293740 
0.224794 
0.308947 
0.229163 
0.289951 
0.337467 
0.246061 
0.325309 
0.223169 
0.261576 
0.374806 
0.256917 
0.336345 
0.268321 
0.235841 
0.375176 
0.260258 
0.350156 
0.352189 
0.259975 
0.400618 
0.290692 
0.313785 
0.355831 
0.241054 
0.374808 
0.302733 
0.290624 
0.344849 
0.225327 
0.341440 
0.303345 
0.244578 
0.314402 
0.215536 
0.208545 
0.208605 
0.140562 
0.118842 
0.096660 
0.063511 
0.067475 
0.116291 
0.084705 
0.074646 
0.154400 
0.129152 
0.092900 
0.150829 
0.136327 
0.085207 
0.129551 
0.150995 
0.095218 
0.095754 
0.139613 
0.102813 
0.076295 
0.119449 
0.109975 
0.067037 
0.100033 
0.131507 
0.083028 
0.086809 
0.129273 
0.088452 
0.090770 
0.125502 
0.085111 
0.084468 
0.077866 
0.063241 
0.082118 
0.064268 
0.112743 
0.096903 
0.101122 
0.141824 
0.096200 
0.167351 
0.158193 
0.160824 
0.259239 
0.165272 
0.275807 
0.263964 
0.221110 
0.297803 
0.205087 
0.300199 
0.243368 
0.270411 
0.298521 
0.242087 
0.319810 
0.231695 
0.304020 
0.233670 
0.284654 
0.267722 
0.254675 
0.287353 
0.228585 
0.295041 
0.217730 
0.294131 
0.226671 
0.277315 
0.260742 
0.251852 
0.290259 
0.229433 
0.302367 
0.220450 
0.312321 
0.251641 
0.281795 
0.264204 
0.243003 
0.286536 
0.219246 
0.292731 
0.212310 
0.280686 
0.231866 
0.254011 
0.261792 
0.226011 
0.301224 
0.217991 
0.292330 
0.221294 
0.259573 
0.239670 
0.223568 
0.267299 
0.198867 
0.277279 
0.201919 
0.267505 
0.235103 
0.231342 
0.258704 
0.202565 
0.271297 
0.197746 
0.248291 
0.215663 
0.165966 
0.156135 
0.110016 
0.077772 
0.088396 
0.083415 
0.061024 
0.103995 
0.088013 
0.058139 
0.099881 
0.101991 
0.062570 
0.120245 
0.133216 
0.086119 
0.075854 
0.068006 
0.047610 
0.040664 
0.031454 
0.022202 
0.016542 
0.011347 
0.010214 
0.018379 
0.012659 
0.022032 
0.024554 
0.019141 
0.017476 
0.017961 
0.020540 
0.018954 
0.019425 
0.016910 
0.014872 
0.040951 
0.044681 
0.033121 
0.025170 
0.048286 
0.046219 
0.044823 
0.047099 
0.075136 
0.071407 
0.146426 
0.181141 
0.168385 
0.281660 
0.209949 
0.323024 
0.258487 
0.311059 
0.287079 
0.287221 
0.286645 
0.275796 
0.315186 
0.276902 
0.336957 
0.269100 
0.343236 
0.263213 
0.331063 
0.265628 
0.335607 
0.292501 
0.322289 
0.294641 
0.287715 
0.291553 
0.278445 
0.330458 
0.272163 
0.313768 
0.247517 
0.283645 
0.242433 
0.313822 
0.244938 
0.279981 
0.238006 
0.277779 
0.250342 
0.270584 
0.248728 
0.274429 
0.291761 
0.267717 
0.265302 
0.250506 
0.274609 
0.251253 
0.289769 
0.246080 
0.295592 
0.244579 
0.273469 
0.230034 
0.269395 
0.230628 
0.269029 
0.229730 
0.285228 
0.239581 
0.273089 
0.237339 
0.290190 
0.248941 
0.298691 
0.252721 
0.288484 
0.244208 
0.280805 
0.236398 
0.259859 
0.223189 
0.253026 
0.217517 
0.252103 
0.223886 
0.253448 
0.218205 
0.236916 
0.208060 
0.235407 
0.198529 
0.216727 
0.191235 
0.203981 
0.179126 
0.192571 
0.173460 
0.175492 
0.151553 
0.166364 
0.149210 
0.161085 
0.141021 
0.156456 
0.141325 
0.149617 
0.125796 
0.157752 
0.134997 
0.142717 
0.122798 
0.141144 
0.117815 
0.147789 
0.137401 
0.123838 
0.121819 
0.113409 
0.126253 
0.103434 
0.122416 
0.105349 
0.121386 
0.104350 
0.105412 
0.080034 
0.087871 
0.083719 
0.081308 
0.109020 
0.082145 
0.082874 
0.064397 
0.056032 
0.058895 
0.045590 
0.046464 
0.040602 
0.040316 
0.045085 
0.045162 
0.053408 
0.045164 
0.033011 
0.026253 
0.021518 
0.024582 
0.029919 
0.021554 
0.021510 
0.018898 
0.014959 
0.011243 
0.012880 
0.015561 
0.012547 
0.013962 
0.011412 
0.010396 
0.009025 
0.007965 
0.005426 
0.004615 
0.004668 
0.003506 
0.002888 
0.002050 
0.001499 
0.001084 
0.000786 
0.000570 
0.000413 
0.000300 
0.000217 
0.000157 
0.000114 
0.000083 
0.000060 
0.000043 
0.000032 
0.000023 
0.000015 
0.000016 
-0.000003 
0.000069 
0.000138 
0.000114 
0.000101 
0.000962 
0.003504 
0.003605 
0.006627 
0.012713 
0.013711 
0.015302 
0.013165 
0.012462 
0.012478 
0.016932 
0.018376 
0.018439 
0.026906 
0.042458 
0.041519 
0.033323 
0.025709 
0.024530 
0.025724 
0.023492 
0.035697 
0.035442 
0.029682 
0.028327 
0.030774 
0.032388 
0.031384 
0.033907 
0.036379 
0.030449 
0.024904 
0.024688 
0.025174 
0.028538 
0.031269 
0.039241 
0.039965 
0.033531 
0.036617 
0.034595 
0.042373 
0.041856 
0.034327 
0.027048 
0.028587 
0.029362 
0.024862 
0.026629 
0.033314 
0.041468 
0.036096 
0.027091 
0.027876 
0.026954 
0.028847 
0.030733 
0.031341 
0.032118 
0.024857 
0.019762 
0.019436 
0.026492 
0.033953 
0.037177 
0.028233 
0.027356 
0.027699 
0.022293 
0.020314 
0.018133 
0.017495 
0.019056 
0.024223 
0.028475 
0.028252 
0.031576 
0.025854 
0.018539 
0.031989 
0.036516 
0.037827 
0.046810 
0.034728 
0.032477 
0.033742 
0.037059 
0.036792 
0.033755 
0.029072 
0.026913 
0.038626 
0.036037 
0.027853 
0.022392 
0.022205 
0.021023 
0.020814 
0.022163 
0.028408 
0.028134 
0.026021 
0.028348 
0.027456 
0.021461 
0.016646 
0.015391 
0.018986 
0.020373 
0.021361 
0.020996 
0.016119 
0.015599 
0.023100 
0.026228 
0.023302 
0.019497 
0.018309 
0.020255 
0.018196 
0.015075 
0.012589 
0.011059 
0.012640 
0.013344 
0.015731 
0.014674 
0.019270 
0.022160 
0.020278 
0.017532 
0.018188 
0.019089 
0.017822 
0.017588 
0.015017 
0.014450 
0.016380 
0.016816 
0.013462 
0.012453 
0.012912 
0.010546 
0.008848 
0.008014 
0.009028 
0.008743 
0.008423 
0.006958 
0.011732 
0.017263 
0.018518 
0.017364 
0.012993 
0.009982 
0.009739 
0.008711 
0.006102 
0.005410 
0.006029 
0.005451 
0.007167 
0.007353 
0.005330 
0.006986 
0.007603 
0.007269 
0.007951 
0.007487 
0.005983 
0.005101 
0.005271 
0.006065 
0.006146 
0.006373 
0.006805 
0.007631 
0.009693 
0.008588 
0.007513 
0.006893 
0.007477 
0.007559 
0.006360 
0.006009 
0.006048 
0.004889 
0.004305 
0.004084 
0.002963 
0.003666 
0.003513 
0.003907 
0.003473 
0.002332 
0.002120 
0.002223 
0.001584 
0.001237 
0.001492 
0.001437 
0.001417 
0.000982 
0.001455 
0.001399 
0.000936 
0.000707 
0.000504 
0.000367 
0.000266 
0.000193 
0.000140 
0.000101 
0.000074 
0.000053 
0.000039 
0.000028 
0.000020 
0.000015 
0.000011 
0.000008 
0.000006 
0.000004 
0.000003 
0.000002 
0.000002 
0.000001 
0.000001 
0.000001 
0.000001 
-0.000000 
0.000002 
-0.000002 
0.000288 
0.001212 
0.002454 
0.002643 
0.001983 
0.001445 
0.001046 
0.000758 
0.000550 
0.000399 
0.000288 
0.000212 
0.000145 
0.000155 
0.000175 
0.000121 
0.000104 
0.000192 
0.000901 
0.002361 
0.003947 
0.005362 
0.006584 
0.006714 
0.006107 
0.005400 
0.004387 
0.003428 
0.002624 
0.001873 
0.001368 
0.000989 
0.000716 
0.000523 
0.000372 
0.000298 
0.000613 
0.000874 
0.000853 
0.000609 
0.000445 
0.000322 
0.000233 
0.000169 
0.000123 
0.000089 
0.000064 
0.000047 
0.000034 
0.000025 
0.000018 
0.000013 
0.000009 
0.000007 
0.000005 
0.000004 
0.000001 
0.000003 
0.000002 
0.000024 
0.000803 
0.001545 
0.001043 
0.002191 
0.003320 
0.002765 
0.002518 
0.004781 
0.004168 
0.004128 
0.006880 
0.005994 
0.004281 
0.003225 
0.004014 
0.004528 
0.003294 
0.002359 
0.002098 
0.001931 
0.001693 
0.002121 
0.003733 
0.003349 
0.002309 
0.001647 
0.001503 
0.001984 
0.001206 
0.001711 
0.003364 
0.003668 
0.005492 
0.005239 
0.003650 
0.002739 
0.002033 
0.001281 
0.002125 
0.006684 
0.005688 
0.003718 
0.003369 
0.005003 
0.003680 
0.017512 
0.016502 
0.017214 
0.013172 
0.040568 
0.045108 
0.084916 
0.113743 
0.121624 
0.162823 
0.146330 
0.160368 
0.154384 
0.164608 
0.159828 
0.165280 
0.165038 
0.166192 
0.188605 
0.197169 
0.213225 
0.209215 
0.232580 
0.232522 
0.231853 
0.305169 
0.306829 
0.294350 
0.308323 
0.292815 
0.304082 
0.281689 
0.294614 
0.306770 
0.302225 
0.300076 
0.284945 
0.301839 
0.305833 
0.323468 
0.315103 
0.310623 
0.321609 
0.307163 
0.322389 
0.305361 
0.314592 
0.281721 
0.299750 
0.287589 
0.310382 
0.285730 
0.302589 
0.288206 
0.294405 
0.286175 
0.283489 
0.285046 
0.290383 
0.282593 
0.269332 
0.282382 
0.266723 
0.273195 
0.263690 
0.283134 
0.276500 
0.294938 
0.273985 
0.290245 
0.276685 
0.299259 
0.279976 
0.306198 
0.269331 
0.287057 
0.244325 
0.262100 
0.243567 
0.276411 
0.261239 
0.284063 
0.254631 
0.277823 
0.245440 
0.272108 
0.251175 
0.273361 
0.249115 
0.281662 
0.257944 
0.266957 
0.248422 
0.257629 
0.247257 
0.277522 
0.266590 
0.283097 
0.272977 
0.274212 
0.268073 
0.264247 
0.257714 
0.264756 
0.259632 
0.265996 
0.262851 
0.256583 
0.260825 
0.243707 
0.245025 
0.234182 
0.240564 
0.211854 
0.225245 
0.222643 
0.237192 
0.225806 
0.244213 
0.210761 
0.242870 
0.226747 
0.237521 
0.237738 
0.252963 
0.238427 
0.251237 
0.253882 
0.254355 
0.275458 
0.251676 
0.265278 
0.270873 
0.287750 
0.274639 
0.286242 
0.289409 
0.312637 
0.297720 
0.308651 
0.315274 
0.349413 
0.312663 
0.327026 
0.281464 
0.306927 
0.258484 
0.275447 
0.227815 
0.246258 
0.207722 
0.225752 
0.212171 
0.230713 
0.225899 
0.246439 
0.219538 
0.233219 
0.224088 
0.229852 
0.219269 
0.213406 
0.191611 
0.212505 
0.215749 
0.213690 
0.203065 
0.220018 
0.218967 
0.230902 
0.228196 
0.232014 
0.219604 
0.214883 
0.194866 
0.218309 
0.203011 
0.213805 
0.197443 
0.200599 
0.182237 
0.203456 
0.176904 
0.187855 
0.166436 
0.189535 
0.174533 
0.197107 
0.172985 
0.182781 
0.159264 
0.165589 
0.142371 
0.151106 
0.125482 
0.131524 
0.114215 
0.125476 
0.110390 
0.124946 
0.106301 
0.111879 
0.093604 
0.101744 
0.085741 
0.095561 
0.081596 
0.093648 
0.080871 
0.094976 
0.080836 
0.093203 
0.080119 
0.096904 
0.083035 
0.099272 
0.085056 
0.097934 
0.083292 
0.098990 
0.083859 
0.098442 
0.084390 
0.103857 
0.089030 
0.108326 
0.091632 
0.114372 
0.100734 
0.119773 
0.106128 
0.121143 
0.117807 
0.131266 
0.125186 
0.146462 
0.131592 
0.171763 
0.153474 
0.172577 
0.152138 
0.177602 
0.152461 
0.196578 
0.160874 
0.212086 
0.208831 
0.222515 
0.227913 
0.206706 
0.238324 
0.191269 
0.252871 
0.196922 
0.256184 
0.202598 
0.236021 
0.226048 
0.225651 
0.269028 
0.204265 
0.276992 
0.206221 
0.255490 
0.223615 
0.221363 
0.258177 
0.191064 
0.256123 
0.190718 
0.216352 
0.241571 
0.177492 
0.247862 
0.184958 
0.216090 
0.247369 
0.181163 
0.240590 
0.179355 
0.217708 
0.234636 
0.181543 
0.246896 
0.180424 
0.225779 
0.213693 
0.183351 
0.249227 
0.174329 
0.229872 
0.204385 
0.189171 
0.234560 
0.169108 
0.234051 
0.184087 
0.194797 
0.222493 
0.159208 
0.203385 
0.154030 
0.155518 
0.170012 
0.119373 
0.145918 
0.112382 
0.103678 
0.127545 
0.086063 
0.099499 
0.086985 
0.072102 
0.104086 
0.074050 
0.074246 
0.067627 
0.054215 
0.048878 
0.042293 
0.043910 
0.030324 
0.022670 
0.016312 
0.011842 
0.008587 
0.006225 
0.004513 
0.003272 
0.002372 
0.001720 
0.001247 
0.000904 
0.000655 
0.000475 
0.000344 
0.000250 
0.000181 
0.000131 
0.000095 
0.000069 
0.000050 
0.000036 
0.000026 
0.000019 
0.000014 
0.000010 
0.000007 
0.000005 
0.000004 
0.000003 
0.000002 
0.000001 
0.000001 
0.000001 
0.000001 
-0.000001 
0.000037 
0.000056 
0.000038 
0.000028 
0.000021 
0.000011 
0.000022 
-0.000023 
0.000256 
0.000854 
0.001120 
0.001926 
0.001988 
0.002616 
0.007053 
0.006779 
0.007439 
0.011885 
0.011924 
0.012574 
0.018063 
0.026822 
0.037863 
0.049991 
0.054085 
0.072532 
0.081887 
0.069344 
0.059631 
0.047867 
0.047544 
0.088530 
0.113710 
0.095386 
0.091050 
0.074676 
0.076148 
0.076227 
0.091303 
0.123522 
0.126810 
0.160048 
0.195704 
0.174426 
0.156950 
0.171111 
0.157307 
0.150805 
0.103153 
0.168878 
0.207442 
0.164994 
0.260504 
0.189793 
0.203360 
0.269707 
0.174546 
0.296035 
0.299438 
0.224808 
0.358434 
0.260933 
0.325096 
0.381963 
0.272302 
0.383647 
0.280383 
0.341042 
0.426714 
0.299035 
0.398020 
0.311662 
0.303892 
0.373090 
0.254342 
0.344211 
0.299061 
0.229875 
0.306594 
0.229482 
0.183531 
0.231990 
0.176016 
0.136854 
0.189673 
0.159202 
0.113768 
0.218095 
0.227147 
0.143208 
0.182923 
0.213163 
0.144896 
0.111389 
0.175493 
0.161083 
0.100572 
0.117739 
0.166799 
0.117317 
0.089293 
0.176413 
0.178373 
0.112985 
0.178395 
0.180194 
0.130403 
0.199135 
0.136649 
0.193107 
0.281396 
0.179211 
0.287073 
0.275079 
0.206282 
0.410473 
0.321006 
0.304520 
0.363382 
0.240913 
0.351091 
0.295032 
0.266206 
0.377245 
0.247388 
0.363732 
0.352287 
0.275946 
0.384364 
0.264151 
0.317442 
0.309096 
0.274475 
0.356938 
0.264336 
0.361687 
0.298129 
0.317734 
0.351599 
0.275030 
0.354652 
0.246438 
0.321242 
0.278766 
0.233126 
0.321842 
0.208326 
0.268733 
0.316490 
0.203636 
0.284632 
0.325237 
0.236984 
0.204397 
0.241590 
0.175924 
0.166410 
0.276926 
0.222747 
0.162805 
0.282629 
0.244536 
0.155991 
0.215710 
0.242930 
0.154558 
0.173199 
0.234623 
0.177924 
0.140896 
0.195665 
0.200073 
0.137097 
0.185874 
0.188958 
0.129510 
0.133636 
0.184160 
0.174734 
0.115418 
0.126850 
0.161849 
0.109970 
0.100026 
0.177398 
0.202673 
0.175377 
0.150625 
0.228956 
0.227064 
0.165243 
0.167739 
0.180503 
0.138731 
0.114192 
0.149343 
0.124742 
0.114228 
0.138748 
0.132261 
0.092732 
0.073930 
0.098559 
0.108193 
0.113488 
0.133624 
0.102081 
0.076963 
0.118549 
0.149304 
0.115819 
0.097568 
0.130811 
0.179331 
0.177522 
0.168685 
0.163479 
0.148981 
0.202209 
0.173114 
0.144210 
0.110139 
0.112826 
0.109645 
0.092633 
0.096475 
0.085830 
0.077707 
0.112180 
0.134583 
0.158650 
0.222951 
0.216383 
0.183571 
0.217206 
0.222198 
0.176178 
0.163067 
0.140967 
0.144564 
0.143130 
0.152339 
0.164930 
0.135799 
0.096458 
0.108750 
0.117740 
0.081972 
0.088075 
0.086656 
0.099209 
0.137871 
0.095220 
0.098121 
0.085157 
0.060164 
0.151006 
0.174682 
0.136175 
0.145330 
0.110371 
0.192224 
0.176918 
0.150440 
0.218885 
0.156194 
0.201243 
0.151200 
0.195254 
0.250874 
0.195669 
0.282417 
0.206616 
0.254922 
0.199811 
0.220566 
0.232105 
0.227146 
0.338071 
0.258774 
0.299104 
0.236455 
0.313205 
0.259800 
0.346858 
0.298958 
0.333822 
0.304136 
0.351131 
0.326794 
0.339448 
0.309583 
0.336604 
0.317194 
0.345296 
0.314436 
0.340296 
0.308505 
0.319482 
0.305651 
0.319541 
0.304190 
0.302072 
0.307074 
0.286359 
0.303844 
0.281092 
0.272372 
0.276326 
0.283815 
0.265139 
0.251415 
0.257388 
0.250964 
0.273892 
0.281002 
0.267260 
0.269074 
0.265043 
0.269511 
0.264434 
0.259413 
0.266198 
0.265960 
0.271141 
0.276665 
0.278728 
0.284658 
0.287465 
0.285439 
0.288821 
0.301124 
0.298769 
0.294021 
0.290522 
0.296414 
0.281756 
0.274185 
0.270476 
0.277132 
0.283112 
0.288881 
0.285386 
0.291332 
0.281270 
0.276186 
0.271883 
0.269243 
0.256853 
0.248394 
0.274074 
0.272219 
0.270356 
0.255823 
0.255853 
0.253440 
0.251378 
0.259455 
0.243672 
0.249089 
0.239586 
0.229704 
0.238769 
0.231072 
0.223786 
0.225004 
0.220384 
0.215198 
0.211068 
0.212140 
0.207778 
0.206229 
0.216292 
0.225693 
0.235265 
0.241580 
0.235529 
0.229341 
0.221480 
0.213664 
0.205112 
0.191344 
0.188043 
0.165126 
0.145240 
0.109937 
0.087026 
0.074011 
0.073388 
0.081325 
0.089282 
0.090440 
0.093278 
0.104325 
0.106674 
0.109651 
0.116626 
0.117097 
0.127696 
0.118104 
0.110516 
0.105391 
0.098786 
0.100172 
0.103329 
0.111751 
0.110062 
0.106485 
0.107509 
0.100026 
0.097369 
0.087523 
0.079351 
0.070399 
0.060653 
0.049525 
0.043336 
0.039967 
0.030649 
0.025110 
0.026591 
0.023268 
0.020748 
0.018893 
0.016851 
0.014947 
0.011997 
0.008471 
0.006230 
0.004747 
0.003769 
0.003074 
0.004389 
0.004815 
0.004454 
0.004521 
0.005624 
0.005534 
0.004746 
0.004261 
0.004497 
0.004604 
0.003956 
0.003201 
0.003384 
0.003292 
0.003690 
0.004125 
0.004135 
0.004416 
0.004611 
0.004560 
0.004547 
0.004398 
0.004256 
0.003207 
0.003223 
0.004122 
0.003750 
0.003359 
0.002990 
0.002780 
0.002133 
0.001535 
0.001120 
0.000809 
0.000587 
0.000426 
0.000309 
0.000224 
0.000162 
0.000118 
0.000085 
0.000062 
0.000045 
0.000033 
0.000023 
0.000016 
0.000019 
0.000007 
0.000878 
0.001339 
0.001122 
0.000311 
0.002316 
0.003967 
0.009599 
0.039319 
0.121330 
0.091439 
0.121194 
0.263161 
0.259860 
0.268614 
0.287700 
0.295942 
0.303327 
0.298465 
0.294152 
0.305946 
0.294105 
0.310261 
0.312810 
0.308172 
0.284288 
0.279081 
0.285786 
0.334948 
0.319867 
0.309991 
0.280950 
0.284719 
0.278364 
0.302718 
0.299468 
0.301349 
0.310519 
0.308734 
0.300418 
0.297099 
0.290173 
0.319660 
0.315286 
0.307993 
0.302853 
0.288792 
0.308282 
0.302053 
0.303099 
0.293481 
0.288976 
0.302844 
0.305258 
0.305454 
0.293181 
0.280940 
0.274238 
0.268986 
0.262079 
0.261270 
0.258154 
0.254722 
0.254070 
0.241606 
0.230526 
0.235204 
0.235249 
0.247874 
0.242267 
0.241416 
0.228981 
0.219810 
0.218588 
0.219754 
0.223196 
0.226555 
0.226986 
0.237536 
0.235877 
0.237961 
0.237002 
0.229285 
0.227771 
0.231324 
0.233528 
0.250094 
0.244089 
0.244007 
0.234630 
0.227018 
0.234601 
0.234555 
0.238428 
0.242611 
0.242094 
0.248162 
0.247129 
0.248388 
0.258612 
0.263272 
0.276896 
0.279762 
0.282442 
0.290457 
0.296431 
0.300125 
0.278994 
0.272385 
0.290955 
0.300199 
0.302765 
0.294330 
0.288756 
0.292894 
0.285140 
0.261900 
0.245166 
0.238640 
0.226568 
0.218519 
0.207174 
0.195326 
0.191007 
0.182799 
0.178983 
0.185880 
0.192538 
0.196512 
0.191113 
0.191861 
0.193768 
0.192846 
0.185834 
0.181131 
0.163290 
0.141130 
0.136178 
0.116856 
0.107940 
0.100078 
0.101618 
0.089129 
0.077473 
0.064252 
0.058153 
0.060841 
0.050841 
0.048473 
0.051327 
0.047942 
0.046088 
0.043243 
0.039529 
0.038156 
0.039042 
0.036606 
0.030176 
0.029373 
0.033348 
0.038856 
0.039086 
0.042947 
0.051689 
0.056615 
0.058754 
0.059958 
0.066548 
0.073469 
0.088191 
0.097598 
0.113300 
0.128942 
0.144056 
0.154336 
0.159551 
0.163648 
0.173622 
0.171905 
0.172897 
0.180084 
0.184936 
0.187963 
0.193094 
0.186730 
0.184914 
0.196872 
0.192506 
0.195301 
0.205230 
0.200390 
0.206565 
0.208200 
0.204884 
0.221052 
0.223661 
0.223269 
0.230476 
0.233846 
0.238813 
0.235963 
0.234421 
0.224668 
0.220397 
0.215448 
0.213997 
0.209224 
0.197840 
0.186953 
0.180358 
0.173032 
0.162945 
0.167301 
0.169736 
0.155352 
0.152623 
0.151995 
0.155012 
0.152213 
0.147369 
0.146665 
0.141296 
0.135413 
0.128950 
0.113383 
0.098815 
0.085719 
0.076669 
0.064780 
0.057348 
0.052053 
0.047503 
0.044152 
0.043424 
0.041842 
0.035808 
0.030640 
0.026312 
0.022770 
0.018250 
0.012803 
0.009419 
0.006840 
0.005133 
0.004960 
0.006019 
0.006298 
0.006077 
0.004391 
0.003834 
0.003378 
0.002802 
0.002415 
0.001913 
0.001802 
0.001622 
0.001539 
0.001248 
0.000951 
0.001016 
0.001057 
0.001077 
0.000909 
0.000746 
0.000532 
0.000392 
0.000282 
0.000207 
0.000144 
0.000210 
0.000279 
0.000317 
0.000455 
0.000348 
0.000476 
0.000825 
0.000669 
0.000473 
0.000351 
0.000251 
0.000183 
0.000132 
0.000100 
0.000056 
0.000083 
-0.000027 
0.000374 
0.003823 
0.003558 
0.003503 
0.003790 
0.007864 
0.057880 
0.076211 
0.062489 
0.128859 
0.254982 
0.285866 
0.312919 
0.313562 
0.312585 
0.306676 
0.292051 
0.266452 
0.251087 
0.260285 
0.256872 
0.258602 
0.274800 
0.299531 
0.274722 
0.294024 
0.283924 
0.274124 
0.286271 
0.287086 
0.289141 
0.291557 
0.299967 
0.295193 
0.284572 
0.282981 
0.290838 
0.284145 
0.275006 
0.280375 
0.291839 
0.288477 
0.291820 
0.301734 
0.299883 
0.293379 
0.286302 
0.299666 
0.307165 
0.308442 
0.309660 
0.313671 
0.315248 
0.314416 
0.304841 
0.292239 
0.298697 
0.288090 
0.287978 
0.289692 
0.273950 
0.287237 
0.281559 
0.268084 
0.268904 
0.277894 
0.287487 
0.279872 
0.275242 
0.260356 
0.266216 
0.254712 
0.244115 
0.225485 
0.216832 
0.220459 
0.202349 
0.204650 
0.175525 
0.162339 
0.138475 
0.118780 
0.105176 
0.091807 
0.071424 
0.072282 
0.062162 
0.061141 
0.057087 
0.057567 
0.073254 
0.072877 
0.081282 
0.078348 
0.093989 
0.088954 
0.090793 
0.092036 
0.095965 
0.097036 
0.097303 
0.101567 
0.099350 
0.110730 
0.107345 
0.122670 
0.127908 
0.134130 
0.135187 
0.142409 
0.146195 
0.148410 
0.157196 
0.182581 
0.215650 
0.240631 
0.225202 
0.237518 
0.245835 
0.259517 
0.266342 
0.268544 
0.273730 
0.266052 
0.268229 
0.261242 
0.275024 
0.263964 
0.263923 
0.275102 
0.269250 
0.289856 
0.279746 
0.272606 
0.254002 
0.251404 
0.240848 
0.240225 
0.228682 
0.226781 
0.226046 
0.225479 
0.224748 
0.231802 
0.225975 
0.220371 
0.229883 
0.232487 
0.224105 
0.234197 
0.237163 
0.232402 
0.228770 
0.227808 
0.237762 
0.246506 
0.242939 
0.238343 
0.242374 
0.236701 
0.236414 
0.237978 
0.224738 
0.212988 
0.201513 
0.190524 
0.190620 
0.184091 
0.186163 
0.180314 
0.170475 
0.183488 
0.181304 
0.184832 
0.192978 
0.196279 
0.209124 
0.200282 
0.194419 
0.201730 
0.173939 
0.163059 
0.157823 
0.169164 
0.183744 
0.192313 
0.180884 
0.162150 
0.167751 
0.177320 
0.193014 
0.214638 
0.234568 
0.237565 
0.247165 
0.246885 
0.237131 
0.249158 
0.238264 
0.217225 
0.191500 
0.172540 
0.161967 
0.151897 
0.142103 
0.127076 
0.112097 
0.098966 
0.091367 
0.083789 
0.078009 
0.066908 
0.054993 
0.044901 
0.035369 
0.030082 
0.025425 
0.020390 
0.025580 
0.024993 
0.022651 
0.019746 
0.020311 
0.020921 
0.021190 
0.020568 
0.017689 
0.018592 
0.018826 
0.013849 
0.011778 
0.014856 
0.021230 
0.022929 
0.022435 
0.020011 
0.017201 
0.015746 
0.015624 
0.016722 
0.014162 
0.012327 
0.010063 
0.008910 
0.009004 
0.011848 
0.017093 
0.017684 
0.017699 
0.018011 
0.025260 
0.023518 
0.020918 
0.031967 
0.039757 
0.030754 
0.025983 
0.034634 
0.030986 
0.023689 
0.035029 
0.035691 
0.034135 
0.038907 
0.030955 
0.026742 
0.025342 
0.029753 
0.037561 
0.041266 
0.046162 
0.041792 
0.038524 
0.050868 
0.057740 
0.049837 
0.053406 
0.057453 
0.090011 
0.081096 
0.061872 
0.049942 
0.075868 
0.091394 
0.082450 
0.073140 
0.072849 
0.071604 
0.070055 
0.073377 
0.064483 
0.065955 
0.079240 
0.082751 
0.109609 
0.106656 
0.096422 
0.074710 
0.059461 
0.071204 
0.078695 
0.072475 
0.068623 
0.077769 
0.074089 
0.076197 
0.084504 
0.088549 
0.096121 
0.101989 
0.098775 
0.095766 
0.096006 
0.103796 
0.109462 
0.116598 
0.125845 
0.141481 
0.174520 
0.184982 
0.178558 
0.166893 
0.173751 
0.170692 
0.151387 
0.161302 
0.173224 
0.185767 
0.177650 
0.176476 
0.179353 
0.186826 
0.189727 
0.186282 
0.193232 
0.202048 
0.204178 
0.191114 
0.199747 
0.205309 
0.205715 
0.204940 
0.215407 
0.223282 
0.222389 
0.221582 
0.221511 
0.213052 
0.206630 
0.214412 
0.204921 
0.207430 
0.221693 
0.225381 
0.219040 
0.207042 
0.202379 
0.204926 
0.210687 
0.204836 
0.196470 
0.191963 
0.194403 
0.186458 
0.183270 
0.191985 
0.186342 
0.178426 
0.177751 
0.181142 
0.179348 
0.177764 
0.176866 
0.170547 
0.166815 
0.175486 
0.177806 
0.176647 
0.174776 
0.171552 
0.162063 
0.156028 
0.160210 
0.159120 
0.161922 
0.163233 
0.167426 
0.165987 
0.160974 
0.152467 
0.147894 
0.139578 
0.128941 
0.125865 
0.127477 
0.131382 
0.130394 
0.138866 
0.142691 
0.136395 
0.133832 
0.134773 
0.146462 
0.150603 
0.146239 
0.149341 
0.156933 
0.162247 
0.169778 
0.164918 
0.154857 
0.141370 
0.123599 
0.106949 
0.088216 
0.071240 
0.058653 
0.046506 
0.038745 
0.033393 
0.027274 
0.020181 
0.017675 
0.015019 
0.012261 
0.010911 
0.009010 
0.007296 
0.007392 
0.006699 
0.004817 
0.003490 
0.003487 
0.003825 
0.004005 
0.005426 
0.006319 
0.004761 
0.003693 
0.003787 
0.003813 
0.002664 
0.001967 
0.001417 
0.001028 
0.000746 
0.000541 
0.000392 
0.000284 
0.000206 
0.000150 
0.000111 
0.000069 
0.000084 
0.000007 
0.001607 
0.008359 
0.015690 
0.031602 
0.037681 
0.027998 
0.026600 
0.046794 
0.063705 
0.078277 
0.102589 
0.102597 
0.128636 
0.147062 
0.161264 
0.177244 
0.197544 
0.211923 
0.229104 
0.237265 
0.255364 
0.262819 
0.258259 
0.259347 
0.269795 
0.269392 
0.262377 
0.262763 
0.261932 
0.272279 
0.272904 
0.278346 
0.286711 
0.284365 
0.270505 
0.267832 
0.269652 
0.265999 
0.261865 
0.269540 
0.279048 
0.278186 
0.275047 
0.281387 
0.287934 
0.278772 
0.268103 
0.262297 
0.272117 
0.277132 
0.274829 
0.251575 
0.193917 
0.171391 
0.206220 
0.224800 
0.240799 
0.257943 
0.255342 
0.236731 
0.212899 
0.188413 
0.178732 
0.185715 
0.202898 
0.202788 
0.184473 
0.187803 
0.188161 
0.190711 
0.185676 
0.169343 
0.163578 
0.161743 
0.176969 
0.174427 
0.166767 
0.181588 
0.167472 
0.159654 
0.169053 
0.179425 
0.186961 
0.185233 
0.188792 
0.188675 
0.180192 
0.177483 
0.169903 
0.176200 
0.189613 
0.195989 
0.201623 
0.214197 
0.220898 
0.218731 
0.215849 
0.219347 
0.220521 
0.223905 
0.229457 
0.230314 
0.226533 
0.201269 
0.196880 
0.190626 
0.184962 
0.185695 
0.182003 
0.200699 
0.197287 
0.191660 
0.197810 
0.178837 
0.149908 
0.137524 
0.131726 
0.152495 
0.170999 
0.207033 
0.215254 
0.215025 
0.236224 
0.230553 
0.260715 
0.246285 
0.247946 
0.233315 
0.215357 
0.212642 
0.192716 
0.186070 
0.158707 
0.162122 
0.134258 
0.136870 
0.118901 
0.125260 
0.104363 
0.102515 
0.081741 
0.075070 
0.061902 
0.064297 
0.061415 
0.071674 
0.068125 
0.055298 
0.041904 
0.048412 
0.062254 
0.060236 
0.056684 
0.051158 
0.045363 
0.033233 
0.029519 
0.028053 
0.030769 
0.037629 
0.029512 
0.022241 
0.021825 
0.023704 
0.022150 
0.023711 
0.022260 
0.022922 
0.022175 
0.028047 
0.031624 
0.024687 
0.025538 
0.030095 
0.031242 
0.027346 
0.029193 
0.030499 
0.029128 
0.026911 
0.025195 
0.023906 
0.027075 
0.023071 
0.021614 
0.024253 
0.024431 
0.021179 
0.024670 
0.026319 
0.025159 
0.021189 
0.029461 
0.033146 
0.030155 
0.024352 
0.023930 
0.022000 
0.019028 
0.020079 
0.016303 
0.019515 
0.022852 
0.024059 
0.023090 
0.024453 
0.024134 
0.020996 
0.019910 
0.023718 
0.023352 
0.017714 
0.020270 
0.020736 
0.018952 
0.016886 
0.019840 
0.018231 
0.014455 
0.017593 
0.017779 
0.012952 
0.011692 
0.012711 
0.014217 
0.013376 
0.014129 
0.016403 
0.018764 
0.015108 
0.010494 
0.011431 
0.011894 
0.013282 
0.013633 
0.016757 
0.018508 
0.018805 
0.017062 
0.015405 
0.015389 
0.016538 
0.014627 
0.011142 
0.014333 
0.015345 
0.012544 
0.012969 
0.014604 
0.014936 
0.015911 
0.014462 
0.011272 
0.011635 
0.010627 
0.009672 
0.009700 
0.008592 
0.010723 
0.011370 
0.009719 
0.009074 
0.008223 
0.007786 
0.006559 
0.006397 
0.006566 
0.006863 
0.007422 
0.007740 
0.007007 
0.006614 
0.005293 
0.005339 
0.004498 
0.003928 
0.003510 
0.002983 
0.003333 
0.002902 
0.002464 
0.003070 
0.002982 
0.002946 
0.002229 
0.002416 
0.003224 
0.003391 
0.003720 
0.003241 
0.003027 
0.003146 
0.002994 
0.002610 
0.003766 
0.004162 
0.004557 
0.004529 
0.005255 
0.005078 
0.005744 
0.007109 
0.006307 
0.005925 
0.005970 
0.006969 
0.006292 
0.004784 
0.004732 
0.005435 
0.006147 
0.005681 
0.004939 
0.004242 
0.004209 
0.004507 
0.003794 
0.003005 
0.002702 
0.002609 
0.002357 
0.002705 
0.002290 
0.001719 
0.001352 
0.001037 
0.000931 
0.001350 
0.001098 
0.000762 
0.000566 
0.000406 
0.000295 
0.000214 
0.000155 
0.000112 
0.000082 
0.000059 
0.000043 
0.000031 
0.000023 
0.000016 
0.000012 
0.000009 
0.000006 
0.000005 
0.000003 
0.000002 
0.000002 
0.000001 
0.000001 
0.000001 
0.000000 
0.000000 
0.000000 
0.000000 
0.000000 
0.000000 
0.000000 
0.000000 
0.000000 
0.000000 
0.000000 
0.000000 
0.000000 
0.000000 
0.000000 
0.000000 
0.000000 
0.000000 
0.000000 
0.000000 
0.000000 
0.000000 
0.000000 
0.000000 
0.000000 
0.000000 
0.000000 
0.000000 
0.000000 
0.000000 
0.000000 
0.000000 
0.000000 
0.000000 
0.000000 
0.000000 
0.000000 
0.000000 
0.000000 
0.000000 
0.000000 
0.000000 
0.000000 
0.000000 
0.000000 
0.000000 
0.000000 
0.000000 
0.000000 
0.000000 
0.000000 
0.000000 
0.000000 
0.000000 
0.000000 
0.000000 
0.000000 
0.000000 
0.000000 
0.000000 
0.000000 
0.000000 
0.000000 
0.000000 
0.000000 
0.000000 
0.000000 
0.000000 
0.000000 
0.000000 
0.000000 
0.000000 
0.000000 
0.000000 
0.000000 
0.000000 
0.000000 
0.000000 
0.000000 
0.000000 
0.000000 
0.000000 
0.000000 
0.000000 
0.000000 
0.000000 
0.000000 
0.000000 
0.000000 
0.000000 
0.000000 
0.000000 
0.000000 
0.000000 
0.000000 
0.000000 
0.000000 
0.000000 
0.000000 
0.000000 
0.000000 
0.000000 
0.000000 
0.000000 
0.000000 
0.000000 
0.000000 
0.000000 
0.000000 
0.000000 
0.000000 
