[ASCII 1000Hz, Channels: 1, Samples: 3584, Flags: 0]                          
0.000000 
0.000000 
0.000000 
0.000000 
0.000000 
0.000000 
0.000000 
0.000000 
0.000000 
0.000000 
0.000000 
0.000000 
0.000000 
0.000000 
0.000000 
0.000000 
0.000000 
0.000000 
0.000000 
0.000000 
0.000000 
0.000000 
0.000000 
0.000000 
0.000000 
0.000000 
0.000000 
0.000000 
0.000000 
0.000000 
0.000000 
0.000000 
0.000000 
0.000000 
0.000000 
0.000000 
0.000000 
0.000000 
0.000000 
0.000000 
0.000000 
0.000000 
0.000000 
0.000000 
0.000000 
0.000000 
0.000000 
-0.000000 
0.000000 
0.000003 
-0.000015 
0.000050 
-0.000124 
0.001469 
0.005629 
0.011506 
0.017794 
0.020058 
0.074564 
0.121758 
0.182935 
0.218734 
0.234151 
0.261891 
0.265722 
0.261943 
0.256639 
0.246732 
0.259794 
0.307775 
0.286087 
0.270911 
0.276539 
0.286746 
0.299012 
0.334165 
0.294334 
0.264814 
0.314359 
0.299771 
0.281467 
0.290190 
0.265834 
0.232831 
0.252370 
0.238260 
0.255228 
0.275963 
0.307567 
0.284904 
0.268733 
0.244110 
0.233925 
0.234003 
0.234664 
0.217082 
0.224566 
0.218270 
0.206707 
0.214634 
0.235136 
0.209587 
0.199386 
0.229478 
0.226673 
0.234877 
0.238507 
0.235301 
0.217848 
0.246097 
0.260118 
0.257135 
0.208781 
0.258378 
0.246911 
0.241134 
0.210274 
0.253208 
0.253990 
0.236656 
0.250746 
0.268420 
0.231149 
0.245071 
0.240677 
0.238976 
0.263931 
0.215665 
0.228167 
0.239508 
0.222796 
0.185275 
0.217910 
0.231193 
0.220450 
0.188969 
0.198803 
0.182642 
0.177887 
0.163613 
0.202834 
0.204453 
0.213304 
0.200639 
0.150886 
0.140053 
0.136916 
0.147896 
0.177027 
0.200912 
0.166847 
0.165902 
0.162493 
0.135258 
0.169417 
0.158303 
0.134483 
0.133502 
0.110034 
0.118511 
0.125954 
0.097059 
0.115582 
0.120818 
0.102785 
0.123385 
0.126613 
0.128536 
0.121850 
0.111493 
0.118805 
0.117415 
0.154364 
0.157824 
0.138100 
0.157963 
0.137057 
0.144142 
0.122410 
0.098817 
0.101411 
0.125921 
0.127183 
0.110170 
0.111990 
0.113357 
0.115496 
0.127274 
0.129648 
0.105963 
0.113626 
0.118477 
0.099391 
0.101284 
0.106832 
0.096015 
0.109513 
0.108753 
0.101581 
0.149238 
0.157444 
0.117047 
0.109626 
0.151434 
0.166706 
0.150232 
0.142924 
0.122063 
0.107544 
0.148824 
0.146668 
0.118743 
0.101485 
0.078948 
0.093256 
0.105918 
0.117992 
0.132126 
0.160487 
0.124624 
0.096549 
0.130073 
0.148677 
0.134464 
0.100422 
0.077404 
0.099568 
0.088849 
0.077083 
0.095963 
0.102127 
0.145554 
0.194939 
0.170091 
0.146622 
0.117606 
0.138266 
0.135273 
0.151153 
0.176987 
0.148966 
0.199413 
0.211266 
0.220512 
0.208277 
0.208471 
0.203791 
0.253055 
0.229174 
0.256795 
0.238343 
0.304756 
0.280106 
0.286790 
0.273603 
0.293368 
0.265236 
0.242952 
0.245537 
0.250993 
0.279226 
0.258304 
0.310933 
0.296365 
0.318540 
0.284791 
0.278528 
0.271188 
0.309418 
0.292638 
0.280941 
0.274510 
0.261539 
0.276046 
0.242758 
0.257962 
0.239273 
0.249163 
0.227342 
0.239189 
0.222863 
0.212930 
0.212303 
0.226159 
0.251643 
0.248658 
0.244179 
0.247003 
0.248596 
0.258509 
0.234960 
0.257281 
0.261834 
0.264915 
0.260673 
0.278811 
0.271945 
0.255978 
0.270411 
0.258334 
0.251003 
0.245508 
0.271285 
0.257459 
0.247828 
0.232802 
0.239775 
0.228045 
0.252273 
0.247328 
0.261162 
0.246900 
0.242531 
0.239392 
0.230368 
0.233996 
0.243661 
0.225684 
0.200935 
0.203737 
0.191722 
0.231083 
0.215813 
0.245712 
0.250469 
0.258705 
0.267805 
0.262622 
0.274717 
0.258266 
0.253361 
0.244962 
0.246021 
0.267073 
0.271721 
0.292678 
0.267900 
0.270457 
0.271957 
0.294754 
0.281453 
0.271331 
0.302842 
0.290728 
0.269620 
0.254053 
0.263455 
0.253691 
0.270597 
0.258114 
0.243854 
0.250542 
0.237651 
0.225244 
0.202554 
0.205880 
0.193529 
0.231953 
0.202346 
0.195714 
0.176960 
0.161201 
0.150350 
0.136796 
0.151507 
0.150349 
0.160116 
0.158288 
0.161171 
0.191232 
0.215178 
0.254082 
0.252000 
0.254827 
0.230210 
0.209648 
0.194637 
0.192150 
0.209278 
0.212037 
0.233677 
0.226414 
0.230910 
0.255815 
0.250274 
0.247718 
0.276691 
0.269998 
0.257850 
0.254240 
0.253212 
0.254451 
0.255766 
0.255126 
0.226961 
0.220275 
0.218866 
0.226059 
0.239980 
0.219995 
0.210540 
0.205824 
0.201502 
0.203456 
0.175960 
0.196233 
0.201046 
0.193244 
0.177161 
0.181470 
0.172300 
0.204256 
0.205114 
0.212567 
0.229732 
0.212774 
0.235943 
0.232697 
0.215718 
0.182738 
0.211241 
0.186413 
0.171002 
0.158483 
0.113339 
0.112364 
0.210146 
0.180564 
0.130187 
0.092300 
0.112992 
0.130167 
0.096097 
0.070632 
0.050972 
0.037066 
0.026444 
0.020657 
0.015046 
0.026633 
0.059237 
0.046514 
0.033625 
0.024558 
0.017714 
0.012865 
0.009327 
0.006759 
0.004907 
0.003543 
0.002666 
0.002458 
0.002196 
0.001810 
0.001640 
0.001290 
0.001069 
0.000809 
0.000598 
0.000431 
0.000313 
0.000227 
0.000165 
0.000119 
0.000086 
0.000063 
0.000045 
0.000033 
0.000024 
0.000017 
0.000013 
0.000009 
0.000007 
0.000005 
0.000003 
0.000003 
0.000002 
0.000001 
0.000001 
0.000001 
0.000001 
0.000000 
0.000000 
0.000000 
0.000000 
0.000000 
0.000000 
0.000000 
0.000000 
0.000000 
0.000000 
0.000000 
0.000000 
0.000000 
0.000000 
0.000000 
0.000000 
0.000000 
0.000000 
0.000000 
0.000000 
0.000000 
0.000000 
0.000000 
0.000000 
0.000000 
0.000000 
0.000000 
0.000000 
0.000000 
0.000000 
0.000000 
0.000000 
0.000000 
0.000000 
0.000000 
0.000000 
0.000000 
0.000000 
0.000000 
0.000000 
0.000000 
0.000000 
0.000000 
0.000000 
0.000000 
0.000000 
0.000000 
0.000000 
0.000000 
0.000000 
0.000000 
0.000000 
0.000000 
0.000000 
0.000000 
0.000000 
0.000000 
0.000000 
0.000000 
0.000000 
0.000000 
0.000000 
0.000000 
0.000000 
0.000000 
0.000000 
0.000000 
0.000000 
0.000000 
0.000000 
0.000000 
0.000000 
0.000000 
0.000000 
0.000000 
0.000000 
0.000000 
0.000000 
0.000000 
0.000000 
0.000000 
0.000000 
0.000000 
0.000000 
0.000000 
0.000000 
0.000000 
0.000000 
0.000000 
0.000000 
0.000000 
0.000000 
0.000000 
0.000000 
0.000000 
0.000000 
0.000000 
0.000000 
0.000000 
0.000000 
0.000000 
0.000000 
0.000000 
0.000000 
0.000000 
0.000000 
0.000000 
0.000000 
0.000000 
0.000000 
0.000000 
0.000000 
0.000000 
0.000000 
0.000000 
0.000000 
0.000000 
0.000000 
0.000000 
0.000000 
0.000000 
0.000000 
0.000000 
0.000000 
0.000000 
0.000000 
0.000000 
0.000000 
0.000000 
0.000000 
0.000000 
0.000000 
0.000000 
0.000000 
0.000000 
0.000000 
0.000000 
0.000000 
0.000000 
0.000000 
0.000000 
0.000000 
0.000000 
0.000000 
0.000000 
0.000000 
0.000000 
0.000000 
0.000000 
0.000000 
0.000000 
0.000000 
0.000000 
0.000000 
0.000000 
0.000000 
0.000000 
0.000000 
0.000000 
0.000000 
0.000000 
0.000000 
0.000000 
0.000000 
0.000000 
0.000000 
0.000000 
0.000000 
0.000000 
0.000000 
0.000000 
0.000000 
0.000000 
0.000000 
0.000000 
0.000000 
0.000000 
0.000000 
0.000000 
0.000000 
0.000000 
0.000000 
0.000000 
0.000000 
0.000000 
0.000000 
0.000000 
0.000000 
0.000000 
0.000000 
0.000000 
0.000000 
0.000000 
0.000000 
0.000000 
0.000000 
0.000000 
0.000000 
0.000000 
0.000000 
0.000000 
0.000000 
0.000000 
0.000000 
-0.000000 
0.000000 
0.000000 
-0.000000 
0.000000 
-0.000000 
0.000006 
0.000010 
0.000007 
0.000005 
0.000004 
0.000003 
0.000002 
0.000001 
0.000001 
0.000001 
0.000001 
0.000000 
0.000000 
0.000000 
0.000001 
-0.000003 
0.000011 
-0.000031 
0.000223 
0.000548 
0.000564 
0.000438 
0.000310 
0.000226 
0.000170 
0.000112 
0.000596 
0.001910 
0.003225 
0.004555 
0.005641 
0.006325 
0.006485 
0.004694 
0.003299 
0.004571 
0.005018 
0.005245 
0.009819 
0.009289 
0.008477 
0.009248 
0.009972 
0.010933 
0.011954 
0.008820 
0.007934 
0.012927 
0.015384 
0.016800 
0.017252 
0.020783 
0.021595 
0.017974 
0.016632 
0.016081 
0.013072 
0.011364 
0.011496 
0.012419 
0.014077 
0.012896 
0.014191 
0.016143 
0.018776 
0.017589 
0.015949 
0.014948 
0.017447 
0.021768 
0.018838 
0.018658 
0.022910 
0.020530 
0.018217 
0.021780 
0.020899 
0.019656 
0.017421 
0.020588 
0.025527 
0.027865 
0.027461 
0.023921 
0.031856 
0.035344 
0.031719 
0.025677 
0.029811 
0.028281 
0.034896 
0.029124 
0.021491 
0.018911 
0.021256 
0.022883 
0.019646 
0.030352 
0.045516 
0.047898 
0.047728 
0.041854 
0.045979 
0.036356 
0.034221 
0.032681 
0.023503 
0.037652 
0.037518 
0.033937 
0.036574 
0.032414 
0.032836 
0.029396 
0.029468 
0.027335 
0.032816 
0.039606 
0.034714 
0.037072 
0.037312 
0.043438 
0.047658 
0.038783 
0.034933 
0.029851 
0.025198 
0.027377 
0.033326 
0.034064 
0.042156 
0.048330 
0.045541 
0.038211 
0.047391 
0.060424 
0.057903 
0.047256 
0.048579 
0.052941 
0.046604 
0.044008 
0.042790 
0.034756 
0.040227 
0.045515 
0.049863 
0.045880 
0.046781 
0.058863 
0.061940 
0.060222 
0.060060 
0.062016 
0.052704 
0.063625 
0.061378 
0.062970 
0.066212 
0.069592 
0.077322 
0.103000 
0.090771 
0.074303 
0.107339 
0.147897 
0.204345 
0.223631 
0.262913 
0.275442 
0.262899 
0.288794 
0.286969 
0.315864 
0.315153 
0.320852 
0.330281 
0.336531 
0.313513 
0.324179 
0.341424 
0.327598 
0.323107 
0.330278 
0.312368 
0.292172 
0.284384 
0.271490 
0.270525 
0.274826 
0.263703 
0.278963 
0.279649 
0.284710 
0.278960 
0.269214 
0.292363 
0.287444 
0.304573 
0.297460 
0.293475 
0.305835 
0.297289 
0.295948 
0.281696 
0.276819 
0.288317 
0.287031 
0.292353 
0.280348 
0.290071 
0.297106 
0.310786 
0.313750 
0.304704 
0.333357 
0.319873 
0.332662 
0.316503 
0.308352 
0.320561 
0.305360 
0.323844 
0.296827 
0.303976 
0.289101 
0.284319 
0.288859 
0.285277 
0.301975 
0.291628 
0.320905 
0.298446 
0.306800 
0.290292 
0.292516 
0.285945 
0.277841 
0.318091 
0.310391 
0.326514 
0.306468 
0.333364 
0.310902 
0.311467 
0.313906 
0.325861 
0.317116 
0.295825 
0.302103 
0.282318 
0.301501 
0.278527 
0.276612 
0.284079 
0.276162 
0.306149 
0.295046 
0.282504 
0.269657 
0.279342 
0.277608 
0.273448 
0.281687 
0.274305 
0.288226 
0.287565 
0.288848 
0.295564 
0.292216 
0.323163 
0.326193 
0.347664 
0.332515 
0.329571 
0.335438 
0.332079 
0.330639 
0.323231 
0.337560 
0.337401 
0.329980 
0.344409 
0.334974 
0.345079 
0.339246 
0.335062 
0.333717 
0.327029 
0.333978 
0.329301 
0.343005 
0.338602 
0.330385 
0.350576 
0.336209 
0.331485 
0.334128 
0.334719 
0.342375 
0.334208 
0.334110 
0.330429 
0.327565 
0.340822 
0.333821 
0.333596 
0.328091 
0.323250 
0.319087 
0.310651 
0.322012 
0.306456 
0.296017 
0.306626 
0.298437 
0.296718 
0.289536 
0.289759 
0.288278 
0.279813 
0.278375 
0.271848 
0.288283 
0.275855 
0.268417 
0.274376 
0.256029 
0.265280 
0.245357 
0.247687 
0.226932 
0.218246 
0.190958 
0.167717 
0.147154 
0.120310 
0.094225 
0.070705 
0.054853 
0.041614 
0.046311 
0.048140 
0.057932 
0.057861 
0.070278 
0.068555 
0.070586 
0.065322 
0.066403 
0.056849 
0.049916 
0.044124 
0.037371 
0.034944 
0.030174 
0.028760 
0.025779 
0.019904 
0.020046 
0.023761 
0.019307 
0.016205 
0.015920 
0.015516 
0.017538 
0.015540 
0.014969 
0.019738 
0.020899 
0.017530 
0.016701 
0.015086 
0.015911 
0.020870 
0.020021 
0.019491 
0.016742 
0.016096 
0.014930 
0.016937 
0.017095 
0.015836 
0.020417 
0.021984 
0.018170 
0.015157 
0.017210 
0.021602 
0.022724 
0.022976 
0.026091 
0.028350 
0.025875 
0.028395 
0.023881 
0.018372 
0.019278 
0.017791 
0.020060 
0.021348 
0.024267 
0.028355 
0.029343 
0.030616 
0.027165 
0.033660 
0.037749 
0.032954 
0.034140 
0.033139 
0.032138 
0.029922 
0.032983 
0.030598 
0.049757 
0.062457 
0.045219 
0.039231 
0.044846 
0.053518 
0.076533 
0.063259 
0.067950 
0.069044 
0.071380 
0.080177 
0.079311 
0.085271 
0.067716 
0.053141 
0.056715 
0.042901 
0.088141 
0.158409 
0.193981 
0.253488 
0.238297 
0.261179 
0.255808 
0.247399 
0.270408 
0.258474 
0.263108 
0.246599 
0.262409 
0.238113 
0.242478 
0.229769 
0.248322 
0.236058 
0.237866 
0.237081 
0.232849 
0.236944 
0.222050 
0.239364 
0.212674 
0.228826 
0.210272 
0.238335 
0.215714 
0.238274 
0.215487 
0.229386 
0.216260 
0.215135 
0.217201 
0.216702 
0.230841 
0.221524 
0.235062 
0.220798 
0.235159 
0.214726 
0.241660 
0.218712 
0.235834 
0.222908 
0.230064 
0.227698 
0.228646 
0.243210 
0.235545 
0.255621 
0.237926 
0.255564 
0.238309 
0.260341 
0.255374 
0.271677 
0.274142 
0.273611 
0.277929 
0.264600 
0.292523 
0.276130 
0.304835 
0.283203 
0.285184 
0.288901 
0.290273 
0.294430 
0.279206 
0.283202 
0.271025 
0.296910 
0.281828 
0.280136 
0.291033 
0.285376 
0.284993 
0.267968 
0.277853 
0.272847 
0.281934 
0.279785 
0.273561 
0.273714 
0.265022 
0.278884 
0.271432 
0.274018 
0.271803 
0.266475 
0.275245 
0.274654 
0.287042 
0.293074 
0.296286 
0.290085 
0.287123 
0.305422 
0.301220 
0.299728 
0.309194 
0.302006 
0.308660 
0.306610 
0.306247 
0.316257 
0.306299 
0.307318 
0.299589 
0.296659 
0.300082 
0.292760 
0.305614 
0.300465 
0.297106 
0.305614 
0.303973 
0.311521 
0.306123 
0.300222 
0.315432 
0.306831 
0.304289 
0.309748 
0.307270 
0.308945 
0.305108 
0.307640 
0.312788 
0.315874 
0.319409 
0.310561 
0.309477 
0.314871 
0.317868 
0.317018 
0.309094 
0.334741 
0.316921 
0.308448 
0.313779 
0.299227 
0.314055 
0.297069 
0.290693 
0.289681 
0.279170 
0.312371 
0.297651 
0.288770 
0.280202 
0.294693 
0.275069 
0.256520 
0.291292 
0.277012 
0.265324 
0.250997 
0.263128 
0.250083 
0.262935 
0.259534 
0.264804 
0.259383 
0.264602 
0.278652 
0.250523 
0.250198 
0.229955 
0.272842 
0.248497 
0.282732 
0.248164 
0.283109 
0.251653 
0.296929 
0.256932 
0.293447 
0.234321 
0.228960 
0.181239 
0.210672 
0.171876 
0.219731 
0.176400 
0.216983 
0.183632 
0.188465 
0.174987 
0.165183 
0.196285 
0.150921 
0.200699 
0.146732 
0.171418 
0.146747 
0.144749 
0.156336 
0.122390 
0.145797 
0.108935 
0.122660 
0.097544 
0.095572 
0.105539 
0.068032 
0.101130 
0.092342 
0.073676 
0.088538 
0.058541 
0.075008 
0.080109 
0.054992 
0.072523 
0.061483 
0.048910 
0.066688 
0.053424 
0.038687 
0.067007 
0.059032 
0.042223 
0.059717 
0.046544 
0.036032 
0.044230 
0.034280 
0.024506 
0.045257 
0.041880 
0.033881 
0.037037 
0.027242 
0.021381 
0.030342 
0.025747 
0.018868 
0.016586 
0.012909 
0.009613 
0.009811 
0.010279 
0.009530 
0.008903 
0.007226 
0.005990 
0.004772 
0.003460 
0.002517 
0.001825 
0.001314 
0.000975 
0.000661 
0.000738 
0.003098 
0.004998 
0.006621 
0.008032 
0.007147 
0.006007 
0.006801 
0.005598 
0.004226 
0.003179 
0.002222 
0.001823 
0.002415 
0.004671 
0.008548 
0.008432 
0.008747 
0.016667 
0.016649 
0.036475 
0.066479 
0.066702 
0.074683 
0.062583 
0.051191 
0.045189 
0.053713 
0.060964 
0.051596 
0.089306 
0.083523 
0.081091 
0.076666 
0.079099 
0.068786 
0.061111 
0.074765 
0.058915 
0.051797 
0.064074 
0.084338 
0.080567 
0.081726 
0.088531 
0.108800 
0.106661 
0.132117 
0.127652 
0.129238 
0.138839 
0.130431 
0.109928 
0.088788 
0.089531 
0.102908 
0.102271 
0.133885 
0.127063 
0.119069 
0.112112 
0.105044 
0.104322 
0.107058 
0.093668 
0.104069 
0.119747 
0.097733 
0.107461 
0.131724 
0.128417 
0.146296 
0.174115 
0.177572 
0.150686 
0.156839 
0.170387 
0.148586 
0.137738 
0.159552 
0.151973 
0.138447 
0.119740 
0.099066 
0.116780 
0.137184 
0.140978 
0.127917 
0.118029 
0.113091 
0.115233 
0.142363 
0.138949 
0.137153 
0.131094 
0.133062 
0.128872 
0.133322 
0.134272 
0.112489 
0.127200 
0.131106 
0.124916 
0.126507 
0.130538 
0.109670 
0.129686 
0.113974 
0.139112 
0.125392 
0.114052 
0.135285 
0.119789 
0.123880 
0.127854 
0.098608 
0.103153 
0.117560 
0.089731 
0.112135 
0.132860 
0.106827 
0.085985 
0.126033 
0.134404 
0.131615 
0.131136 
0.115085 
0.100374 
0.095872 
0.099017 
0.100593 
0.127055 
0.133583 
0.146959 
0.145273 
0.122501 
0.135576 
0.132856 
0.111130 
0.113748 
0.113173 
0.114195 
0.120483 
0.112774 
0.103596 
0.111199 
0.082962 
0.097034 
0.106084 
0.097952 
0.085233 
0.083733 
0.101681 
0.108671 
0.109725 
0.095494 
0.095380 
0.104041 
0.109056 
0.110908 
0.092810 
0.083345 
0.075755 
0.064427 
0.059459 
0.068193 
0.060191 
0.061164 
0.097058 
0.106429 
0.093850 
0.082382 
0.062272 
0.064245 
0.073071 
0.065630 
0.051502 
0.049115 
0.043578 
0.060232 
0.065878 
0.056083 
0.052247 
0.038672 
0.048803 
0.047230 
0.048432 
0.054586 
0.058119 
0.052606 
0.046026 
0.042938 
0.042800 
0.042102 
0.050898 
0.043537 
0.034496 
0.032588 
0.041717 
0.035462 
0.027735 
0.035660 
0.033516 
0.038316 
0.038695 
0.035094 
0.030512 
0.031322 
0.030531 
0.028110 
0.027033 
0.023577 
0.019740 
0.017362 
0.019596 
0.020665 
0.015383 
0.016885 
0.020414 
0.023161 
0.024826 
0.022410 
0.019534 
0.019028 
0.017854 
0.011915 
0.011502 
0.014182 
0.013156 
0.011886 
0.017631 
0.015836 
0.011799 
0.010208 
0.011481 
0.011099 
0.010999 
0.008752 
0.007378 
0.007150 
0.007005 
0.010004 
0.009556 
0.006875 
0.004758 
0.005220 
0.006749 
0.005593 
0.006442 
0.004756 
0.003721 
0.002955 
0.004338 
0.004157 
0.003639 
0.003761 
0.003847 
0.003946 
0.003184 
0.002858 
0.002683 
0.002749 
0.002800 
0.003325 
0.002338 
0.001719 
0.001243 
0.000900 
0.000653 
0.000473 
0.000343 
0.000249 
0.000180 
0.000131 
0.000095 
0.000069 
0.000050 
0.000036 
0.000026 
0.000019 
0.000014 
0.000011 
0.000004 
0.000017 
-0.000025 
0.000531 
0.001515 
0.001849 
0.001538 
0.001095 
0.000801 
0.000578 
0.000420 
0.000304 
0.000221 
0.000160 
0.000116 
0.000084 
0.000061 
0.000044 
0.000032 
0.000023 
0.000017 
0.000012 
0.000009 
0.000006 
0.000005 
0.000003 
0.000002 
0.000002 
0.000001 
0.000001 
0.000001 
0.000000 
0.000000 
0.000000 
0.000000 
0.000000 
0.000000 
0.000000 
0.000000 
0.000000 
0.000000 
0.000000 
0.000000 
0.000000 
0.000000 
0.000000 
0.000000 
0.000000 
0.000000 
0.000000 
0.000000 
0.000000 
0.000000 
0.000000 
0.000000 
0.000000 
0.000000 
0.000000 
0.000000 
0.000000 
0.000000 
0.000000 
0.000000 
0.000000 
0.000000 
0.000000 
0.000000 
0.000000 
0.000000 
0.000000 
0.000000 
0.000000 
0.000000 
0.000000 
0.000000 
0.000000 
0.000000 
0.000000 
0.000000 
0.000000 
0.000000 
0.000000 
0.000000 
0.000000 
0.000000 
0.000000 
0.000000 
0.000000 
0.000000 
0.000000 
0.000000 
0.000000 
0.000000 
0.000000 
0.000000 
0.000000 
0.000000 
0.000000 
0.000000 
0.000000 
0.000000 
0.000000 
0.000000 
0.000000 
0.000000 
0.000000 
0.000000 
0.000000 
0.000000 
0.000000 
0.000000 
0.000000 
0.000000 
0.000000 
0.000000 
0.000000 
0.000000 
0.000000 
0.000000 
0.000000 
0.000000 
0.000000 
0.000000 
0.000000 
0.000000 
0.000000 
0.000000 
0.000000 
0.000000 
0.000000 
0.000000 
0.000000 
0.000000 
0.000000 
0.000000 
0.000000 
0.000000 
0.000000 
0.000000 
0.000000 
0.000000 
0.000000 
0.000000 
0.000000 
0.000000 
0.000000 
0.000000 
0.000000 
0.000000 
0.000000 
0.000000 
0.000000 
0.000000 
0.000000 
0.000000 
0.000000 
0.000000 
0.000000 
0.000000 
0.000000 
0.000000 
0.000000 
0.000000 
0.000000 
0.000000 
0.000000 
0.000000 
0.000000 
0.000000 
0.000000 
0.000000 
0.000000 
0.000000 
0.000000 
0.000000 
0.000000 
0.000000 
0.000000 
0.000000 
0.000000 
0.000000 
0.000000 
0.000000 
0.000000 
0.000000 
0.000000 
0.000000 
0.000000 
0.000000 
0.000000 
0.000000 
0.000000 
0.000000 
0.000000 
0.000000 
0.000000 
0.000000 
0.000000 
0.000000 
0.000000 
0.000000 
0.000000 
0.000000 
0.000000 
0.000000 
0.000000 
0.000000 
0.000000 
0.000000 
0.000000 
0.000000 
0.000000 
0.000000 
0.000000 
0.000000 
0.000000 
0.000000 
0.000000 
0.000000 
0.000000 
0.000000 
0.000000 
0.000000 
0.000000 
0.000000 
0.000000 
0.000000 
0.000000 
0.000000 
0.000000 
0.000000 
0.000000 
0.000000 
0.000000 
0.000000 
0.000000 
0.000000 
0.000000 
0.000000 
0.000000 
0.000000 
0.000000 
0.000000 
0.000000 
0.000000 
0.000000 
0.000000 
0.000000 
0.000000 
0.000000 
0.000000 
0.000000 
0.000000 
0.000000 
0.000000 
0.000000 
0.000000 
0.000000 
0.000000 
0.000000 
0.000000 
0.000000 
0.000000 
0.000000 
0.000000 
0.000000 
0.000000 
0.000000 
0.000000 
0.000000 
0.000000 
0.000000 
0.000000 
0.000000 
0.000000 
0.000000 
0.000000 
0.000000 
0.000000 
0.000000 
0.000000 
0.000000 
0.000000 
0.000000 
0.000000 
0.000000 
0.000000 
0.000000 
0.000000 
0.000000 
0.000000 
0.000000 
0.000000 
-0.000000 
0.000002 
-0.000002 
-0.000004 
0.000019 
0.000080 
0.002263 
0.006458 
0.006199 
0.021311 
0.102894 
0.153782 
0.154692 
0.135647 
0.099853 
0.078144 
0.073108 
0.066014 
0.055067 
0.047040 
0.068614 
0.098788 
0.100322 
0.130488 
0.099815 
0.083191 
0.072688 
0.063658 
0.058372 
0.065663 
0.082759 
0.114318 
0.124466 
0.152535 
0.173987 
0.186348 
0.217343 
0.223089 
0.226621 
0.215807 
0.243472 
0.227147 
0.219777 
0.212308 
0.201024 
0.219737 
0.211682 
0.226053 
0.212275 
0.219665 
0.209336 
0.223964 
0.220053 
0.236466 
0.231857 
0.233573 
0.241589 
0.237939 
0.249586 
0.235754 
0.252193 
0.235404 
0.272962 
0.250763 
0.284030 
0.258733 
0.291208 
0.270237 
0.304655 
0.265515 
0.296882 
0.265244 
0.311953 
0.271466 
0.301619 
0.268162 
0.279015 
0.259096 
0.263742 
0.240596 
0.257037 
0.245487 
0.275671 
0.253493 
0.287028 
0.264538 
0.285039 
0.260844 
0.297984 
0.285408 
0.312958 
0.313064 
0.325061 
0.313546 
0.313940 
0.287879 
0.287319 
0.271140 
0.294055 
0.280333 
0.285344 
0.255840 
0.261171 
0.242762 
0.259082 
0.235636 
0.252719 
0.234142 
0.259559 
0.236803 
0.249759 
0.227640 
0.221536 
0.215298 
0.217978 
0.232936 
0.235867 
0.249984 
0.251069 
0.254362 
0.237965 
0.252645 
0.244290 
0.209613 
0.188928 
0.133317 
0.114100 
0.084926 
0.095137 
0.083213 
0.086510 
0.074092 
0.094787 
0.102700 
0.123603 
0.149798 
0.226078 
0.274877 
0.280532 
0.282568 
0.271266 
0.239542 
0.247791 
0.209724 
0.203678 
0.192329 
0.180943 
0.184739 
0.175389 
0.193942 
0.191880 
0.198166 
0.192875 
0.200356 
0.177796 
0.196370 
0.191065 
0.238108 
0.219164 
0.246117 
0.247942 
0.279362 
0.286808 
0.285017 
0.311075 
0.298765 
0.320966 
0.326673 
0.340729 
0.350937 
0.333115 
0.353392 
0.329058 
0.340283 
0.338352 
0.338163 
0.335338 
0.339870 
0.338475 
0.347860 
0.340197 
0.335569 
0.333619 
0.324224 
0.320895 
0.322361 
0.329145 
0.315355 
0.324820 
0.318599 
0.322728 
0.303229 
0.316501 
0.288382 
0.309901 
0.290791 
0.287687 
0.263142 
0.243318 
0.200859 
0.141124 
0.133405 
0.157615 
0.152062 
0.167524 
0.161925 
0.163814 
0.154034 
0.133032 
0.131951 
0.124960 
0.112387 
0.109519 
0.104408 
0.134765 
0.125935 
0.111703 
0.101150 
0.101443 
0.105477 
0.106757 
0.112252 
0.100229 
0.132159 
0.101822 
0.108322 
0.086049 
0.070398 
0.055163 
0.041179 
0.057525 
0.044755 
0.046002 
0.041523 
0.037329 
0.031850 
0.033362 
0.034199 
0.026893 
0.027740 
0.019332 
0.014238 
0.010281 
0.007454 
0.005406 
0.003919 
0.002841 
0.002060 
0.001493 
0.001083 
0.000785 
0.000569 
0.000413 
0.000299 
0.000217 
0.000157 
0.000114 
0.000083 
0.000060 
0.000043 
0.000031 
0.000023 
0.000017 
0.000012 
0.000009 
0.000006 
0.000005 
0.000003 
0.000002 
0.000002 
0.000001 
0.000001 
0.000001 
0.000000 
0.000000 
0.000000 
0.000000 
0.000000 
0.000000 
0.000000 
-0.000000 
0.000001 
-0.000001 
0.000018 
0.000029 
0.000049 
0.000105 
0.000013 
0.000211 
-0.000313 
0.003581 
0.010284 
0.008244 
0.018334 
0.051839 
0.154850 
0.174343 
0.137224 
0.101569 
0.073888 
0.052332 
0.043966 
0.044451 
0.033036 
0.027106 
0.026975 
0.021481 
0.018052 
0.019405 
0.018014 
0.011044 
0.021046 
0.027875 
0.033161 
0.059632 
0.052697 
0.116000 
0.085701 
0.139314 
0.147449 
0.129911 
0.241810 
0.170400 
0.193916 
0.255217 
0.160908 
0.226023 
0.261615 
0.166341 
0.231590 
0.231574 
0.154401 
0.227010 
0.205973 
0.144967 
0.206642 
0.180365 
0.140909 
0.213601 
0.179753 
0.141819 
0.197923 
0.154700 
0.123561 
0.187186 
0.146455 
0.128623 
0.201102 
0.157360 
0.120076 
0.188699 
0.161661 
0.118470 
0.195024 
0.184079 
0.121795 
0.185135 
0.210447 
0.140035 
0.126386 
0.131325 
0.094942 
0.068114 
0.058840 
0.062305 
0.066847 
0.046389 
0.045456 
0.076283 
0.063289 
0.042324 
0.045018 
0.043311 
0.030960 
0.019200 
0.037449 
0.095361 
0.072226 
0.069957 
0.112756 
0.080400 
0.073915 
0.106929 
0.122313 
0.128587 
0.162959 
0.174178 
0.179156 
0.190425 
0.214155 
0.197839 
0.181761 
0.225388 
0.209810 
0.178266 
0.179840 
0.237640 
0.216850 
0.216028 
0.220546 
0.252396 
0.251482 
0.298731 
0.274965 
0.253169 
0.273079 
0.251837 
0.224894 
0.257068 
0.285493 
0.252389 
0.216323 
0.233053 
0.248836 
0.300123 
0.302588 
0.280406 
0.256798 
0.220455 
0.290059 
0.262267 
0.239886 
0.209012 
0.200325 
0.255326 
0.221338 
0.231925 
0.211018 
0.212825 
0.195158 
0.178214 
0.230445 
0.221973 
0.281534 
0.229538 
0.242777 
0.234510 
0.242198 
0.261444 
0.254475 
0.225648 
0.248958 
0.237448 
0.184851 
0.156835 
0.196787 
0.211589 
0.199669 
0.174772 
0.198285 
0.239377 
0.194248 
0.176632 
0.156752 
0.145492 
0.159077 
0.133506 
0.095260 
0.102869 
0.195760 
0.209441 
0.170060 
0.157270 
0.166918 
0.154707 
0.165898 
0.130469 
0.096922 
0.091650 
0.078312 
0.114066 
0.123438 
0.112150 
0.114981 
0.131905 
0.107095 
0.087692 
0.070038 
0.058333 
0.054321 
0.038184 
0.037203 
0.061605 
0.046683 
0.036961 
0.043145 
0.038160 
0.028346 
0.045167 
0.042864 
0.028958 
0.021899 
0.015815 
0.039484 
0.045298 
0.027345 
0.033077 
0.049144 
0.034067 
0.025911 
0.038722 
0.038703 
0.030198 
0.020717 
0.028057 
0.031418 
0.019082 
0.027557 
0.050690 
0.041538 
0.029732 
0.020584 
0.025083 
0.025347 
0.026803 
0.039988 
0.042039 
0.028925 
0.021839 
0.014753 
0.014500 
0.020110 
0.013790 
0.011542 
0.036049 
0.033673 
0.025614 
0.048757 
0.049897 
0.033154 
0.025572 
0.016821 
0.025499 
0.027092 
0.032980 
0.061232 
0.065353 
0.050507 
0.027814 
0.067607 
0.122643 
0.094577 
0.128027 
0.177417 
0.163972 
0.182368 
0.218660 
0.208024 
0.218017 
0.249948 
0.229561 
0.249292 
0.267410 
0.248483 
0.269460 
0.264676 
0.252312 
0.293035 
0.254610 
0.289228 
0.328532 
0.290182 
0.323944 
0.307043 
0.289658 
0.285433 
0.268818 
0.270173 
0.260644 
0.269880 
0.277014 
0.254759 
0.269345 
0.251829 
0.256928 
0.270645 
0.256437 
0.290018 
0.258854 
0.251295 
0.241367 
0.232706 
0.261732 
0.246818 
0.250636 
0.235292 
0.217220 
0.221608 
0.224841 
0.219752 
0.209827 
0.218019 
0.206071 
0.185072 
0.166622 
0.173245 
0.162263 
0.173760 
0.158733 
0.170577 
0.168242 
0.187343 
0.177996 
0.216490 
0.211708 
0.215138 
0.194917 
0.216364 
0.183536 
0.165291 
0.129190 
0.098315 
0.075944 
0.069921 
0.067405 
0.059154 
0.073451 
0.059084 
0.063637 
0.053111 
0.064566 
0.051111 
0.054528 
0.045688 
0.043087 
0.040763 
0.030135 
0.026268 
0.025305 
0.024521 
0.024389 
0.023547 
0.021263 
0.018821 
0.015232 
0.012891 
0.011220 
0.010264 
0.008869 
0.006371 
0.004800 
0.003483 
0.002524 
0.001830 
0.001432 
0.001072 
0.000768 
0.000560 
0.000405 
0.000294 
0.000213 
0.000154 
0.000112 
0.000081 
0.000059 
0.000043 
0.000031 
0.000022 
0.000016 
0.000012 
0.000009 
0.000006 
0.000004 
0.000003 
0.000002 
0.000004 
0.000009 
0.000047 
0.000149 
0.000695 
0.003267 
0.008273 
0.014211 
0.023971 
0.024271 
0.036970 
0.147360 
0.182130 
0.157185 
0.109492 
0.142994 
0.166605 
0.119259 
0.116243 
0.097880 
0.092772 
0.102107 
0.083057 
0.091993 
0.148333 
0.223314 
0.236629 
0.238308 
0.243929 
0.246459 
0.245954 
0.248292 
0.247273 
0.238997 
0.233993 
0.228523 
0.225937 
0.220791 
0.200306 
0.203299 
0.202487 
0.192927 
0.194663 
0.199767 
0.202188 
0.198521 
0.200038 
0.191370 
0.185323 
0.184295 
0.188877 
0.191772 
0.188820 
0.169216 
0.165187 
0.173457 
0.187209 
0.189788 
0.191593 
0.198893 
0.202876 
0.199893 
0.184348 
0.162230 
0.133688 
0.107689 
0.084959 
0.071279 
0.059760 
0.051414 
0.050079 
0.052411 
0.060939 
0.061642 
0.062751 
0.067125 
0.066877 
0.066647 
0.068214 
0.067839 
0.066689 
0.064671 
0.064748 
0.068630 
0.069468 
0.069650 
0.072266 
0.073812 
0.075976 
0.073608 
0.073646 
0.085393 
0.086515 
0.094490 
0.135427 
0.189346 
0.216080 
0.208690 
0.219785 
0.242950 
0.246318 
0.242113 
0.241324 
0.230287 
0.214961 
0.213774 
0.243215 
0.271468 
0.282284 
0.274174 
0.257207 
0.254469 
0.233948 
0.244304 
0.262824 
0.254950 
0.241375 
0.232679 
0.220971 
0.207279 
0.219837 
0.220425 
0.208916 
0.206304 
0.184580 
0.174363 
0.172101 
0.182240 
0.208677 
0.227481 
0.248010 
0.253072 
0.254096 
0.256334 
0.282131 
0.290315 
0.281309 
0.268362 
0.309606 
0.327097 
0.323287 
0.312450 
0.306535 
0.296910 
0.281691 
0.262156 
0.229090 
0.198761 
0.170116 
0.138735 
0.113282 
0.094593 
0.090273 
0.076302 
0.073782 
0.064684 
0.059268 
0.050721 
0.047434 
0.042448 
0.037919 
0.035998 
0.034352 
0.032066 
0.024828 
0.020627 
0.020826 
0.016409 
0.014399 
0.013572 
0.013538 
0.014123 
0.012451 
0.010204 
0.007306 
0.005357 
0.003780 
0.003161 
0.002785 
0.002215 
0.002605 
0.002120 
0.002476 
0.002712 
0.002437 
0.001693 
0.001302 
0.000991 
0.000746 
0.000535 
0.000401 
0.000297 
0.000621 
0.001328 
0.001767 
0.001795 
0.001355 
0.000965 
0.000707 
0.000509 
0.000373 
0.000264 
0.000227 
0.000547 
0.000823 
0.000730 
0.000519 
0.000379 
0.000279 
0.000188 
0.000268 
0.000585 
0.000817 
0.000733 
0.000518 
0.000381 
0.000276 
0.000198 
0.000142 
0.000120 
0.000128 
0.002206 
0.004708 
0.006964 
0.005178 
0.050277 
0.078410 
0.068669 
0.057743 
0.113237 
0.155674 
0.106347 
0.084816 
0.062371 
0.055634 
0.044929 
0.059352 
0.073515 
0.061156 
0.054251 
0.043708 
0.040606 
0.037882 
0.053420 
0.041669 
0.038885 
0.046587 
0.038623 
0.080846 
0.115773 
0.079966 
0.077496 
0.101322 
0.108487 
0.121718 
0.135596 
0.143879 
0.155028 
0.173680 
0.169621 
0.214875 
0.187602 
0.273663 
0.208221 
0.345674 
0.274062 
0.359491 
0.377938 
0.323881 
0.421512 
0.300430 
0.410357 
0.322063 
0.355768 
0.387334 
0.304687 
0.412481 
0.294324 
0.384446 
0.329338 
0.329341 
0.381941 
0.291518 
0.417703 
0.309239 
0.385616 
0.341058 
0.327889 
0.356291 
0.291941 
0.381625 
0.285359 
0.383098 
0.302966 
0.356616 
0.328815 
0.331595 
0.352553 
0.293548 
0.342068 
0.260317 
0.310869 
0.237161 
0.276570 
0.230405 
0.241542 
0.226266 
0.192883 
0.234728 
0.185518 
0.192641 
0.148350 
0.159667 
0.148755 
0.178178 
0.168065 
0.140254 
0.159747 
0.129200 
0.113593 
0.131477 
0.150952 
0.151925 
0.149766 
0.129889 
0.133576 
0.156076 
0.134213 
0.173369 
0.185358 
0.150802 
0.132371 
0.144654 
0.142642 
0.111792 
0.086274 
0.112934 
0.117838 
0.110720 
0.131440 
0.125954 
0.106836 
0.123200 
0.123964 
0.129364 
0.124575 
0.099224 
0.098190 
0.110985 
0.118887 
0.104739 
0.081694 
0.076218 
0.066184 
0.059418 
0.057730 
0.045352 
0.056877 
0.060144 
0.055880 
0.048119 
0.043206 
0.035661 
0.031341 
0.035346 
0.043214 
0.033458 
0.026002 
0.019750 
0.015024 
0.014209 
0.013225 
0.011858 
0.010485 
0.009531 
0.009557 
0.008245 
0.007618 
0.006186 
0.004515 
0.003606 
0.003790 
0.003859 
0.002779 
0.002283 
0.001824 
0.001400 
0.001041 
0.000747 
0.000548 
0.000401 
0.000290 
0.000211 
0.000153 
0.000111 
0.000080 
0.000058 
0.000042 
0.000031 
0.000022 
0.000016 
0.000012 
0.000008 
0.000006 
0.000004 
0.000003 
0.000002 
0.000002 
0.000001 
0.000001 
0.000001 
0.000000 
0.000000 
0.000000 
0.000000 
-0.000000 
0.000001 
0.000012 
-0.000063 
0.000180 
-0.000300 
0.006741 
0.024888 
0.025047 
0.019263 
0.024573 
0.027951 
0.023186 
0.019094 
0.016820 
0.015144 
0.014103 
0.017746 
0.017242 
0.023791 
0.031808 
0.046620 
0.062698 
0.119571 
0.120665 
0.236330 
0.275106 
0.290818 
0.291405 
0.298685 
0.278945 
0.299352 
0.276958 
0.276187 
0.259412 
0.282483 
0.261304 
0.276737 
0.267197 
0.304464 
0.265436 
0.299219 
0.251624 
0.282049 
0.255458 
0.272055 
0.249985 
0.286515 
0.256536 
0.290781 
0.261458 
0.274116 
0.246194 
0.297003 
0.259288 
0.295449 
0.271103 
0.276153 
0.242364 
0.274215 
0.249451 
0.268889 
0.234466 
0.264381 
0.242507 
0.264128 
0.231951 
0.249884 
0.231950 
0.248591 
0.225132 
0.265858 
0.238109 
0.248742 
0.222957 
0.257461 
0.240617 
0.257372 
0.220654 
0.267446 
0.235474 
0.254841 
0.234603 
0.261040 
0.251199 
0.283210 
0.269832 
0.237200 
0.245676 
0.201920 
0.191441 
0.159186 
0.117030 
0.085218 
0.070688 
0.058753 
0.053968 
0.061778 
0.048961 
0.049068 
0.046686 
0.033086 
0.049934 
0.051894 
0.037586 
0.045241 
0.041162 
0.050064 
0.061426 
0.044484 
0.061998 
0.053550 
0.066806 
0.092602 
0.097698 
0.149966 
0.212421 
0.272171 
0.275847 
0.249181 
0.261374 
0.237851 
0.240987 
0.246993 
0.249642 
0.235473 
0.250006 
0.233478 
0.221106 
0.227294 
0.217313 
0.224678 
0.220700 
0.211561 
0.214431 
0.227409 
0.212847 
0.204187 
0.209118 
0.214803 
0.209942 
0.211439 
0.205193 
0.200854 
0.215975 
0.208382 
0.214116 
0.213289 
0.200000 
0.236191 
0.271744 
0.305791 
0.294122 
0.267078 
0.252374 
0.230127 
0.223990 
0.216940 
0.209494 
0.214497 
0.207088 
0.195486 
0.182381 
0.175583 
0.173299 
0.178252 
0.187540 
0.195505 
0.192754 
0.196813 
0.200264 
0.200932 
0.219925 
0.242843 
0.274961 
0.276587 
0.289841 
0.312428 
0.315147 
0.322678 
0.316202 
0.315289 
0.331924 
0.337355 
0.327783 
0.288623 
0.270133 
0.273202 
0.278092 
0.270845 
0.264995 
0.259162 
0.245570 
0.248481 
0.232842 
0.224904 
0.233380 
0.238498 
0.235796 
0.213830 
0.198124 
0.194768 
0.179532 
0.149878 
0.135089 
0.119690 
0.107036 
0.108400 
0.114857 
0.121935 
0.135249 
0.156004 
0.156680 
0.147876 
0.145807 
0.155315 
0.162017 
0.144353 
0.140165 
0.119416 
0.124581 
0.127304 
0.133129 
0.135672 
0.124153 
0.142010 
0.137917 
0.127043 
0.126666 
0.137880 
0.126020 
0.108226 
0.116095 
0.124699 
0.114149 
0.102797 
0.083947 
0.090093 
0.087813 
0.103547 
0.081156 
0.064528 
0.086712 
0.101427 
0.123956 
0.154396 
0.184288 
0.152288 
0.111471 
0.080803 
0.060870 
0.053937 
0.065905 
0.082443 
0.099734 
0.093303 
0.087516 
0.081584 
0.074047 
0.072333 
0.068757 
0.077203 
0.092153 
0.089827 
0.075942 
0.060516 
0.065499 
0.078895 
0.062624 
0.047231 
0.044931 
0.039857 
0.035113 
0.030137 
0.027020 
0.029126 
0.029920 
0.030254 
0.032045 
0.031191 
0.022816 
0.021100 
0.027835 
0.030294 
0.026284 
0.021516 
0.015507 
0.012348 
0.011971 
0.010817 
0.008571 
0.008525 
0.007472 
0.007085 
0.007537 
0.006799 
0.006792 
0.005612 
0.004097 
0.003381 
0.002929 
0.002123 
0.001540 
0.001118 
0.000809 
0.000586 
0.000427 
0.000303 
0.000241 
0.000235 
0.000276 
0.000414 
0.000384 
0.000718 
0.001302 
0.001858 
0.002798 
0.003467 
0.003200 
0.002531 
0.002086 
0.001997 
0.002447 
0.002662 
0.003679 
0.004184 
0.003471 
0.003326 
0.002962 
0.002068 
0.002081 
0.002156 
0.002508 
0.003597 
0.004153 
0.005220 
0.005205 
0.008401 
0.010954 
0.010707 
0.008860 
0.010599 
0.014126 
0.013473 
0.011827 
0.010948 
0.013005 
0.013639 
0.010877 
0.013399 
0.014686 
0.012101 
0.012651 
0.013072 
0.016440 
0.015777 
0.014406 
0.014778 
0.018320 
0.015992 
0.016708 
0.017788 
0.014260 
0.014908 
0.014891 
0.012806 
0.010959 
0.014040 
0.018757 
0.016771 
0.014962 
0.016493 
0.019990 
0.020230 
0.015608 
0.015767 
0.015175 
0.015131 
0.019225 
0.018676 
0.015473 
0.012045 
0.010234 
0.012258 
0.022831 
0.023359 
0.017677 
0.014445 
0.015027 
0.014302 
0.014178 
0.011916 
0.017367 
0.015703 
0.013009 
0.012449 
0.010488 
0.016924 
0.016601 
0.011876 
0.013195 
0.012990 
0.013183 
0.017808 
0.015273 
0.013906 
0.010909 
0.008067 
0.007999 
0.006406 
0.006425 
0.007895 
0.010761 
0.009369 
0.007480 
0.007616 
0.006177 
0.006287 
0.006726 
0.006953 
0.007824 
0.007072 
0.005848 
0.007118 
0.006265 
0.005142 
0.005679 
0.004734 
0.004552 
0.006109 
0.005992 
0.005336 
0.005102 
0.005101 
0.005430 
0.005092 
0.005120 
0.003779 
0.002937 
0.002067 
0.001658 
0.002128 
0.001968 
0.001701 
0.001213 
0.000886 
0.000640 
0.000465 
0.000337 
0.000244 
0.000177 
0.000128 
0.000093 
0.000067 
0.000049 
0.000035 
0.000026 
0.000019 
0.000014 
0.000010 
0.000007 
0.000005 
0.000004 
0.000003 
0.000002 
0.000001 
0.000001 
0.000001 
0.000001 
0.000000 
0.000000 
0.000000 
0.000000 
0.000000 
0.000000 
0.000000 
0.000000 
0.000000 
0.000000 
0.000000 
0.000000 
0.000000 
0.000000 
0.000000 
0.000000 
0.000000 
0.000000 
0.000000 
0.000000 
0.000000 
0.000000 
0.000000 
0.000000 
0.000000 
0.000000 
0.000000 
0.000000 
0.000000 
0.000000 
0.000000 
0.000000 
0.000000 
0.000000 
0.000000 
0.000000 
0.000000 
0.000000 
0.000000 
0.000000 
0.000000 
0.000000 
0.000000 
0.000000 
0.000000 
0.000000 
0.000000 
0.000000 
0.000000 
0.000000 
0.000000 
0.000000 
0.000000 
0.000000 
0.000000 
0.000000 
0.000000 
0.000000 
0.000000 
0.000000 
0.000000 
0.000000 
0.000000 
0.000000 
0.000000 
0.000000 
0.000000 
0.000000 
0.000000 
0.000000 
0.000000 
0.000000 
0.000000 
0.000000 
0.000000 
0.000000 
0.000000 
0.000000 
0.000000 
