[ASCII 1000Hz, Channels: 1, Samples: 4704, Flags: 0]                          
0.000000 
0.000000 
0.000000 
0.000000 
0.000000 
0.000000 
0.000000 
0.000000 
0.000000 
0.000000 
0.000000 
0.000000 
0.000000 
0.000000 
0.000000 
0.000000 
0.000000 
0.000000 
0.000000 
0.000000 
0.000000 
0.000000 
0.000000 
0.000000 
0.000000 
0.000000 
0.000000 
0.000000 
0.000000 
0.000000 
0.000000 
0.000000 
0.000000 
0.000000 
0.000000 
0.000000 
0.000000 
0.000000 
0.000000 
0.000000 
0.000000 
0.000000 
0.000000 
0.000000 
0.000000 
0.000000 
0.000000 
-0.000000 
-0.000000 
0.000002 
-0.000010 
0.000029 
-0.000061 
0.000501 
0.002449 
0.002437 
0.005716 
0.020748 
0.024466 
0.039212 
0.044677 
0.065498 
0.153951 
0.248080 
0.282720 
0.314293 
0.353469 
0.335127 
0.281650 
0.216262 
0.249043 
0.301536 
0.317375 
0.272217 
0.211384 
0.226886 
0.232761 
0.227711 
0.242325 
0.169454 
0.142785 
0.301074 
0.295948 
0.304884 
0.282161 
0.286971 
0.312912 
0.255389 
0.341524 
0.275304 
0.345261 
0.275259 
0.324150 
0.256427 
0.329006 
0.280833 
0.312507 
0.271834 
0.312926 
0.296235 
0.301559 
0.290033 
0.289926 
0.294323 
0.277927 
0.294752 
0.273961 
0.318217 
0.269466 
0.337218 
0.266254 
0.344425 
0.262790 
0.343016 
0.278633 
0.320075 
0.290067 
0.272163 
0.289227 
0.231569 
0.285752 
0.206843 
0.282482 
0.217345 
0.249011 
0.250534 
0.212209 
0.294580 
0.205118 
0.293077 
0.234097 
0.247632 
0.302319 
0.210912 
0.296775 
0.227234 
0.239359 
0.274335 
0.229138 
0.266482 
0.242438 
0.248571 
0.271348 
0.238247 
0.274556 
0.260551 
0.240463 
0.278730 
0.242815 
0.256733 
0.271638 
0.237841 
0.242557 
0.199814 
0.149228 
0.152926 
0.214665 
0.149548 
0.153302 
0.336269 
0.243116 
0.234120 
0.392030 
0.271928 
0.254447 
0.386046 
0.268249 
0.247075 
0.381883 
0.268387 
0.250074 
0.391767 
0.273330 
0.263181 
0.380791 
0.252284 
0.278125 
0.396776 
0.254875 
0.317570 
0.367150 
0.240259 
0.366346 
0.321300 
0.259180 
0.378597 
0.257591 
0.320801 
0.372667 
0.250717 
0.354166 
0.280707 
0.266538 
0.366365 
0.249929 
0.324409 
0.294228 
0.228709 
0.289050 
0.213995 
0.267260 
0.223381 
0.209287 
0.244959 
0.244015 
0.287777 
0.287832 
0.317766 
0.329135 
0.366968 
0.353238 
0.373136 
0.364074 
0.325898 
0.336941 
0.311078 
0.343676 
0.294103 
0.310858 
0.320997 
0.250871 
0.329011 
0.248509 
0.288506 
0.294440 
0.257070 
0.317193 
0.244251 
0.308482 
0.271060 
0.276659 
0.314394 
0.259870 
0.330069 
0.270433 
0.316506 
0.287218 
0.285795 
0.313849 
0.256700 
0.320895 
0.277404 
0.320866 
0.283846 
0.306845 
0.298006 
0.293847 
0.317988 
0.279354 
0.316224 
0.253527 
0.306466 
0.254815 
0.301736 
0.269788 
0.290923 
0.290886 
0.285559 
0.301340 
0.260444 
0.306050 
0.258237 
0.309035 
0.275263 
0.323424 
0.275793 
0.308337 
0.276708 
0.299120 
0.302869 
0.297871 
0.301236 
0.291739 
0.306124 
0.282898 
0.290340 
0.289709 
0.307123 
0.287283 
0.297951 
0.270536 
0.279902 
0.256714 
0.260234 
0.238148 
0.253146 
0.225888 
0.230469 
0.208116 
0.228848 
0.212492 
0.228398 
0.213748 
0.224626 
0.201346 
0.192996 
0.176936 
0.203431 
0.200975 
0.214010 
0.203602 
0.229040 
0.216601 
0.240049 
0.236385 
0.246307 
0.233069 
0.230618 
0.209996 
0.218059 
0.212613 
0.211925 
0.197607 
0.199324 
0.198600 
0.202748 
0.207918 
0.204175 
0.207748 
0.182937 
0.170308 
0.156439 
0.173102 
0.144514 
0.162147 
0.131496 
0.137488 
0.110612 
0.109957 
0.087037 
0.082439 
0.063536 
0.058472 
0.044310 
0.045908 
0.039874 
0.041205 
0.036595 
0.040814 
0.037905 
0.039736 
0.039360 
0.039779 
0.043926 
0.044455 
0.044888 
0.039736 
0.032456 
0.035589 
0.032673 
0.024085 
0.021620 
0.018852 
0.014525 
0.011196 
0.008507 
0.006408 
0.005067 
0.004554 
0.003970 
0.003857 
0.002720 
0.001996 
0.001441 
0.001045 
0.000758 
0.000550 
0.000398 
0.000289 
0.000209 
0.000152 
0.000110 
0.000080 
0.000058 
0.000042 
0.000030 
0.000022 
0.000016 
0.000012 
0.000008 
0.000007 
0.000004 
0.000033 
0.000064 
0.000051 
0.000093 
0.000220 
0.000200 
0.000161 
0.000063 
0.000265 
0.001688 
0.001320 
0.001618 
0.003856 
0.006280 
0.007041 
0.014162 
0.019867 
0.019822 
0.025793 
0.035053 
0.041168 
0.033573 
0.041284 
0.063341 
0.066202 
0.055796 
0.045212 
0.038710 
0.038260 
0.055231 
0.062837 
0.063136 
0.098140 
0.170707 
0.154234 
0.117905 
0.145136 
0.162126 
0.145450 
0.166761 
0.128363 
0.111775 
0.098144 
0.104512 
0.129142 
0.111407 
0.123642 
0.185103 
0.169858 
0.141405 
0.122549 
0.130038 
0.178010 
0.162061 
0.149935 
0.139556 
0.149401 
0.148432 
0.124682 
0.109496 
0.094253 
0.082726 
0.069188 
0.070387 
0.074413 
0.086749 
0.095329 
0.091991 
0.083070 
0.088447 
0.093483 
0.102858 
0.116076 
0.120797 
0.119030 
0.112412 
0.101497 
0.086121 
0.090295 
0.090964 
0.104572 
0.121955 
0.112136 
0.134962 
0.146012 
0.174451 
0.164218 
0.148973 
0.167217 
0.173472 
0.173621 
0.161233 
0.178760 
0.170472 
0.169738 
0.169013 
0.170515 
0.171264 
0.161112 
0.164775 
0.155571 
0.161240 
0.147761 
0.140524 
0.145222 
0.165746 
0.200531 
0.199310 
0.217082 
0.215725 
0.217320 
0.230763 
0.228221 
0.238727 
0.231284 
0.253580 
0.245183 
0.249556 
0.257781 
0.256592 
0.263226 
0.249702 
0.267806 
0.257319 
0.262868 
0.261584 
0.259163 
0.282397 
0.273924 
0.287399 
0.273614 
0.293657 
0.286363 
0.289931 
0.304623 
0.307793 
0.300603 
0.277334 
0.290160 
0.304683 
0.305060 
0.318171 
0.311718 
0.307975 
0.317661 
0.321289 
0.325383 
0.300682 
0.319511 
0.322063 
0.330824 
0.316919 
0.300218 
0.275640 
0.281200 
0.276970 
0.278579 
0.269979 
0.288576 
0.288291 
0.296564 
0.284923 
0.299672 
0.282707 
0.292908 
0.277641 
0.282063 
0.262575 
0.268393 
0.270475 
0.270293 
0.282761 
0.297031 
0.281179 
0.272729 
0.267354 
0.274497 
0.281355 
0.293946 
0.305840 
0.287958 
0.297620 
0.277465 
0.292905 
0.274841 
0.274699 
0.262910 
0.267501 
0.255087 
0.275135 
0.272877 
0.296656 
0.276519 
0.271333 
0.255895 
0.266945 
0.242484 
0.255516 
0.236886 
0.238342 
0.218816 
0.248140 
0.236366 
0.257315 
0.232360 
0.261371 
0.248831 
0.273457 
0.246714 
0.248445 
0.239732 
0.253279 
0.250351 
0.238692 
0.233163 
0.230123 
0.231437 
0.227280 
0.239713 
0.245228 
0.271209 
0.262018 
0.270777 
0.273095 
0.282687 
0.267371 
0.282268 
0.257801 
0.286588 
0.246742 
0.274893 
0.220500 
0.266267 
0.206701 
0.276383 
0.207508 
0.251943 
0.243472 
0.236141 
0.230664 
0.184370 
0.255693 
0.192114 
0.238121 
0.189166 
0.208192 
0.230212 
0.178206 
0.272200 
0.195414 
0.209488 
0.198209 
0.150382 
0.212181 
0.150191 
0.159252 
0.195389 
0.127123 
0.165282 
0.168241 
0.117465 
0.182615 
0.178969 
0.122504 
0.173017 
0.164727 
0.116169 
0.163902 
0.147478 
0.099745 
0.186617 
0.185918 
0.118778 
0.197280 
0.200648 
0.127676 
0.182235 
0.181414 
0.113702 
0.154088 
0.167135 
0.103079 
0.120572 
0.170429 
0.115207 
0.101364 
0.174119 
0.141751 
0.093617 
0.128783 
0.128835 
0.081843 
0.083114 
0.118840 
0.092228 
0.061973 
0.084343 
0.100162 
0.067779 
0.053153 
0.087205 
0.087440 
0.060098 
0.047602 
0.090049 
0.084592 
0.055651 
0.046275 
0.064630 
0.055167 
0.036794 
0.034739 
0.051979 
0.044944 
0.030156 
0.027455 
0.045782 
0.037282 
0.023681 
0.034148 
0.045100 
0.030801 
0.022075 
0.028975 
0.035325 
0.024542 
0.019163 
0.022889 
0.022841 
0.015943 
0.011697 
0.016332 
0.017575 
0.011303 
0.013866 
0.014614 
0.009878 
0.007425 
0.005308 
0.005094 
0.005858 
0.008369 
0.007864 
0.006690 
0.008589 
0.005993 
0.005774 
0.005810 
0.004384 
0.005406 
0.003719 
0.004185 
0.005837 
0.003888 
0.003332 
0.003028 
0.002112 
0.001569 
0.001181 
0.000859 
0.000622 
0.000451 
0.000328 
0.000235 
0.000194 
0.000157 
0.000109 
0.000087 
0.000074 
0.000043 
0.000078 
0.000140 
0.000099 
0.000073 
0.000053 
0.000038 
0.000028 
0.000020 
0.000015 
0.000011 
0.000008 
0.000006 
0.000004 
0.000003 
0.000002 
0.000002 
0.000001 
0.000001 
0.000001 
0.000000 
0.000000 
0.000000 
0.000000 
0.000000 
0.000000 
0.000000 
0.000000 
0.000000 
0.000000 
0.000000 
0.000000 
0.000000 
0.000000 
0.000000 
0.000000 
0.000000 
0.000000 
0.000000 
0.000000 
0.000000 
0.000000 
0.000000 
0.000000 
0.000000 
0.000000 
0.000000 
0.000000 
0.000000 
0.000000 
0.000000 
0.000000 
0.000000 
0.000000 
0.000000 
0.000000 
0.000000 
0.000000 
0.000000 
0.000000 
0.000000 
0.000000 
0.000000 
0.000000 
0.000000 
0.000000 
0.000000 
0.000000 
0.000000 
0.000000 
0.000000 
0.000000 
0.000000 
0.000000 
0.000000 
0.000000 
0.000000 
0.000000 
0.000000 
0.000000 
0.000000 
0.000000 
0.000000 
0.000000 
0.000000 
0.000000 
0.000000 
0.000000 
0.000000 
0.000000 
0.000000 
0.000000 
0.000000 
0.000000 
0.000000 
0.000000 
0.000000 
0.000000 
0.000000 
0.000000 
0.000000 
0.000000 
0.000000 
0.000000 
0.000000 
0.000000 
0.000000 
0.000000 
0.000000 
0.000000 
0.000000 
0.000000 
0.000000 
0.000000 
0.000000 
0.000000 
0.000000 
0.000000 
0.000000 
0.000000 
0.000000 
0.000000 
0.000000 
0.000000 
0.000000 
0.000000 
0.000000 
0.000000 
0.000000 
0.000000 
0.000000 
0.000000 
0.000000 
0.000000 
0.000000 
0.000000 
0.000000 
0.000000 
0.000000 
0.000000 
0.000000 
0.000000 
0.000000 
0.000000 
0.000000 
0.000000 
0.000000 
0.000000 
0.000000 
0.000000 
0.000000 
0.000000 
0.000000 
0.000000 
0.000000 
0.000000 
0.000000 
0.000000 
0.000000 
0.000000 
0.000000 
0.000000 
0.000000 
0.000000 
0.000000 
0.000000 
0.000000 
0.000000 
0.000000 
0.000000 
0.000000 
0.000000 
0.000000 
0.000000 
0.000000 
0.000000 
0.000000 
0.000000 
0.000000 
0.000000 
0.000000 
0.000000 
0.000000 
0.000000 
0.000000 
0.000000 
0.000000 
0.000000 
0.000000 
0.000000 
0.000000 
0.000000 
0.000000 
0.000000 
0.000000 
0.000000 
0.000000 
0.000000 
0.000000 
0.000000 
0.000000 
0.000000 
0.000000 
0.000000 
0.000000 
0.000000 
0.000000 
0.000000 
0.000000 
0.000000 
0.000000 
0.000000 
0.000000 
0.000000 
0.000000 
0.000000 
0.000000 
0.000000 
0.000000 
0.000000 
0.000000 
0.000000 
0.000000 
0.000000 
0.000000 
0.000000 
0.000000 
0.000000 
0.000000 
0.000000 
0.000000 
0.000000 
0.000000 
0.000000 
0.000000 
0.000000 
0.000000 
0.000000 
0.000000 
0.000000 
0.000000 
0.000000 
0.000000 
0.000000 
0.000000 
0.000000 
0.000000 
0.000000 
0.000000 
0.000000 
0.000000 
0.000000 
0.000000 
0.000000 
0.000000 
0.000000 
0.000000 
0.000000 
0.000000 
0.000000 
0.000000 
0.000000 
0.000000 
0.000000 
0.000000 
0.000000 
0.000000 
0.000000 
0.000000 
0.000000 
0.000000 
0.000000 
0.000000 
0.000000 
0.000000 
0.000000 
0.000000 
0.000000 
0.000000 
0.000000 
0.000000 
0.000000 
0.000000 
0.000000 
0.000000 
0.000000 
0.000000 
0.000000 
0.000000 
0.000000 
0.000000 
0.000000 
0.000000 
0.000000 
0.000000 
0.000000 
0.000000 
0.000000 
0.000000 
0.000000 
0.000000 
0.000000 
0.000000 
0.000000 
0.000000 
0.000000 
0.000000 
0.000000 
0.000000 
0.000000 
0.000000 
0.000000 
0.000000 
0.000000 
0.000000 
0.000000 
0.000000 
0.000000 
0.000000 
0.000000 
0.000000 
0.000000 
0.000000 
0.000000 
0.000000 
0.000000 
0.000000 
0.000000 
0.000000 
0.000000 
0.000000 
0.000000 
0.000000 
0.000000 
0.000000 
0.000000 
0.000000 
0.000000 
0.000000 
0.000000 
0.000000 
0.000000 
0.000000 
0.000000 
0.000000 
0.000000 
0.000000 
0.000000 
0.000000 
0.000000 
0.000000 
0.000000 
0.000000 
0.000000 
0.000000 
0.000000 
0.000000 
0.000000 
0.000000 
0.000000 
0.000000 
0.000000 
0.000000 
0.000000 
0.000000 
0.000000 
0.000000 
0.000000 
0.000000 
0.000000 
0.000000 
0.000000 
0.000000 
0.000000 
0.000000 
0.000000 
0.000000 
0.000000 
0.000000 
0.000000 
0.000000 
0.000000 
0.000000 
0.000000 
0.000000 
0.000000 
0.000000 
0.000000 
0.000000 
0.000000 
0.000000 
0.000000 
0.000000 
0.000000 
0.000000 
0.000000 
0.000000 
0.000000 
0.000000 
0.000000 
0.000000 
0.000000 
0.000000 
0.000000 
0.000000 
0.000000 
0.000000 
0.000000 
0.000000 
0.000000 
0.000000 
0.000000 
0.000000 
0.000000 
0.000000 
0.000000 
0.000000 
0.000000 
0.000000 
0.000000 
-0.000000 
-0.000000 
0.000000 
-0.000001 
0.000002 
-0.000006 
0.000088 
0.000499 
0.001259 
0.002311 
0.003568 
0.005509 
0.008087 
0.010248 
0.013448 
0.015227 
0.013742 
0.018645 
0.023794 
0.020476 
0.016048 
0.018512 
0.019839 
0.017270 
0.041491 
0.077179 
0.072680 
0.259378 
0.345604 
0.264982 
0.337871 
0.369717 
0.263247 
0.249018 
0.348777 
0.252940 
0.284153 
0.354084 
0.235754 
0.312736 
0.324622 
0.249287 
0.365192 
0.305916 
0.311259 
0.338901 
0.285977 
0.294325 
0.230919 
0.288203 
0.214558 
0.240633 
0.279653 
0.209479 
0.338643 
0.239153 
0.311608 
0.355385 
0.257547 
0.331854 
0.229010 
0.287896 
0.293866 
0.222527 
0.311372 
0.212851 
0.262273 
0.289236 
0.206595 
0.301407 
0.215102 
0.241075 
0.304330 
0.198315 
0.261611 
0.224597 
0.208474 
0.320613 
0.256276 
0.250661 
0.282873 
0.207537 
0.256671 
0.263419 
0.201563 
0.297436 
0.257971 
0.235964 
0.305313 
0.212124 
0.225137 
0.235454 
0.198403 
0.303009 
0.233287 
0.256176 
0.271459 
0.202429 
0.289909 
0.234909 
0.215069 
0.299313 
0.215882 
0.254490 
0.254713 
0.173485 
0.212306 
0.185580 
0.177790 
0.242452 
0.165194 
0.200200 
0.268058 
0.173955 
0.232030 
0.252944 
0.183272 
0.153495 
0.193281 
0.157518 
0.109881 
0.081400 
0.058423 
0.042477 
0.030821 
0.022263 
0.016403 
0.013358 
0.008796 
0.011039 
0.013485 
0.009128 
0.006869 
0.004911 
0.003572 
0.002589 
0.001877 
0.001361 
0.000987 
0.000715 
0.000519 
0.000376 
0.000273 
0.000198 
0.000143 
0.000104 
0.000075 
0.000055 
0.000040 
0.000029 
0.000021 
0.000015 
0.000011 
0.000008 
0.000006 
0.000003 
0.000007 
-0.000005 
0.000048 
0.000214 
0.000003 
0.001237 
0.004357 
0.006037 
0.007329 
0.006566 
0.008122 
0.009790 
0.007057 
0.007563 
0.007875 
0.009879 
0.010068 
0.044706 
0.064541 
0.077819 
0.081376 
0.056795 
0.043224 
0.034626 
0.048468 
0.040914 
0.091253 
0.293699 
0.219093 
0.309342 
0.311887 
0.244611 
0.316160 
0.219849 
0.291917 
0.244111 
0.247570 
0.322050 
0.229253 
0.320682 
0.257896 
0.267400 
0.278587 
0.234715 
0.343263 
0.287739 
0.322921 
0.334211 
0.275279 
0.312204 
0.267902 
0.300958 
0.304722 
0.290401 
0.324200 
0.301098 
0.313042 
0.300217 
0.310165 
0.337688 
0.301860 
0.301187 
0.280160 
0.280566 
0.304530 
0.290343 
0.308372 
0.310279 
0.315575 
0.307730 
0.293195 
0.328698 
0.316161 
0.328669 
0.329202 
0.313919 
0.339751 
0.307789 
0.306714 
0.299853 
0.310058 
0.332263 
0.288893 
0.324582 
0.286739 
0.312310 
0.332617 
0.287203 
0.353719 
0.283985 
0.307793 
0.257637 
0.271600 
0.287106 
0.241175 
0.316584 
0.232441 
0.288296 
0.223838 
0.276617 
0.268437 
0.245116 
0.273966 
0.216836 
0.287244 
0.216984 
0.303544 
0.238912 
0.279243 
0.255121 
0.250178 
0.254501 
0.223268 
0.284125 
0.213757 
0.277770 
0.207057 
0.284130 
0.251200 
0.244515 
0.243388 
0.213248 
0.254170 
0.189680 
0.234977 
0.176170 
0.206379 
0.180720 
0.160412 
0.178262 
0.134755 
0.165033 
0.121332 
0.147095 
0.119710 
0.142134 
0.189321 
0.143598 
0.115031 
0.105951 
0.124529 
0.127497 
0.140661 
0.121917 
0.137195 
0.149456 
0.144545 
0.119867 
0.089393 
0.121244 
0.117790 
0.088140 
0.067807 
0.059875 
0.063274 
0.070515 
0.075388 
0.062291 
0.067952 
0.054544 
0.042170 
0.032090 
0.026458 
0.024932 
0.023679 
0.021302 
0.023547 
0.017317 
0.013933 
0.014650 
0.013301 
0.010695 
0.010986 
0.009404 
0.008234 
0.006655 
0.004857 
0.004074 
0.004584 
0.004397 
0.004421 
0.005377 
0.005356 
0.005063 
0.004429 
0.003893 
0.003573 
0.003509 
0.002858 
0.002480 
0.002344 
0.002088 
0.001747 
0.001673 
0.001524 
0.001102 
0.000807 
0.000576 
0.000468 
0.000753 
0.001296 
0.001302 
0.001641 
0.002235 
0.002210 
0.002464 
0.002857 
0.002749 
0.002424 
0.002132 
0.002473 
0.002730 
0.002030 
0.001456 
0.001205 
0.002904 
0.005805 
0.007264 
0.012351 
0.034412 
0.056104 
0.068019 
0.108030 
0.082790 
0.086686 
0.129913 
0.185687 
0.252775 
0.227782 
0.286935 
0.256863 
0.298273 
0.251067 
0.288054 
0.255132 
0.288462 
0.250425 
0.286205 
0.257666 
0.269579 
0.252006 
0.253419 
0.280050 
0.266604 
0.301194 
0.245077 
0.300124 
0.263291 
0.289266 
0.270176 
0.281357 
0.290597 
0.283011 
0.304466 
0.270071 
0.287562 
0.269381 
0.290524 
0.264768 
0.274962 
0.262772 
0.263868 
0.285649 
0.242596 
0.271484 
0.220791 
0.272134 
0.224203 
0.255570 
0.244549 
0.254268 
0.256950 
0.233676 
0.263064 
0.215857 
0.231524 
0.174568 
0.170323 
0.142607 
0.106984 
0.089270 
0.064795 
0.047217 
0.050324 
0.037810 
0.042635 
0.049058 
0.033724 
0.052369 
0.045024 
0.040069 
0.042288 
0.032644 
0.025461 
0.030297 
0.030012 
0.025626 
0.024268 
0.016803 
0.012441 
0.011486 
0.010893 
0.007467 
0.005552 
0.004004 
0.003989 
0.002973 
0.003410 
0.003543 
0.003522 
0.003492 
0.002717 
0.004563 
0.004890 
0.005511 
0.007938 
0.005981 
0.005891 
0.004980 
0.006088 
0.005041 
0.008873 
0.013241 
0.011805 
0.015791 
0.015577 
0.019157 
0.020763 
0.029767 
0.034441 
0.033576 
0.031915 
0.031356 
0.032698 
0.042488 
0.041007 
0.037140 
0.049700 
0.039311 
0.033362 
0.044253 
0.057275 
0.057869 
0.051260 
0.048563 
0.063338 
0.070142 
0.056659 
0.054138 
0.058993 
0.059602 
0.076359 
0.097227 
0.105357 
0.092116 
0.088787 
0.107658 
0.114531 
0.100955 
0.085507 
0.081135 
0.066491 
0.062430 
0.055510 
0.064419 
0.074050 
0.085871 
0.086140 
0.084364 
0.081843 
0.067892 
0.065748 
0.075195 
0.057049 
0.041291 
0.030812 
0.037490 
0.047961 
0.046067 
0.084826 
0.066575 
0.089356 
0.075098 
0.104771 
0.132203 
0.127000 
0.284004 
0.198506 
0.326945 
0.339132 
0.278466 
0.422584 
0.318962 
0.356910 
0.400640 
0.300365 
0.386218 
0.357771 
0.295612 
0.401932 
0.322712 
0.317616 
0.410522 
0.295813 
0.349583 
0.386663 
0.269291 
0.378159 
0.368887 
0.264803 
0.402636 
0.335791 
0.279397 
0.411034 
0.297017 
0.306231 
0.389375 
0.262262 
0.345098 
0.352400 
0.251352 
0.382525 
0.327213 
0.269960 
0.390343 
0.282937 
0.282853 
0.379617 
0.245824 
0.315732 
0.389678 
0.253978 
0.351835 
0.346803 
0.284736 
0.341869 
0.257765 
0.308913 
0.297348 
0.200417 
0.330051 
0.280601 
0.207492 
0.324941 
0.243358 
0.215181 
0.358150 
0.250835 
0.233481 
0.334957 
0.228423 
0.220832 
0.335918 
0.225112 
0.222065 
0.353889 
0.243371 
0.214296 
0.343574 
0.253471 
0.198298 
0.337460 
0.275480 
0.187228 
0.296477 
0.273746 
0.167777 
0.291135 
0.314336 
0.184347 
0.256777 
0.331603 
0.204449 
0.217499 
0.321446 
0.218086 
0.190456 
0.331125 
0.260646 
0.177675 
0.306290 
0.294316 
0.177125 
0.253534 
0.307237 
0.190162 
0.196785 
0.317862 
0.235358 
0.170854 
0.300475 
0.283357 
0.173323 
0.271271 
0.309754 
0.190860 
0.196756 
0.354427 
0.272103 
0.182363 
0.311620 
0.321578 
0.194167 
0.231081 
0.327687 
0.226535 
0.170165 
0.281641 
0.265244 
0.166035 
0.189788 
0.277309 
0.211852 
0.138875 
0.184459 
0.245627 
0.171112 
0.118489 
0.213410 
0.237026 
0.149572 
0.142856 
0.265436 
0.226902 
0.139978 
0.195472 
0.287605 
0.203578 
0.135799 
0.219737 
0.259565 
0.168142 
0.137684 
0.260854 
0.243097 
0.151933 
0.168358 
0.299512 
0.235341 
0.150437 
0.214577 
0.289947 
0.199493 
0.145278 
0.265156 
0.272070 
0.167577 
0.181384 
0.324847 
0.254618 
0.159527 
0.250928 
0.351659 
0.239944 
0.178392 
0.327050 
0.325933 
0.204841 
0.209365 
0.378883 
0.308086 
0.210243 
0.377960 
0.382760 
0.238589 
0.261947 
0.349874 
0.244426 
0.191680 
0.355021 
0.314408 
0.190184 
0.285227 
0.364453 
0.229754 
0.215624 
0.353587 
0.277399 
0.178412 
0.271319 
0.304109 
0.185175 
0.198389 
0.332938 
0.271090 
0.177924 
0.248242 
0.295211 
0.182722 
0.193052 
0.337426 
0.256058 
0.168431 
0.241830 
0.273334 
0.170658 
0.175664 
0.324805 
0.276033 
0.171120 
0.258687 
0.337155 
0.211965 
0.205866 
0.353081 
0.315162 
0.198511 
0.265532 
0.340180 
0.217872 
0.194848 
0.314798 
0.260978 
0.159779 
0.301096 
0.356384 
0.221081 
0.212797 
0.356637 
0.281728 
0.186403 
0.294203 
0.301300 
0.181967 
0.207928 
0.337575 
0.246148 
0.164047 
0.260991 
0.281145 
0.169961 
0.198428 
0.364588 
0.289094 
0.185607 
0.326862 
0.371102 
0.224720 
0.252349 
0.365289 
0.258709 
0.187513 
0.291068 
0.291840 
0.175883 
0.224238 
0.398242 
0.296794 
0.211149 
0.348444 
0.325483 
0.200685 
0.248637 
0.342503 
0.239319 
0.185562 
0.343740 
0.306911 
0.184844 
0.293265 
0.365802 
0.223803 
0.237064 
0.365355 
0.264180 
0.190316 
0.326507 
0.311875 
0.185011 
0.269367 
0.351500 
0.220890 
0.207742 
0.354767 
0.274754 
0.185348 
0.344602 
0.349239 
0.210726 
0.260374 
0.333867 
0.213595 
0.204536 
0.349718 
0.315762 
0.232457 
0.300543 
0.293507 
0.180517 
0.251258 
0.355773 
0.231819 
0.229283 
0.378906 
0.348361 
0.225225 
0.289558 
0.320771 
0.193477 
0.252816 
0.314182 
0.193229 
0.224642 
0.368288 
0.290910 
0.215059 
0.310249 
0.278793 
0.188483 
0.301388 
0.348276 
0.239436 
0.276238 
0.326369 
0.245081 
0.237353 
0.327598 
0.257338 
0.223067 
0.317051 
0.272440 
0.209660 
0.323058 
0.271295 
0.206868 
0.345223 
0.354796 
0.240130 
0.292884 
0.276707 
0.181618 
0.289989 
0.293477 
0.176524 
0.273375 
0.324878 
0.202312 
0.266254 
0.299646 
0.190075 
0.257508 
0.285990 
0.174883 
0.259270 
0.293759 
0.177411 
0.268224 
0.305235 
0.185736 
0.240609 
0.295251 
0.194057 
0.166144 
0.225615 
0.177498 
0.121152 
0.133820 
0.126933 
0.082678 
0.080589 
0.092298 
0.062414 
0.055383 
0.076392 
0.055871 
0.048680 
0.061331 
0.051704 
0.051519 
0.079370 
0.056279 
0.066655 
0.134776 
0.083952 
0.138750 
0.240434 
0.150487 
0.203174 
0.325923 
0.212122 
0.231128 
0.337365 
0.219895 
0.254055 
0.374964 
0.238961 
0.296530 
0.430254 
0.274971 
0.328561 
0.408632 
0.255821 
0.349294 
0.411118 
0.258856 
0.374229 
0.389862 
0.251852 
0.375172 
0.359021 
0.242652 
0.388011 
0.348663 
0.249895 
0.397561 
0.327597 
0.257157 
0.405881 
0.311918 
0.258459 
0.398607 
0.294700 
0.270425 
0.414178 
0.291961 
0.278366 
0.403005 
0.275315 
0.280553 
0.386851 
0.255887 
0.287204 
0.368101 
0.232559 
0.326252 
0.396597 
0.247117 
0.356118 
0.387668 
0.250711 
0.374105 
0.355390 
0.246917 
0.393979 
0.334990 
0.263037 
0.399115 
0.301730 
0.284257 
0.387935 
0.261602 
0.295402 
0.360098 
0.234836 
0.309758 
0.315831 
0.213570 
0.310313 
0.284172 
0.195096 
0.279333 
0.255181 
0.171274 
0.262181 
0.239088 
0.165826 
0.247278 
0.208734 
0.143631 
0.221429 
0.203820 
0.135013 
0.206898 
0.196861 
0.127581 
0.203433 
0.201895 
0.131317 
0.206433 
0.200015 
0.131180 
0.215739 
0.205105 
0.136432 
0.220973 
0.206356 
0.143332 
0.249695 
0.210500 
0.158407 
0.269574 
0.209561 
0.226118 
0.278010 
0.205033 
0.274931 
0.257721 
0.213269 
0.303168 
0.246699 
0.244533 
0.317167 
0.267826 
0.273778 
0.344001 
0.318559 
0.299561 
0.350959 
0.306880 
0.319848 
0.375430 
0.308458 
0.345669 
0.357927 
0.292606 
0.358824 
0.332672 
0.278795 
0.317765 
0.291772 
0.262404 
0.313848 
0.272624 
0.318147 
0.394281 
0.317212 
0.319907 
0.349649 
0.288787 
0.353112 
0.338536 
0.306915 
0.377419 
0.307527 
0.306335 
0.358278 
0.295334 
0.306008 
0.356542 
0.287745 
0.309115 
0.327068 
0.255995 
0.319909 
0.327541 
0.288899 
0.344521 
0.288797 
0.273798 
0.338551 
0.289779 
0.321105 
0.330652 
0.269139 
0.316594 
0.309614 
0.264089 
0.328502 
0.284112 
0.289141 
0.324911 
0.231125 
0.227620 
0.265169 
0.189842 
0.231946 
0.271590 
0.221505 
0.287375 
0.309110 
0.231189 
0.281270 
0.264773 
0.285993 
0.347203 
0.279582 
0.274908 
0.280955 
0.210440 
0.266837 
0.281753 
0.245627 
0.329179 
0.296272 
0.237247 
0.289122 
0.239724 
0.228314 
0.251479 
0.193604 
0.227017 
0.220559 
0.181742 
0.212359 
0.168254 
0.173969 
0.194932 
0.138105 
0.195332 
0.200111 
0.153676 
0.216331 
0.163726 
0.152497 
0.189024 
0.121539 
0.174347 
0.187197 
0.125970 
0.196385 
0.169423 
0.124866 
0.188762 
0.144986 
0.122845 
0.158550 
0.108142 
0.100380 
0.133435 
0.094858 
0.071970 
0.087995 
0.077436 
0.051701 
0.054684 
0.049218 
0.033581 
0.025119 
0.017973 
0.013079 
0.009478 
0.006871 
0.004982 
0.003612 
0.002618 
0.001899 
0.001376 
0.000996 
0.001004 
0.000895 
0.001061 
0.000900 
0.000606 
0.000493 
0.000241 
0.000824 
0.001632 
0.001081 
0.000969 
0.000889 
0.000542 
0.001621 
0.001662 
0.002170 
0.003816 
0.003296 
0.004713 
0.006933 
0.006431 
0.005828 
0.005094 
0.003801 
0.002869 
0.002106 
0.001513 
0.001152 
0.000884 
0.000637 
0.000465 
0.000336 
0.000244 
0.000177 
0.000128 
0.000093 
0.000067 
0.000049 
0.000035 
0.000026 
0.000019 
0.000013 
0.000010 
0.000007 
0.000005 
0.000004 
0.000003 
0.000002 
0.000001 
0.000001 
0.000001 
0.000001 
0.000000 
0.000000 
0.000000 
0.000000 
0.000000 
0.000000 
0.000000 
0.000000 
0.000000 
0.000000 
0.000000 
0.000000 
0.000000 
0.000000 
0.000000 
0.000000 
0.000000 
0.000000 
0.000000 
0.000000 
0.000000 
0.000000 
0.000000 
0.000000 
0.000000 
0.000000 
0.000000 
0.000000 
0.000000 
0.000000 
0.000000 
0.000000 
0.000000 
0.000000 
0.000000 
0.000000 
0.000000 
0.000000 
0.000000 
0.000000 
0.000000 
0.000000 
0.000000 
0.000000 
0.000000 
0.000000 
0.000000 
0.000000 
0.000000 
0.000000 
0.000000 
0.000000 
0.000000 
0.000000 
0.000000 
0.000000 
0.000000 
0.000000 
0.000000 
0.000000 
0.000000 
0.000000 
0.000000 
0.000000 
0.000000 
0.000000 
0.000000 
0.000000 
0.000000 
0.000000 
0.000000 
0.000000 
0.000000 
0.000000 
0.000000 
0.000000 
0.000000 
0.000000 
0.000000 
0.000000 
0.000000 
0.000000 
0.000000 
0.000000 
0.000000 
0.000000 
0.000000 
0.000000 
0.000000 
0.000000 
0.000000 
0.000000 
0.000000 
0.000000 
0.000000 
0.000000 
0.000000 
0.000000 
0.000000 
0.000000 
0.000000 
0.000000 
0.000000 
0.000000 
0.000000 
0.000000 
0.000000 
0.000000 
0.000000 
0.000000 
0.000000 
0.000000 
0.000000 
0.000000 
0.000000 
0.000000 
0.000000 
0.000000 
0.000000 
0.000000 
0.000000 
0.000000 
0.000000 
0.000000 
0.000000 
0.000000 
0.000000 
0.000000 
0.000000 
0.000000 
0.000000 
0.000000 
0.000000 
0.000000 
-0.000000 
0.000000 
-0.000000 
0.000000 
-0.000001 
0.000006 
0.000011 
0.000012 
-0.000004 
0.000172 
0.000420 
0.000840 
0.001553 
0.001379 
0.000967 
0.000714 
0.000527 
0.000309 
0.000478 
-0.000315 
0.003986 
0.014656 
0.021717 
0.045005 
0.075424 
0.099601 
0.140536 
0.142431 
0.171736 
0.178415 
0.142662 
0.144090 
0.130786 
0.107384 
0.130519 
0.120969 
0.158257 
0.146705 
0.145729 
0.139687 
0.133531 
0.111761 
0.084672 
0.097123 
0.092730 
0.087544 
0.098836 
0.089228 
0.108947 
0.115441 
0.130045 
0.116315 
0.139793 
0.168169 
0.121272 
0.121391 
0.114069 
0.101094 
0.112201 
0.111232 
0.102048 
0.092625 
0.095968 
0.095839 
0.072434 
0.104720 
0.080255 
0.157824 
0.203079 
0.219628 
0.362295 
0.279265 
0.377934 
0.292411 
0.375704 
0.314650 
0.354749 
0.378300 
0.317998 
0.421018 
0.304471 
0.391408 
0.312154 
0.337420 
0.319579 
0.292520 
0.358365 
0.273527 
0.364892 
0.272543 
0.336581 
0.296920 
0.299010 
0.303988 
0.271255 
0.303834 
0.251163 
0.278957 
0.229886 
0.272523 
0.229027 
0.260454 
0.222536 
0.252549 
0.253761 
0.228629 
0.298436 
0.226976 
0.287351 
0.271075 
0.253560 
0.290661 
0.258635 
0.188526 
0.200650 
0.281000 
0.187513 
0.190317 
0.213330 
0.137767 
0.143289 
0.220716 
0.142413 
0.208930 
0.285248 
0.223387 
0.327853 
0.265868 
0.296774 
0.245845 
0.292753 
0.293147 
0.237793 
0.310332 
0.271544 
0.257961 
0.268270 
0.248011 
0.297350 
0.288022 
0.284104 
0.339981 
0.293751 
0.269093 
0.287214 
0.265251 
0.279245 
0.289336 
0.260032 
0.287941 
0.279068 
0.261136 
0.303182 
0.282627 
0.278103 
0.255427 
0.250642 
0.256216 
0.238021 
0.247840 
0.238600 
0.229081 
0.258702 
0.239122 
0.249098 
0.228698 
0.198600 
0.247383 
0.215590 
0.211566 
0.219253 
0.195994 
0.237275 
0.204847 
0.210238 
0.225779 
0.211015 
0.229081 
0.213925 
0.215700 
0.235747 
0.229617 
0.251228 
0.232896 
0.231363 
0.229276 
0.220410 
0.240555 
0.226454 
0.239917 
0.235941 
0.247316 
0.263897 
0.223486 
0.265589 
0.204145 
0.211676 
0.201000 
0.207256 
0.209443 
0.176823 
0.201114 
0.149972 
0.191677 
0.163386 
0.171174 
0.167295 
0.129589 
0.144121 
0.106718 
0.087621 
0.069297 
0.046078 
0.064359 
0.064466 
0.044097 
0.036251 
0.026162 
0.017932 
0.017899 
0.021518 
0.016968 
0.017385 
0.012651 
0.009511 
0.006964 
0.005914 
0.004373 
0.003143 
0.002291 
0.001657 
0.001202 
0.000871 
0.000632 
0.000458 
0.000332 
0.000241 
0.000175 
0.000127 
0.000092 
0.000066 
0.000048 
0.000035 
0.000025 
0.000018 
0.000013 
0.000010 
0.000007 
0.000005 
0.000003 
0.000005 
-0.000001 
0.000193 
0.000280 
0.000185 
0.000141 
0.000102 
0.000071 
0.000053 
0.000048 
0.000097 
0.002646 
0.005352 
0.010409 
0.006905 
0.092592 
0.132604 
0.131440 
0.136189 
0.147000 
0.111991 
0.107321 
0.127357 
0.115324 
0.095889 
0.079889 
0.071949 
0.083208 
0.085108 
0.067472 
0.057537 
0.056203 
0.054696 
0.062739 
0.069751 
0.053528 
0.052265 
0.042724 
0.035154 
0.035187 
0.046048 
0.092702 
0.092579 
0.181577 
0.167884 
0.286269 
0.251031 
0.363687 
0.306421 
0.391453 
0.329369 
0.385333 
0.343753 
0.365600 
0.347219 
0.336466 
0.345701 
0.313170 
0.353171 
0.298184 
0.353705 
0.284492 
0.339887 
0.273503 
0.341040 
0.274827 
0.303823 
0.253668 
0.271118 
0.246074 
0.240426 
0.234084 
0.218219 
0.225592 
0.200148 
0.213567 
0.185499 
0.240017 
0.185324 
0.216424 
0.194794 
0.135911 
0.106767 
0.076810 
0.055909 
0.042994 
0.031714 
0.023062 
0.024753 
0.036218 
0.034403 
0.053310 
0.044987 
0.035441 
0.043842 
0.115748 
0.119086 
0.196908 
0.189220 
0.217283 
0.217648 
0.239792 
0.219015 
0.243488 
0.214340 
0.265599 
0.214106 
0.285520 
0.241278 
0.300969 
0.287897 
0.277227 
0.285086 
0.259420 
0.303664 
0.268778 
0.326097 
0.295586 
0.287610 
0.301699 
0.289101 
0.325361 
0.302304 
0.313823 
0.320644 
0.308878 
0.321975 
0.310949 
0.336123 
0.312796 
0.302400 
0.299375 
0.317812 
0.314840 
0.299702 
0.305250 
0.277328 
0.302455 
0.294928 
0.307032 
0.286993 
0.307166 
0.306116 
0.307309 
0.315276 
0.281846 
0.273596 
0.257076 
0.305810 
0.273803 
0.299619 
0.299876 
0.283904 
0.297005 
0.253347 
0.282359 
0.248580 
0.272251 
0.294230 
0.261311 
0.279506 
0.263768 
0.279985 
0.273451 
0.289453 
0.288387 
0.258000 
0.285809 
0.250007 
0.289805 
0.268810 
0.279041 
0.298979 
0.275432 
0.309499 
0.258574 
0.310327 
0.271226 
0.285411 
0.290279 
0.256652 
0.290024 
0.236699 
0.269868 
0.233746 
0.221122 
0.202881 
0.176197 
0.199949 
0.158567 
0.181126 
0.137963 
0.151389 
0.138434 
0.119398 
0.130929 
0.091562 
0.076887 
0.057959 
0.041602 
0.030270 
0.041717 
0.032972 
0.043147 
0.055557 
0.040069 
0.045441 
0.034244 
0.032057 
0.024706 
0.034959 
0.030016 
0.030482 
0.027813 
0.030900 
0.028081 
0.023621 
0.019125 
0.023271 
0.020808 
0.019304 
0.015569 
0.013789 
0.012082 
0.014358 
0.012304 
0.011903 
0.009113 
0.008591 
0.010223 
0.009879 
0.010048 
0.009990 
0.007274 
0.006370 
0.007654 
0.010197 
0.017769 
0.015791 
0.015073 
0.036027 
0.042016 
0.027221 
0.027457 
0.018372 
0.097667 
0.134778 
0.199168 
0.217867 
0.221056 
0.220520 
0.221191 
0.221454 
0.211580 
0.218494 
0.201623 
0.218800 
0.181649 
0.207020 
0.174165 
0.217823 
0.189366 
0.196116 
0.178259 
0.211895 
0.204039 
0.195134 
0.185085 
0.191543 
0.203882 
0.186345 
0.209090 
0.190513 
0.224753 
0.185888 
0.237415 
0.196691 
0.221675 
0.218219 
0.218089 
0.238272 
0.205065 
0.230655 
0.188756 
0.218893 
0.174392 
0.216070 
0.181611 
0.196714 
0.184770 
0.175487 
0.200738 
0.172347 
0.209428 
0.170865 
0.200738 
0.159664 
0.190194 
0.184253 
0.174835 
0.172811 
0.146616 
0.185241 
0.146037 
0.184036 
0.155617 
0.172968 
0.170868 
0.152351 
0.188353 
0.135620 
0.138868 
0.113341 
0.077345 
0.069269 
0.055337 
0.049120 
0.087509 
0.062801 
0.073833 
0.084304 
0.060158 
0.053408 
0.041153 
0.039493 
0.030880 
0.035900 
0.027776 
0.020395 
0.017647 
0.017669 
0.015337 
0.016082 
0.014353 
0.013907 
0.012456 
0.013804 
0.009601 
0.007221 
0.005235 
0.003657 
0.003367 
0.003306 
0.002607 
0.003872 
0.002978 
0.002173 
0.002211 
0.001720 
0.001905 
0.002620 
0.002320 
0.001638 
0.001205 
0.000868 
0.000632 
0.000440 
0.000463 
0.000293 
0.004816 
0.005634 
0.038094 
0.072248 
0.130077 
0.162903 
0.125533 
0.102707 
0.112893 
0.117842 
0.089147 
0.074150 
0.063401 
0.050466 
0.044167 
0.035623 
0.040704 
0.031956 
0.056492 
0.040497 
0.088336 
0.146400 
0.151104 
0.301586 
0.229903 
0.362498 
0.296115 
0.350970 
0.351511 
0.318510 
0.375641 
0.296135 
0.371096 
0.287178 
0.373036 
0.299125 
0.345496 
0.305860 
0.298987 
0.281086 
0.279700 
0.319083 
0.266520 
0.324272 
0.252856 
0.334980 
0.261000 
0.329156 
0.285511 
0.270995 
0.267232 
0.219030 
0.261506 
0.189810 
0.205119 
0.162356 
0.130380 
0.119185 
0.082812 
0.061193 
0.044360 
0.031028 
0.056090 
0.047369 
0.056730 
0.081142 
0.059406 
0.087072 
0.064746 
0.081279 
0.081428 
0.065931 
0.084352 
0.062197 
0.076655 
0.059062 
0.084401 
0.073621 
0.147295 
0.161958 
0.234018 
0.250855 
0.285834 
0.268730 
0.284394 
0.271697 
0.302164 
0.295150 
0.283964 
0.284709 
0.266828 
0.278490 
0.247649 
0.285479 
0.241423 
0.292953 
0.243914 
0.307717 
0.244506 
0.303648 
0.250059 
0.298148 
0.252645 
0.282882 
0.255363 
0.265260 
0.277877 
0.243452 
0.277749 
0.225701 
0.273380 
0.218817 
0.308754 
0.241291 
0.311487 
0.258484 
0.293263 
0.268281 
0.280016 
0.307906 
0.264713 
0.324643 
0.256845 
0.314503 
0.243064 
0.320448 
0.255467 
0.291068 
0.244828 
0.273114 
0.254597 
0.245515 
0.238441 
0.225282 
0.242972 
0.212575 
0.235709 
0.202258 
0.236998 
0.186108 
0.210776 
0.165157 
0.206969 
0.173002 
0.186365 
0.158961 
0.145915 
0.147126 
0.108304 
0.115222 
0.084142 
0.074616 
0.071485 
0.056842 
0.074303 
0.055868 
0.059568 
0.048051 
0.042473 
0.035214 
0.037684 
0.034459 
0.034823 
0.033148 
0.027335 
0.025566 
0.017723 
0.013568 
0.009718 
0.007181 
0.005101 
0.005188 
0.004513 
0.004143 
0.005767 
0.004496 
0.005063 
0.003735 
0.004362 
0.003709 
0.003458 
0.003007 
0.002119 
0.001531 
0.001520 
0.003377 
0.002670 
0.003665 
0.003271 
0.002329 
0.001818 
0.001273 
0.001101 
0.000870 
0.000611 
0.000463 
0.000327 
0.001911 
0.004490 
0.006181 
0.005465 
0.003842 
0.002858 
0.002135 
0.004316 
0.009541 
0.015418 
0.030360 
0.095490 
0.157164 
0.194602 
0.176812 
0.124336 
0.126818 
0.164416 
0.138070 
0.114439 
0.104992 
0.083756 
0.082752 
0.075056 
0.077288 
0.065308 
0.077524 
0.063463 
0.059104 
0.055616 
0.048579 
0.043927 
0.043762 
0.052912 
0.052481 
0.048973 
0.055610 
0.063975 
0.082499 
0.112033 
0.122794 
0.160711 
0.172860 
0.222352 
0.214877 
0.304488 
0.245649 
0.319335 
0.246796 
0.344517 
0.278406 
0.343308 
0.311611 
0.339367 
0.380265 
0.321586 
0.399821 
0.300725 
0.364929 
0.277265 
0.363355 
0.306514 
0.349873 
0.361827 
0.324258 
0.389407 
0.298443 
0.375123 
0.284342 
0.373344 
0.301327 
0.360283 
0.345168 
0.335414 
0.388571 
0.304605 
0.380165 
0.277411 
0.319419 
0.246976 
0.299400 
0.301218 
0.302428 
0.361176 
0.297913 
0.383330 
0.290592 
0.377328 
0.300901 
0.377220 
0.332899 
0.351715 
0.347853 
0.333216 
0.368531 
0.317956 
0.396311 
0.309461 
0.389125 
0.302688 
0.396543 
0.327536 
0.364999 
0.325295 
0.339290 
0.338185 
0.316823 
0.348213 
0.297877 
0.350864 
0.279731 
0.355169 
0.278058 
0.357864 
0.290724 
0.336086 
0.289577 
0.316635 
0.305413 
0.300068 
0.322038 
0.277886 
0.321899 
0.265270 
0.339874 
0.265205 
0.335969 
0.269612 
0.334143 
0.283433 
0.314965 
0.291556 
0.294009 
0.296599 
0.272103 
0.285782 
0.264866 
0.311224 
0.261026 
0.322318 
0.253662 
0.313172 
0.247637 
0.306744 
0.250300 
0.320493 
0.281709 
0.288492 
0.258496 
0.264636 
0.274625 
0.261637 
0.299100 
0.244938 
0.271446 
0.223793 
0.276816 
0.221928 
0.259753 
0.236803 
0.249638 
0.227696 
0.228294 
0.232895 
0.237541 
0.244667 
0.238627 
0.256933 
0.249063 
0.268055 
0.246584 
0.287494 
0.258256 
0.257835 
0.257801 
0.261706 
0.293685 
0.261953 
0.293093 
0.285858 
0.313100 
0.306521 
0.313578 
0.334176 
0.335419 
0.346458 
0.324461 
0.351350 
0.316559 
0.340716 
0.305272 
0.310894 
0.318495 
0.292274 
0.321502 
0.274297 
0.303240 
0.276830 
0.270340 
0.263940 
0.244668 
0.272966 
0.216428 
0.257977 
0.229699 
0.210347 
0.235578 
0.178484 
0.241638 
0.212269 
0.192470 
0.229876 
0.162030 
0.235068 
0.225322 
0.194401 
0.259036 
0.176360 
0.221796 
0.231071 
0.168877 
0.266748 
0.212474 
0.220236 
0.267593 
0.180643 
0.245210 
0.229814 
0.192450 
0.265326 
0.194698 
0.231592 
0.267249 
0.200029 
0.277217 
0.230828 
0.228034 
0.284462 
0.208602 
0.272678 
0.249523 
0.221384 
0.291750 
0.221627 
0.270874 
0.253135 
0.223393 
0.309109 
0.240012 
0.286489 
0.275622 
0.257607 
0.336977 
0.256042 
0.325698 
0.278531 
0.288644 
0.309107 
0.241431 
0.317430 
0.226059 
0.295135 
0.277532 
0.253550 
0.274156 
0.219178 
0.253499 
0.216161 
0.192170 
0.215198 
0.165359 
0.202125 
0.172828 
0.175377 
0.170603 
0.131625 
0.133179 
0.111163 
0.131401 
0.107429 
0.117594 
0.097580 
0.103256 
0.099945 
0.091040 
0.096840 
0.088248 
0.115551 
0.079533 
0.108155 
0.095623 
0.089213 
0.091630 
0.084704 
0.133869 
0.095287 
0.119122 
0.111118 
0.104754 
0.100049 
0.065138 
0.095354 
0.085953 
0.071596 
0.063565 
0.043847 
0.047703 
0.037119 
0.044220 
0.039664 
0.045975 
0.055201 
0.040534 
0.039309 
0.028891 
0.042135 
0.049554 
0.038216 
0.040979 
0.028026 
0.035730 
0.036916 
0.037441 
0.041010 
0.037569 
0.033988 
0.029007 
0.022245 
0.027483 
0.033033 
0.038305 
0.039986 
0.038476 
0.040947 
0.032810 
0.034507 
0.035468 
0.037004 
0.031890 
0.038886 
0.046444 
0.043740 
0.040182 
0.030223 
0.038425 
0.040587 
0.029013 
0.027096 
0.025360 
0.026095 
0.025691 
0.026606 
0.021891 
0.023540 
0.025070 
0.022684 
0.020827 
0.025783 
0.036168 
0.038448 
0.032872 
0.027170 
0.022353 
0.022384 
0.025342 
0.020600 
0.023499 
0.030758 
0.022121 
0.021849 
0.018733 
0.022787 
0.021293 
0.022988 
0.029709 
0.023776 
0.018001 
0.023070 
0.020317 
0.035728 
0.052338 
0.073339 
0.145515 
0.166665 
0.238215 
0.255802 
0.320562 
0.309634 
0.326326 
0.323062 
0.321867 
0.317828 
0.302096 
0.300164 
0.273231 
0.287602 
0.265635 
0.294832 
0.270102 
0.292268 
0.271925 
0.284349 
0.274539 
0.280935 
0.274696 
0.266747 
0.284606 
0.277085 
0.298512 
0.275626 
0.294203 
0.266592 
0.300477 
0.273936 
0.308820 
0.280789 
0.297679 
0.264713 
0.279226 
0.255721 
0.259956 
0.223873 
0.233349 
0.167141 
0.141389 
0.101319 
0.078738 
0.072198 
0.066631 
0.073690 
0.074867 
0.095117 
0.077580 
0.076578 
0.066269 
0.061153 
0.081215 
0.084307 
0.089740 
0.082530 
0.092758 
0.092499 
0.109776 
0.093777 
0.095138 
0.108715 
0.137869 
0.170431 
0.278201 
0.281840 
0.272647 
0.272746 
0.291317 
0.304156 
0.321801 
0.294765 
0.275411 
0.289792 
0.278375 
0.287181 
0.289790 
0.305894 
0.306442 
0.297310 
0.293690 
0.269585 
0.268595 
0.256081 
0.284592 
0.265442 
0.262125 
0.269468 
0.283953 
0.273076 
0.264492 
0.270855 
0.254913 
0.270707 
0.267202 
0.298034 
0.284121 
0.288472 
0.295019 
0.290012 
0.295281 
0.286404 
0.264640 
0.254353 
0.276317 
0.273474 
0.279062 
0.273890 
0.263196 
0.253093 
0.241229 
0.257482 
0.252402 
0.258713 
0.235287 
0.218772 
0.215770 
0.203342 
0.205111 
0.184586 
0.176791 
0.143545 
0.112974 
0.088841 
0.066015 
0.051947 
0.038764 
0.029410 
0.028120 
0.026685 
0.028613 
0.028125 
0.030629 
0.032508 
0.034790 
0.034529 
0.035109 
0.035526 
0.024781 
0.019598 
0.015115 
0.010839 
0.009173 
0.008103 
0.008443 
0.008942 
0.006271 
0.004578 
0.003527 
0.002838 
0.002257 
0.001676 
0.001203 
0.000877 
0.000634 
0.000460 
0.000334 
0.000242 
0.000175 
0.000127 
0.000092 
0.000067 
0.000048 
0.000035 
0.000026 
0.000018 
0.000014 
0.000095 
0.000103 
0.000101 
0.000161 
0.000740 
0.001241 
0.001540 
0.002112 
0.009432 
0.018497 
0.020744 
0.022272 
0.025520 
0.030671 
0.034196 
0.025478 
0.024921 
0.014916 
0.072857 
0.133218 
0.182602 
0.192996 
0.258608 
0.257360 
0.282545 
0.265984 
0.263428 
0.286738 
0.291857 
0.288951 
0.278716 
0.291942 
0.281808 
0.280886 
0.294529 
0.296063 
0.308700 
0.298767 
0.323417 
0.310616 
0.325308 
0.319328 
0.342087 
0.323467 
0.317473 
0.325838 
0.324432 
0.336958 
0.320850 
0.336859 
0.312171 
0.338838 
0.309710 
0.326602 
0.296387 
0.317006 
0.285961 
0.296059 
0.264874 
0.260680 
0.238751 
0.240130 
0.203433 
0.191281 
0.150340 
0.137710 
0.099349 
0.077995 
0.054322 
0.048487 
0.042392 
0.044245 
0.041834 
0.043596 
0.040746 
0.036780 
0.041951 
0.039329 
0.036041 
0.028797 
0.020106 
0.014806 
0.010792 
0.007455 
0.007198 
0.007919 
0.005497 
0.004122 
0.002956 
0.002149 
0.001558 
0.001128 
0.000822 
0.000583 
0.000515 
0.000438 
0.000304 
0.000225 
0.000162 
0.000117 
0.000085 
0.000062 
0.000045 
0.000032 
0.000024 
0.000017 
0.000012 
0.000009 
0.000006 
0.000005 
0.000003 
0.000002 
0.000002 
0.000001 
0.000001 
0.000001 
0.000000 
0.000001 
-0.000002 
0.000006 
-0.000017 
0.000209 
0.000599 
0.000856 
0.000800 
0.000735 
0.001439 
0.002494 
0.002719 
0.002957 
0.004859 
0.006388 
0.006356 
0.008801 
0.013431 
0.018989 
0.044556 
0.058018 
0.044034 
0.037233 
0.025965 
0.027950 
0.042974 
0.052297 
0.090254 
0.082234 
0.098343 
0.124565 
0.102389 
0.291776 
0.242807 
0.298824 
0.308423 
0.278197 
0.359520 
0.257379 
0.339039 
0.253883 
0.308469 
0.309448 
0.270377 
0.374123 
0.259531 
0.316478 
0.252185 
0.267761 
0.350364 
0.241831 
0.346630 
0.273049 
0.271276 
0.307512 
0.215884 
0.339748 
0.265855 
0.277467 
0.334982 
0.225371 
0.327816 
0.270106 
0.245983 
0.305991 
0.209405 
0.305201 
0.263188 
0.232547 
0.310352 
0.206526 
0.260392 
0.261788 
0.184854 
0.291625 
0.227302 
0.222127 
0.282376 
0.182653 
0.285305 
0.292779 
0.203092 
0.284715 
0.221021 
0.202911 
0.262167 
0.169725 
0.236905 
0.254840 
0.170830 
0.296173 
0.265878 
0.210603 
0.276776 
0.188564 
0.221938 
0.257004 
0.177133 
0.231348 
0.189501 
0.171036 
0.295546 
0.217953 
0.203750 
0.279919 
0.187964 
0.236636 
0.266959 
0.166055 
0.244240 
0.242549 
0.189539 
0.245044 
0.194245 
0.185582 
0.262248 
0.200269 
0.252789 
0.247558 
0.174517 
0.286697 
0.244635 
0.211179 
0.294857 
0.197636 
0.245462 
0.308658 
0.203332 
0.239905 
0.205505 
0.159767 
0.251321 
0.187392 
0.190131 
0.264830 
0.168206 
0.228472 
0.305536 
0.218779 
0.255821 
0.242565 
0.208282 
0.342870 
0.255585 
0.225160 
0.303547 
0.205789 
0.264432 
0.287078 
0.190377 
0.293875 
0.277640 
0.218639 
0.306247 
0.246716 
0.268806 
0.306892 
0.219847 
0.265067 
0.226111 
0.176485 
0.323702 
0.260096 
0.241595 
0.321001 
0.233380 
0.264911 
0.260191 
0.206296 
0.259244 
0.194682 
0.240567 
0.312728 
0.227126 
0.299075 
0.243037 
0.214651 
0.320744 
0.235654 
0.220851 
0.272697 
0.213609 
0.262102 
0.219606 
0.214964 
0.317613 
0.224553 
0.244819 
0.277178 
0.214803 
0.285724 
0.242261 
0.259106 
0.318409 
0.232113 
0.302138 
0.246969 
0.210610 
0.294465 
0.206078 
0.240903 
0.235335 
0.196011 
0.306438 
0.217659 
0.249845 
0.271552 
0.190882 
0.253173 
0.230864 
0.233305 
0.273584 
0.201007 
0.226270 
0.229168 
0.199084 
0.258386 
0.197706 
0.152369 
0.234294 
0.236556 
0.250872 
0.280879 
0.259584 
0.271433 
0.222390 
0.181832 
0.224343 
0.221815 
0.192712 
0.296978 
0.281263 
0.223268 
0.254782 
0.209411 
0.174022 
0.228941 
0.182224 
0.163459 
0.266515 
0.238708 
0.200665 
0.262131 
0.247606 
0.219196 
0.231354 
0.196974 
0.140028 
0.139608 
0.135521 
0.099740 
0.090493 
0.072129 
0.057698 
0.066342 
0.057733 
0.041893 
0.051272 
0.060472 
0.061281 
0.069069 
0.056057 
0.040249 
0.036803 
0.033862 
0.026167 
0.021509 
0.015350 
0.012112 
0.012428 
0.013330 
0.010856 
0.009370 
0.007935 
0.005981 
0.007095 
0.008144 
0.006995 
0.006405 
0.006676 
0.005217 
0.005159 
0.004526 
0.003528 
0.003992 
0.004510 
0.004882 
0.005920 
0.005278 
0.003719 
0.002737 
0.001972 
0.001431 
0.001041 
0.000748 
0.000622 
0.000814 
0.000707 
0.000503 
0.002061 
0.002362 
0.002575 
0.010245 
0.020319 
0.020798 
0.016702 
0.018584 
0.019561 
0.018067 
0.016574 
0.021026 
0.027159 
0.025813 
0.023774 
0.032560 
0.042920 
0.038406 
0.032198 
0.025729 
0.025121 
0.024819 
0.020271 
0.023916 
0.029836 
0.025492 
0.028436 
0.035845 
0.034887 
0.028823 
0.035218 
0.055133 
0.049318 
0.036122 
0.030382 
0.027194 
0.036348 
0.046665 
0.051266 
0.042910 
0.034646 
0.034435 
0.042982 
0.040682 
0.042717 
0.055540 
0.052127 
0.051473 
0.042123 
0.039380 
0.056368 
0.067602 
0.052603 
0.044840 
0.036312 
0.034953 
0.039213 
0.036490 
0.032329 
0.038622 
0.037959 
0.039345 
0.035659 
0.033416 
0.040170 
0.056962 
0.074278 
0.089404 
0.069163 
0.053232 
0.046535 
0.041857 
0.043785 
0.059760 
0.047235 
0.049242 
0.049684 
0.040472 
0.035616 
0.041076 
0.058993 
0.057570 
0.049945 
0.063121 
0.089335 
0.078184 
0.063248 
0.083385 
0.086761 
0.100201 
0.081606 
0.069443 
0.056844 
0.056155 
0.049621 
0.056595 
0.059024 
0.050118 
0.059513 
0.058456 
0.058180 
0.070299 
0.069242 
0.062390 
0.054898 
0.053367 
0.055300 
0.044058 
0.048583 
0.057420 
0.071467 
0.057798 
0.052424 
0.060059 
0.066597 
0.056273 
0.043606 
0.048603 
0.061226 
0.055357 
0.053428 
0.047256 
0.044214 
0.059061 
0.082751 
0.065926 
0.060533 
0.053984 
0.052983 
0.075431 
0.074346 
0.056440 
0.042152 
0.051169 
0.073699 
0.072534 
0.056288 
0.045357 
0.061952 
0.077667 
0.069334 
0.058548 
0.046594 
0.037309 
0.041269 
0.053407 
0.044361 
0.041897 
0.039111 
0.037230 
0.038534 
0.044408 
0.049231 
0.037305 
0.036273 
0.042790 
0.052004 
0.068765 
0.061390 
0.046396 
0.047006 
0.053691 
0.047373 
0.050543 
0.049742 
0.041898 
0.033304 
0.040971 
0.049204 
0.036334 
0.029665 
0.031430 
0.031437 
0.031471 
0.033725 
0.035322 
0.032470 
0.025474 
0.025201 
0.023534 
0.022986 
0.022924 
0.028044 
0.026545 
0.024955 
0.026794 
0.027307 
0.031051 
0.030615 
0.034268 
0.027801 
0.027908 
0.029291 
0.024748 
0.021785 
0.020130 
0.022710 
0.015786 
0.018069 
0.023426 
0.026029 
0.027835 
0.026789 
0.022710 
0.028414 
0.026186 
0.022551 
0.023026 
0.022413 
0.020564 
0.016802 
0.016118 
0.017567 
0.015301 
0.013734 
0.011191 
0.011099 
0.015184 
0.016220 
0.015553 
0.017906 
0.014957 
0.011756 
0.008677 
0.011367 
0.016405 
0.012873 
0.009128 
0.006763 
0.004726 
0.003911 
0.006268 
0.006708 
0.009384 
0.007622 
0.010067 
0.014736 
0.013559 
0.010332 
0.011973 
0.010553 
0.007648 
0.006747 
0.005080 
0.003660 
0.005088 
0.009218 
0.008859 
0.007103 
0.009253 
0.009368 
0.008139 
0.009411 
0.011431 
0.011627 
0.012987 
0.014203 
0.011916 
0.009145 
0.008060 
0.007783 
0.006146 
0.004473 
0.004862 
0.005199 
0.004213 
0.003185 
0.002686 
0.002134 
0.001971 
0.002893 
0.002345 
0.001658 
0.001220 
0.000878 
0.000638 
0.000462 
0.000335 
0.000243 
0.000176 
0.000128 
0.000093 
0.000067 
0.000049 
0.000035 
0.000026 
0.000019 
0.000013 
0.000010 
0.000007 
0.000005 
0.000004 
0.000003 
0.000002 
0.000001 
0.000001 
0.000001 
0.000001 
0.000000 
0.000000 
0.000000 
0.000000 
0.000000 
0.000000 
0.000000 
0.000000 
0.000000 
0.000000 
0.000000 
0.000000 
0.000000 
0.000000 
0.000000 
0.000000 
0.000000 
0.000000 
0.000000 
0.000000 
0.000000 
0.000000 
0.000000 
0.000000 
0.000000 
0.000000 
0.000000 
0.000000 
0.000000 
0.000000 
0.000000 
0.000000 
0.000000 
0.000000 
0.000000 
0.000000 
0.000000 
0.000000 
0.000000 
0.000000 
0.000000 
0.000000 
0.000000 
0.000000 
0.000000 
0.000000 
0.000000 
0.000000 
0.000000 
0.000000 
0.000000 
0.000000 
0.000000 
0.000000 
0.000000 
0.000000 
0.000000 
0.000000 
0.000000 
0.000000 
0.000000 
0.000000 
0.000000 
0.000000 
0.000000 
0.000000 
0.000000 
0.000000 
0.000000 
0.000000 
0.000000 
0.000000 
0.000000 
0.000000 
0.000000 
0.000000 
0.000000 
0.000000 
0.000000 
0.000000 
0.000000 
0.000000 
0.000000 
0.000000 
0.000000 
0.000000 
0.000000 
0.000000 
0.000000 
0.000000 
0.000000 
0.000000 
