[ASCII 1000Hz, Channels: 1, Samples: 6848, Flags: 0]                          
0.000000 
0.000000 
0.000000 
0.000000 
0.000000 
0.000000 
0.000000 
0.000000 
0.000000 
0.000000 
0.000000 
0.000000 
0.000000 
0.000000 
0.000000 
0.000000 
0.000000 
0.000000 
0.000000 
0.000000 
0.000000 
0.000000 
0.000000 
0.000000 
0.000000 
0.000000 
0.000000 
0.000000 
0.000000 
0.000000 
0.000000 
0.000000 
0.000000 
0.000000 
0.000000 
0.000000 
0.000000 
0.000000 
0.000000 
0.000000 
0.000000 
0.000000 
0.000000 
0.000000 
0.000000 
0.000000 
0.000000 
0.000000 
0.000000 
0.000000 
0.000000 
0.000000 
0.000000 
0.000000 
0.000000 
0.000000 
0.000000 
0.000000 
0.000000 
-0.000000 
-0.000000 
0.000000 
-0.000000 
0.000000 
-0.000003 
0.000094 
0.000206 
0.001154 
0.000654 
0.002527 
0.002619 
0.015069 
0.027830 
0.040636 
0.059482 
0.072094 
0.066639 
0.092145 
0.161874 
0.116987 
0.091457 
0.152296 
0.145625 
0.095698 
0.148323 
0.153859 
0.102007 
0.112056 
0.102157 
0.072976 
0.095279 
0.107521 
0.085355 
0.085172 
0.085811 
0.062250 
0.085813 
0.090177 
0.075964 
0.065257 
0.060857 
0.071432 
0.079855 
0.086862 
0.080111 
0.071292 
0.057363 
0.067682 
0.071874 
0.060881 
0.060616 
0.055321 
0.063552 
0.057001 
0.042609 
0.037537 
0.036210 
0.051988 
0.066111 
0.051535 
0.043425 
0.045812 
0.057542 
0.057708 
0.058118 
0.050446 
0.047659 
0.047662 
0.042381 
0.039606 
0.036504 
0.045869 
0.039413 
0.045533 
0.051047 
0.054661 
0.055107 
0.045486 
0.049148 
0.050842 
0.054712 
0.054622 
0.070189 
0.078395 
0.064276 
0.066369 
0.064423 
0.060293 
0.061391 
0.049028 
0.062020 
0.073071 
0.063584 
0.065709 
0.059434 
0.049972 
0.052059 
0.056286 
0.050077 
0.045773 
0.047355 
0.061659 
0.056046 
0.053440 
0.052908 
0.049254 
0.073474 
0.097859 
0.089032 
0.077376 
0.060333 
0.053172 
0.060209 
0.062259 
0.056612 
0.048226 
0.057009 
0.071426 
0.082476 
0.076230 
0.075060 
0.069910 
0.060717 
0.069908 
0.071035 
0.060692 
0.055152 
0.072489 
0.073825 
0.057316 
0.067889 
0.088393 
0.076752 
0.077491 
0.102157 
0.101566 
0.088399 
0.096086 
0.107689 
0.089070 
0.090019 
0.105225 
0.113726 
0.135179 
0.130381 
0.100358 
0.089969 
0.129129 
0.140353 
0.110899 
0.138324 
0.123411 
0.129744 
0.265897 
0.207675 
0.310360 
0.270736 
0.276288 
0.229636 
0.290165 
0.274126 
0.299915 
0.277582 
0.298308 
0.285005 
0.297165 
0.289959 
0.290300 
0.302640 
0.266393 
0.273431 
0.262005 
0.321250 
0.267949 
0.327615 
0.258687 
0.324729 
0.248665 
0.340818 
0.287554 
0.334116 
0.280769 
0.317495 
0.311263 
0.307693 
0.317131 
0.281650 
0.339725 
0.273489 
0.339735 
0.253738 
0.333547 
0.265704 
0.330369 
0.301435 
0.301137 
0.286731 
0.284256 
0.338417 
0.279268 
0.344900 
0.257336 
0.318257 
0.249443 
0.229611 
0.210708 
0.145215 
0.107536 
0.078138 
0.054681 
0.046799 
0.077453 
0.059609 
0.052139 
0.061307 
0.074668 
0.092494 
0.060077 
0.146008 
0.141304 
0.151975 
0.199670 
0.152978 
0.194356 
0.145725 
0.152771 
0.123899 
0.105564 
0.088969 
0.069342 
0.058999 
0.058493 
0.096040 
0.074784 
0.162148 
0.130995 
0.257923 
0.267443 
0.296654 
0.317117 
0.308837 
0.351391 
0.317520 
0.372716 
0.309790 
0.360137 
0.287572 
0.338415 
0.269372 
0.353958 
0.280609 
0.326794 
0.263420 
0.330633 
0.301760 
0.311723 
0.320949 
0.284826 
0.325854 
0.258143 
0.315956 
0.240531 
0.325821 
0.252199 
0.313584 
0.272211 
0.290408 
0.286321 
0.270694 
0.332694 
0.267591 
0.325734 
0.252233 
0.325853 
0.260197 
0.312911 
0.275594 
0.275874 
0.269338 
0.250621 
0.296989 
0.240508 
0.303239 
0.236849 
0.293095 
0.230566 
0.307417 
0.261017 
0.328550 
0.301454 
0.327226 
0.318897 
0.313103 
0.341242 
0.286708 
0.323617 
0.265768 
0.311139 
0.246510 
0.286048 
0.239687 
0.300828 
0.259041 
0.335401 
0.282626 
0.334507 
0.277232 
0.344556 
0.293868 
0.343985 
0.291516 
0.350494 
0.302805 
0.355005 
0.303584 
0.333592 
0.284069 
0.331170 
0.286239 
0.325590 
0.279561 
0.306202 
0.261558 
0.332116 
0.287605 
0.318819 
0.275669 
0.310203 
0.266661 
0.294621 
0.254772 
0.301921 
0.259850 
0.285655 
0.251783 
0.280274 
0.252124 
0.280045 
0.264084 
0.289883 
0.275360 
0.290418 
0.272636 
0.266719 
0.271226 
0.263988 
0.274604 
0.245751 
0.285827 
0.260710 
0.290318 
0.264183 
0.301253 
0.264158 
0.277814 
0.250492 
0.277270 
0.262969 
0.284317 
0.270645 
0.280999 
0.272413 
0.270484 
0.273695 
0.259888 
0.269263 
0.253390 
0.270588 
0.249068 
0.261601 
0.244001 
0.245784 
0.225487 
0.233807 
0.206815 
0.208488 
0.212839 
0.205167 
0.219590 
0.212972 
0.205801 
0.198642 
0.204849 
0.194260 
0.193464 
0.181299 
0.193044 
0.182221 
0.196544 
0.197153 
0.175133 
0.183887 
0.179503 
0.179796 
0.173430 
0.177629 
0.184427 
0.182812 
0.184806 
0.164147 
0.148006 
0.113631 
0.082542 
0.059339 
0.051795 
0.046644 
0.049817 
0.049111 
0.044581 
0.038336 
0.030817 
0.026607 
0.023717 
0.019043 
0.015656 
0.010918 
0.008207 
0.006087 
0.004919 
0.003909 
0.002759 
0.002027 
0.001461 
0.001061 
0.000769 
0.000558 
0.000404 
0.000293 
0.000212 
0.000154 
0.000112 
0.000081 
0.000059 
0.000043 
0.000031 
0.000022 
0.000016 
0.000012 
0.000009 
0.000006 
0.000004 
0.000003 
0.000002 
0.000002 
0.000001 
0.000001 
0.000001 
0.000000 
0.000000 
0.000000 
0.000000 
0.000000 
0.000000 
0.000000 
0.000000 
0.000000 
0.000000 
0.000000 
0.000000 
0.000000 
0.000000 
0.000000 
0.000000 
0.000000 
0.000000 
0.000000 
0.000000 
-0.000000 
0.000000 
0.000000 
-0.000001 
0.000002 
-0.000005 
0.000056 
0.000081 
0.000113 
-0.000098 
0.001285 
0.003624 
0.009234 
0.012235 
0.008423 
0.091526 
0.187230 
0.162237 
0.126736 
0.101616 
0.076699 
0.053982 
0.052081 
0.062993 
0.053663 
0.056390 
0.059192 
0.045482 
0.037760 
0.034195 
0.039330 
0.068282 
0.076137 
0.087074 
0.078081 
0.063083 
0.063253 
0.049382 
0.039612 
0.031646 
0.037841 
0.046237 
0.066113 
0.082610 
0.101874 
0.105119 
0.114317 
0.110751 
0.152554 
0.147756 
0.193533 
0.191784 
0.255775 
0.237155 
0.267344 
0.230806 
0.276474 
0.229254 
0.266312 
0.219732 
0.265269 
0.222463 
0.254188 
0.208388 
0.236762 
0.213753 
0.221243 
0.203790 
0.221613 
0.229186 
0.205342 
0.229375 
0.194312 
0.230933 
0.187775 
0.247717 
0.202128 
0.265575 
0.216562 
0.232299 
0.202308 
0.214686 
0.208114 
0.189857 
0.201236 
0.149741 
0.162184 
0.118967 
0.117963 
0.092762 
0.085449 
0.077739 
0.068287 
0.072495 
0.064775 
0.073518 
0.063293 
0.071731 
0.049145 
0.039451 
0.040241 
0.040803 
0.043304 
0.036840 
0.027852 
0.022277 
0.026612 
0.019519 
0.014062 
0.010274 
0.007994 
0.007862 
0.007276 
0.007572 
0.005501 
0.003981 
0.002894 
0.002095 
0.001515 
0.001161 
0.000873 
0.000625 
0.000456 
0.000330 
0.000239 
0.000173 
0.000126 
0.000091 
0.000066 
0.000048 
0.000035 
0.000025 
0.000018 
0.000013 
0.000013 
0.000015 
0.000010 
0.000008 
0.000005 
0.000004 
0.000003 
0.000002 
0.000001 
0.000001 
0.000001 
0.000001 
0.000000 
0.000000 
0.000000 
0.000000 
0.000000 
0.000000 
0.000000 
0.000000 
0.000000 
0.000000 
0.000000 
0.000000 
0.000000 
0.000000 
0.000000 
0.000000 
0.000000 
0.000000 
0.000000 
0.000000 
0.000000 
0.000000 
0.000000 
0.000000 
0.000000 
0.000000 
0.000000 
0.000000 
0.000000 
0.000000 
0.000000 
0.000000 
0.000000 
0.000000 
0.000000 
0.000000 
0.000000 
0.000000 
0.000000 
0.000000 
0.000000 
0.000000 
0.000000 
0.000000 
0.000000 
-0.000000 
0.000000 
0.000000 
0.000000 
-0.000000 
0.000001 
0.000008 
0.000070 
0.000092 
0.000045 
0.000283 
0.000744 
0.000825 
0.000608 
0.000446 
0.000337 
0.000247 
0.000170 
0.000174 
0.000194 
0.000132 
0.000108 
0.000060 
0.000872 
0.001219 
0.000798 
0.000720 
-0.000038 
0.003009 
0.003899 
0.052562 
0.113259 
0.143396 
0.169574 
0.113746 
0.157448 
0.219615 
0.238860 
0.216657 
0.192871 
0.210530 
0.257936 
0.289344 
0.299384 
0.244801 
0.217153 
0.262709 
0.259551 
0.283781 
0.261212 
0.256869 
0.245442 
0.256807 
0.262529 
0.253947 
0.244892 
0.234324 
0.243251 
0.223337 
0.242032 
0.215211 
0.225641 
0.202638 
0.235523 
0.215287 
0.224340 
0.207239 
0.215520 
0.203025 
0.214100 
0.211495 
0.214143 
0.216175 
0.213200 
0.228625 
0.230070 
0.237492 
0.239709 
0.237647 
0.235838 
0.246765 
0.242916 
0.248703 
0.261397 
0.245898 
0.261494 
0.263496 
0.257366 
0.256972 
0.263246 
0.258170 
0.261033 
0.261650 
0.253736 
0.274437 
0.271394 
0.262618 
0.255723 
0.255572 
0.259455 
0.265224 
0.272863 
0.271130 
0.265845 
0.264951 
0.264477 
0.257895 
0.259632 
0.262793 
0.262708 
0.262847 
0.262093 
0.257214 
0.255393 
0.261856 
0.257959 
0.259974 
0.254495 
0.235629 
0.240114 
0.226578 
0.239435 
0.219221 
0.210631 
0.208784 
0.212216 
0.208173 
0.196820 
0.206239 
0.191026 
0.185090 
0.194585 
0.204280 
0.205008 
0.201761 
0.218859 
0.208129 
0.218524 
0.207646 
0.208247 
0.211909 
0.215222 
0.227993 
0.219042 
0.240469 
0.219886 
0.220154 
0.200230 
0.203792 
0.207317 
0.230044 
0.208158 
0.196831 
0.151807 
0.131702 
0.142923 
0.142286 
0.137392 
0.145300 
0.144448 
0.157032 
0.122094 
0.103691 
0.103529 
0.078285 
0.118628 
0.115880 
0.148630 
0.161196 
0.122462 
0.098807 
0.097466 
0.115620 
0.092193 
0.069730 
0.064367 
0.054681 
0.068358 
0.072632 
0.110131 
0.115129 
0.084842 
0.083362 
0.095551 
0.093390 
0.086337 
0.083759 
0.063209 
0.049750 
0.042818 
0.059737 
0.061060 
0.054441 
0.049256 
0.035649 
0.032751 
0.028803 
0.020461 
0.026064 
0.030039 
0.023101 
0.016999 
0.013982 
0.009731 
0.009041 
0.011338 
0.010185 
0.008304 
0.005895 
0.004379 
0.003204 
0.002316 
0.001682 
0.001219 
0.000884 
0.000640 
0.000469 
0.000321 
0.000284 
0.000087 
0.000575 
0.004255 
0.007556 
0.009485 
0.010885 
0.009683 
0.008929 
0.010264 
0.009049 
0.010304 
0.008245 
0.011307 
0.022441 
0.032244 
0.038103 
0.034532 
0.038068 
0.037416 
0.032453 
0.035086 
0.034239 
0.029909 
0.025490 
0.023311 
0.024027 
0.030671 
0.040479 
0.042946 
0.034747 
0.025501 
0.025302 
0.032573 
0.028594 
0.031891 
0.036481 
0.044891 
0.049512 
0.045739 
0.050702 
0.054245 
0.047018 
0.047012 
0.042476 
0.042782 
0.039744 
0.037835 
0.028626 
0.030094 
0.029494 
0.038135 
0.041020 
0.039451 
0.034519 
0.034211 
0.047698 
0.050958 
0.047020 
0.043269 
0.045082 
0.048733 
0.041018 
0.053214 
0.060659 
0.061544 
0.062546 
0.059487 
0.056474 
0.056392 
0.063808 
0.063123 
0.057026 
0.063616 
0.069766 
0.070446 
0.062863 
0.055264 
0.053929 
0.056543 
0.053375 
0.046168 
0.043322 
0.039400 
0.040312 
0.041788 
0.044098 
0.050915 
0.047533 
0.036370 
0.042468 
0.051937 
0.054995 
0.047159 
0.041251 
0.046982 
0.044303 
0.045690 
0.045011 
0.046050 
0.059799 
0.062304 
0.056866 
0.053318 
0.049310 
0.038627 
0.046186 
0.056377 
0.057304 
0.053242 
0.041450 
0.046345 
0.055847 
0.043931 
0.036228 
0.030079 
0.031254 
0.045464 
0.051851 
0.043161 
0.043647 
0.044239 
0.042820 
0.040161 
0.037562 
0.037084 
0.038108 
0.039621 
0.046901 
0.039478 
0.032058 
0.038986 
0.046664 
0.039079 
0.035303 
0.035950 
0.040987 
0.046249 
0.039034 
0.035020 
0.030208 
0.028283 
0.031162 
0.041714 
0.044604 
0.033509 
0.032919 
0.032560 
0.030129 
0.032327 
0.036938 
0.031777 
0.024961 
0.023487 
0.022812 
0.020987 
0.020313 
0.018092 
0.021152 
0.026351 
0.025411 
0.023438 
0.020022 
0.019027 
0.025048 
0.025010 
0.019755 
0.019078 
0.019627 
0.016749 
0.013382 
0.014764 
0.017679 
0.017964 
0.013735 
0.014758 
0.017307 
0.016089 
0.016725 
0.020417 
0.019085 
0.016285 
0.014130 
0.013362 
0.012256 
0.009178 
0.007768 
0.008725 
0.010172 
0.010952 
0.008818 
0.010197 
0.009879 
0.012671 
0.013334 
0.011336 
0.008766 
0.006484 
0.004859 
0.008929 
0.013110 
0.016199 
0.018407 
0.014270 
0.010492 
0.008596 
0.008586 
0.009096 
0.008315 
0.006644 
0.008602 
0.007190 
0.005768 
0.008337 
0.008543 
0.007827 
0.007439 
0.007705 
0.005945 
0.005403 
0.006986 
0.008729 
0.009029 
0.007092 
0.005084 
0.003585 
0.003542 
0.005392 
0.004489 
0.003153 
0.002324 
0.001680 
0.001235 
0.000961 
0.001951 
0.002499 
0.001927 
0.001689 
0.001211 
0.001542 
0.001925 
0.002136 
0.002136 
0.002483 
0.002785 
0.001904 
0.001609 
0.001675 
0.002841 
0.004712 
0.004489 
0.003386 
0.003229 
0.002872 
0.002905 
0.003043 
0.003053 
0.002833 
0.002558 
0.002028 
0.001487 
0.001125 
0.001106 
0.001329 
0.001201 
0.000994 
0.000748 
0.000543 
0.000778 
0.001030 
0.000783 
0.000591 
0.000672 
0.000602 
0.000429 
0.000307 
0.000277 
0.000232 
0.000197 
0.000344 
0.000341 
0.000238 
0.000166 
0.000195 
0.000473 
0.000922 
0.001233 
0.001404 
0.001276 
0.001166 
0.000972 
0.000837 
0.000813 
0.000826 
0.000774 
0.000576 
0.000416 
0.000302 
0.000219 
0.000159 
0.000115 
0.000084 
0.000060 
0.000064 
0.000212 
0.000426 
0.000504 
0.000491 
0.000451 
0.000334 
0.000236 
0.000294 
0.000286 
0.000198 
0.000147 
0.000106 
0.000077 
0.000056 
0.000040 
0.000029 
0.000021 
0.000015 
0.000011 
0.000008 
0.000006 
0.000004 
0.000003 
0.000002 
0.000002 
0.000001 
0.000001 
0.000001 
0.000000 
0.000000 
0.000000 
0.000000 
0.000000 
0.000000 
0.000000 
0.000000 
0.000000 
0.000000 
0.000000 
0.000000 
0.000000 
0.000000 
0.000000 
-0.000000 
0.000000 
0.000000 
-0.000001 
0.000003 
-0.000006 
0.000167 
0.000435 
0.000638 
0.000825 
0.000973 
0.000993 
0.000838 
0.000837 
0.000824 
0.000711 
0.000692 
0.000590 
0.000527 
0.000515 
0.000494 
0.000412 
0.000360 
0.000291 
0.000251 
0.000272 
0.000279 
0.000214 
0.000170 
0.000184 
0.000184 
0.000173 
0.000149 
0.000117 
0.000096 
0.000110 
0.000088 
0.000060 
0.000057 
0.000052 
0.000033 
0.000048 
0.000112 
0.000114 
0.000121 
0.000164 
0.000154 
0.000110 
0.000081 
0.000060 
0.000043 
0.000031 
0.000023 
0.000017 
0.000012 
0.000009 
0.000006 
0.000005 
0.000003 
0.000003 
0.000041 
0.000074 
0.000057 
0.000041 
0.000031 
0.000029 
0.000028 
0.000022 
0.000016 
0.000011 
0.000008 
0.000006 
0.000004 
0.000003 
0.000002 
0.000002 
0.000001 
0.000001 
0.000001 
0.000000 
0.000000 
0.000000 
0.000000 
0.000000 
0.000000 
0.000000 
0.000000 
0.000000 
0.000000 
0.000000 
0.000000 
0.000000 
0.000000 
0.000000 
0.000000 
0.000000 
0.000000 
0.000000 
0.000000 
0.000000 
0.000000 
0.000000 
0.000000 
0.000000 
0.000000 
0.000000 
0.000000 
0.000000 
0.000000 
0.000000 
0.000000 
0.000000 
0.000000 
0.000000 
0.000000 
0.000000 
0.000000 
0.000000 
0.000000 
0.000000 
0.000000 
0.000000 
0.000000 
0.000000 
0.000000 
0.000000 
0.000000 
0.000000 
0.000000 
0.000000 
0.000000 
0.000000 
0.000000 
0.000000 
0.000000 
0.000000 
0.000000 
0.000000 
0.000000 
0.000000 
0.000000 
0.000000 
0.000000 
0.000000 
0.000000 
0.000000 
0.000000 
0.000000 
0.000000 
0.000000 
0.000000 
0.000000 
0.000000 
0.000000 
0.000000 
0.000000 
0.000000 
0.000000 
0.000000 
0.000000 
0.000000 
0.000000 
0.000000 
0.000000 
0.000000 
0.000000 
0.000000 
0.000000 
0.000000 
0.000000 
0.000000 
0.000000 
0.000000 
0.000000 
0.000000 
0.000000 
-0.000000 
0.000000 
0.000000 
-0.000001 
0.000005 
-0.000007 
0.000371 
0.001481 
0.002889 
0.004704 
0.001240 
0.008370 
0.040428 
0.119936 
0.311308 
0.261539 
0.212908 
0.301068 
0.330588 
0.195858 
0.253553 
0.360692 
0.247067 
0.276737 
0.357578 
0.252716 
0.333607 
0.367198 
0.251862 
0.282886 
0.321008 
0.230919 
0.329666 
0.279105 
0.221153 
0.338955 
0.239490 
0.301887 
0.303411 
0.201718 
0.336981 
0.283489 
0.221774 
0.360733 
0.261032 
0.247934 
0.315669 
0.198108 
0.295451 
0.344081 
0.216439 
0.308316 
0.294880 
0.207766 
0.303886 
0.294051 
0.242033 
0.308774 
0.284410 
0.229940 
0.339354 
0.318407 
0.280442 
0.329972 
0.278621 
0.249696 
0.320874 
0.276256 
0.251816 
0.342248 
0.287883 
0.281913 
0.347721 
0.252754 
0.227448 
0.326888 
0.239431 
0.204061 
0.297320 
0.235738 
0.279554 
0.345779 
0.239161 
0.256199 
0.381108 
0.270596 
0.225190 
0.317777 
0.243176 
0.226935 
0.341240 
0.265728 
0.244190 
0.356906 
0.289664 
0.248829 
0.326736 
0.276257 
0.186515 
0.281824 
0.270024 
0.185826 
0.172302 
0.136501 
0.096631 
0.071001 
0.051261 
0.036892 
0.027977 
0.021527 
0.018088 
0.028673 
0.021792 
0.019459 
0.025787 
0.019105 
0.014294 
0.014039 
0.010970 
0.009728 
0.008814 
0.006256 
0.010131 
0.013749 
0.010649 
0.007649 
0.006465 
0.004976 
0.003534 
0.002580 
0.001904 
0.001258 
0.002128 
0.003273 
0.002711 
0.001848 
0.001756 
0.001818 
0.001442 
0.001266 
0.001162 
0.000800 
0.000675 
0.001538 
0.001765 
0.002776 
0.003904 
0.003529 
0.002530 
0.001850 
0.001336 
0.000969 
0.000704 
0.000507 
0.000382 
0.000312 
0.000224 
0.000163 
0.000118 
0.000086 
0.000062 
0.000045 
0.000032 
0.000028 
-0.000001 
0.000063 
-0.000105 
0.001098 
0.004909 
0.007436 
0.007788 
0.003048 
0.017517 
0.132050 
0.191388 
0.188178 
0.154561 
0.270519 
0.201994 
0.240915 
0.352168 
0.225022 
0.308560 
0.300231 
0.230685 
0.343257 
0.239973 
0.308617 
0.353439 
0.250114 
0.286309 
0.244197 
0.248548 
0.343161 
0.348524 
0.265504 
0.322215 
0.319005 
0.270280 
0.339898 
0.287056 
0.262357 
0.325183 
0.310245 
0.321690 
0.367349 
0.312184 
0.309347 
0.346115 
0.292888 
0.291175 
0.341923 
0.315449 
0.349888 
0.353094 
0.310551 
0.329591 
0.351630 
0.337138 
0.337604 
0.332211 
0.328092 
0.332616 
0.329729 
0.341582 
0.345049 
0.330342 
0.314447 
0.331315 
0.316276 
0.313816 
0.316645 
0.283841 
0.315819 
0.276096 
0.260728 
0.277346 
0.246685 
0.275219 
0.274995 
0.263469 
0.284017 
0.273538 
0.335257 
0.275427 
0.309248 
0.277494 
0.311340 
0.270020 
0.317531 
0.271261 
0.290509 
0.269567 
0.292623 
0.268970 
0.264808 
0.267323 
0.260634 
0.255205 
0.236131 
0.247380 
0.233424 
0.236724 
0.237929 
0.232471 
0.237273 
0.228205 
0.222698 
0.204859 
0.199302 
0.160311 
0.140124 
0.142414 
0.115469 
0.095278 
0.082454 
0.080202 
0.061950 
0.087245 
0.077653 
0.072310 
0.070987 
0.090990 
0.077288 
0.078997 
0.081515 
0.087963 
0.091165 
0.084965 
0.059834 
0.054381 
0.060333 
0.054015 
0.062841 
0.046636 
0.052551 
0.074376 
0.060265 
0.052160 
0.051422 
0.065074 
0.075584 
0.058177 
0.056407 
0.072995 
0.071360 
0.060948 
0.049401 
0.040119 
0.035038 
0.042531 
0.046601 
0.038504 
0.030515 
0.038233 
0.038354 
0.033331 
0.029104 
0.025533 
0.029342 
0.031406 
0.024476 
0.021416 
0.022530 
0.020394 
0.019633 
0.017343 
0.018833 
0.018766 
0.016801 
0.016334 
0.013883 
0.010587 
0.009436 
0.008749 
0.007167 
0.005143 
0.003749 
0.002712 
0.001967 
0.001426 
0.001034 
0.000750 
0.000543 
0.000394 
0.000286 
0.000207 
0.000150 
0.000109 
0.000079 
0.000057 
0.000041 
0.000031 
0.000020 
0.000040 
0.000055 
0.000037 
0.000029 
0.000019 
0.000016 
0.000010 
0.000041 
0.000773 
0.001561 
0.001709 
0.001623 
0.009159 
0.019915 
0.017870 
0.019844 
0.022652 
0.051394 
0.127308 
0.126081 
0.111740 
0.119848 
0.218350 
0.315273 
0.307162 
0.276873 
0.259413 
0.290284 
0.243314 
0.252928 
0.236186 
0.246455 
0.235178 
0.235855 
0.248688 
0.238400 
0.238474 
0.231970 
0.231010 
0.235719 
0.241398 
0.263316 
0.268814 
0.269372 
0.260220 
0.271599 
0.270094 
0.264215 
0.272251 
0.265209 
0.265554 
0.252469 
0.260874 
0.251501 
0.251194 
0.260150 
0.259411 
0.256491 
0.246961 
0.241510 
0.230316 
0.235502 
0.231062 
0.239475 
0.237684 
0.232678 
0.218521 
0.224761 
0.225130 
0.218039 
0.245005 
0.233249 
0.238952 
0.223544 
0.226860 
0.234097 
0.241186 
0.230314 
0.218910 
0.187915 
0.155002 
0.114412 
0.085026 
0.065304 
0.052038 
0.052615 
0.051821 
0.056162 
0.052957 
0.057150 
0.051988 
0.051331 
0.041824 
0.034508 
0.024680 
0.018474 
0.013837 
0.010428 
0.007660 
0.006064 
0.004771 
0.004776 
0.004973 
0.004454 
0.004837 
0.004116 
0.004127 
0.004669 
0.005491 
0.006069 
0.007007 
0.009505 
0.008184 
0.008961 
0.008999 
0.008617 
0.011653 
0.015297 
0.013157 
0.012089 
0.013058 
0.014860 
0.013278 
0.011961 
0.015243 
0.019558 
0.027258 
0.027168 
0.030296 
0.028380 
0.027914 
0.035277 
0.035920 
0.038542 
0.036260 
0.030793 
0.027333 
0.025837 
0.039610 
0.044099 
0.038426 
0.037302 
0.034384 
0.030543 
0.032524 
0.026298 
0.025747 
0.024846 
0.040404 
0.063608 
0.050467 
0.046561 
0.056352 
0.046845 
0.052452 
0.073324 
0.058034 
0.048987 
0.045988 
0.048128 
0.046027 
0.036254 
0.041367 
0.042383 
0.040016 
0.043441 
0.035611 
0.049099 
0.060212 
0.044539 
0.036838 
0.031497 
0.028946 
0.028597 
0.023235 
0.030579 
0.042999 
0.037018 
0.025970 
0.021437 
0.024036 
0.019569 
0.018778 
0.017529 
0.014809 
0.013554 
0.010401 
0.008891 
0.007749 
0.006383 
0.006817 
0.007551 
0.006724 
0.005848 
0.005230 
0.006113 
0.005071 
0.004832 
0.003609 
0.003757 
0.002987 
0.004499 
0.003723 
0.006620 
0.005089 
0.014431 
0.014783 
0.019181 
0.027124 
0.023037 
0.045643 
0.054153 
0.128849 
0.119974 
0.189310 
0.167309 
0.176561 
0.342339 
0.238161 
0.256201 
0.304591 
0.197751 
0.238223 
0.281304 
0.210581 
0.231173 
0.288783 
0.221544 
0.230345 
0.281669 
0.271462 
0.265813 
0.310740 
0.238380 
0.214557 
0.337253 
0.264877 
0.233010 
0.317564 
0.250627 
0.185224 
0.344785 
0.304462 
0.208453 
0.306009 
0.271843 
0.196708 
0.352476 
0.339704 
0.221998 
0.338068 
0.337742 
0.229059 
0.323003 
0.298021 
0.208446 
0.302018 
0.279070 
0.211173 
0.309447 
0.246092 
0.220720 
0.261933 
0.179261 
0.229937 
0.230381 
0.163036 
0.228706 
0.176860 
0.144832 
0.247189 
0.188280 
0.157529 
0.207265 
0.156045 
0.121417 
0.149853 
0.128659 
0.090606 
0.101789 
0.090740 
0.063942 
0.047741 
0.036855 
0.026800 
0.019700 
0.015286 
0.011177 
0.013120 
0.013113 
0.008631 
0.011794 
0.013218 
0.008767 
0.008026 
0.008532 
0.007276 
0.005924 
0.003866 
0.004791 
0.006554 
0.004670 
0.003195 
0.003531 
0.004625 
0.003206 
0.002374 
0.001711 
0.001240 
0.000900 
0.000652 
0.000473 
0.000343 
0.000249 
0.000180 
0.000131 
0.000095 
0.000069 
0.000050 
0.000036 
0.000026 
0.000019 
0.000013 
0.000015 
0.000021 
0.000037 
-0.000018 
0.000323 
0.000501 
0.004544 
0.001754 
0.040465 
0.125049 
0.161983 
0.119464 
0.099144 
0.093699 
0.070801 
0.061407 
0.048821 
0.052509 
0.062219 
0.056100 
0.053955 
0.048743 
0.047858 
0.032878 
0.051846 
0.090676 
0.043954 
0.194454 
0.267388 
0.189302 
0.391663 
0.313600 
0.309726 
0.382392 
0.262725 
0.390005 
0.313870 
0.318857 
0.382000 
0.277919 
0.409180 
0.307680 
0.355596 
0.351598 
0.306191 
0.408512 
0.294275 
0.412619 
0.328162 
0.365904 
0.370476 
0.313085 
0.385529 
0.284820 
0.386444 
0.295358 
0.363842 
0.336926 
0.327951 
0.374872 
0.307813 
0.387247 
0.288366 
0.393830 
0.313029 
0.362337 
0.334999 
0.318321 
0.366174 
0.296800 
0.377724 
0.282889 
0.358901 
0.289073 
0.280138 
0.254766 
0.198195 
0.202276 
0.143201 
0.120106 
0.089583 
0.073400 
0.064044 
0.044760 
0.059924 
0.079407 
0.056259 
0.070785 
0.065109 
0.054119 
0.050822 
0.037600 
0.040975 
0.033859 
0.033089 
0.032847 
0.033715 
0.028097 
0.021426 
0.035287 
0.034926 
0.025294 
0.026032 
0.029345 
0.034653 
0.033947 
0.044340 
0.043934 
0.040904 
0.039877 
0.037838 
0.037740 
0.033244 
0.044317 
0.047359 
0.046357 
0.052022 
0.053730 
0.062646 
0.064516 
0.074908 
0.118831 
0.132691 
0.126184 
0.119803 
0.139855 
0.140715 
0.120767 
0.158090 
0.182641 
0.165408 
0.162004 
0.176901 
0.159392 
0.146647 
0.150565 
0.097791 
0.182690 
0.206758 
0.198165 
0.263658 
0.213518 
0.347228 
0.260393 
0.331128 
0.285155 
0.297816 
0.367240 
0.261540 
0.355569 
0.259688 
0.318592 
0.310054 
0.265485 
0.368344 
0.257415 
0.370033 
0.304724 
0.310221 
0.345397 
0.259421 
0.331199 
0.247736 
0.264439 
0.264342 
0.246893 
0.211058 
0.253810 
0.208047 
0.226845 
0.308508 
0.226626 
0.326101 
0.255139 
0.253134 
0.278148 
0.289773 
0.255643 
0.238626 
0.309776 
0.219844 
0.320481 
0.284815 
0.251694 
0.358305 
0.241628 
0.279638 
0.258639 
0.191279 
0.262204 
0.196237 
0.180194 
0.129369 
0.209057 
0.278407 
0.188076 
0.288081 
0.251126 
0.157722 
0.228197 
0.270467 
0.150350 
0.270305 
0.414819 
0.250636 
0.313050 
0.424126 
0.264565 
0.305370 
0.416817 
0.263179 
0.294391 
0.414765 
0.265941 
0.281965 
0.423759 
0.281337 
0.280698 
0.425431 
0.288323 
0.274557 
0.426412 
0.298075 
0.267734 
0.420175 
0.302984 
0.259528 
0.422685 
0.316246 
0.254586 
0.411428 
0.319150 
0.247820 
0.417372 
0.334886 
0.252901 
0.409438 
0.329749 
0.243165 
0.420172 
0.348808 
0.261005 
0.417046 
0.330301 
0.253710 
0.404639 
0.313023 
0.252946 
0.410778 
0.308445 
0.259052 
0.374412 
0.256072 
0.289593 
0.343962 
0.232467 
0.329373 
0.278483 
0.223219 
0.290715 
0.225855 
0.237962 
0.329554 
0.239616 
0.252564 
0.338048 
0.231621 
0.243281 
0.298673 
0.208938 
0.293616 
0.314000 
0.221952 
0.334635 
0.322728 
0.235368 
0.323751 
0.264802 
0.214156 
0.344892 
0.259144 
0.249716 
0.333873 
0.217254 
0.265875 
0.296525 
0.192808 
0.255699 
0.234844 
0.207008 
0.296520 
0.219442 
0.243413 
0.286909 
0.211388 
0.285936 
0.260337 
0.231580 
0.289428 
0.220138 
0.268299 
0.259860 
0.260197 
0.268756 
0.206308 
0.260428 
0.176885 
0.245474 
0.262146 
0.221629 
0.280564 
0.197161 
0.274028 
0.219763 
0.263221 
0.248232 
0.252233 
0.307356 
0.237949 
0.292710 
0.221236 
0.228197 
0.183571 
0.128190 
0.094801 
0.068152 
0.049473 
0.036037 
0.025721 
0.019945 
0.025068 
0.018161 
0.025728 
0.026294 
0.020074 
0.017153 
0.014958 
0.011367 
0.012177 
0.016493 
0.012683 
0.013756 
0.009750 
0.010660 
0.009115 
0.008177 
0.007874 
0.006294 
0.007140 
0.005106 
0.006467 
0.005515 
0.004103 
0.003549 
0.002481 
0.001826 
0.001318 
0.000956 
0.000693 
0.000503 
0.000364 
0.000264 
0.000191 
0.000139 
0.000101 
0.000073 
0.000053 
0.000038 
0.000028 
0.000020 
0.000015 
0.000011 
0.000008 
0.000006 
0.000004 
0.000003 
0.000002 
0.000002 
0.000001 
0.000001 
0.000001 
-0.000000 
0.000001 
-0.000008 
0.000148 
0.000647 
0.003949 
0.000523 
0.020094 
0.084075 
0.108303 
0.143571 
0.131881 
0.143182 
0.147546 
0.107076 
0.133837 
0.104905 
0.074786 
0.062426 
0.047447 
0.070009 
0.067467 
0.127160 
0.139399 
0.267533 
0.322449 
0.336761 
0.326528 
0.351583 
0.336936 
0.334980 
0.307365 
0.339618 
0.313322 
0.357041 
0.322733 
0.346055 
0.322017 
0.333534 
0.318224 
0.322531 
0.317438 
0.309462 
0.325161 
0.308036 
0.332550 
0.311546 
0.326054 
0.311993 
0.316154 
0.311356 
0.303675 
0.303330 
0.276942 
0.288700 
0.265733 
0.284000 
0.272384 
0.284293 
0.269726 
0.270801 
0.258730 
0.240227 
0.280752 
0.267130 
0.292039 
0.267781 
0.303068 
0.261372 
0.230012 
0.179492 
0.123853 
0.122680 
0.099209 
0.089971 
0.101777 
0.064551 
0.072094 
0.098940 
0.064523 
0.103222 
0.109065 
0.066425 
0.107118 
0.117805 
0.072847 
0.082605 
0.098194 
0.062659 
0.071539 
0.084987 
0.055665 
0.050857 
0.060859 
0.044669 
0.038121 
0.032235 
0.022895 
0.037418 
0.045046 
0.029085 
0.023701 
0.020867 
0.015053 
0.010944 
0.007946 
0.005726 
0.004258 
0.003445 
0.002497 
0.001810 
0.001313 
0.000951 
0.000690 
0.000500 
0.000363 
0.000263 
0.000191 
0.000138 
0.000100 
0.000073 
0.000053 
0.000038 
0.000028 
0.000020 
0.000015 
0.000011 
0.000008 
0.000006 
0.000004 
0.000003 
0.000002 
0.000002 
0.000001 
0.000001 
0.000001 
0.000000 
0.000000 
0.000000 
0.000000 
0.000000 
0.000000 
0.000000 
0.000000 
0.000000 
0.000000 
0.000000 
0.000000 
0.000000 
0.000000 
0.000000 
0.000000 
0.000000 
0.000000 
0.000000 
0.000000 
0.000000 
0.000000 
0.000000 
0.000000 
0.000000 
0.000000 
0.000000 
0.000000 
0.000000 
0.000000 
0.000000 
0.000000 
0.000000 
0.000000 
0.000000 
0.000000 
0.000000 
0.000000 
0.000000 
0.000000 
0.000000 
0.000000 
-0.000000 
0.000000 
-0.000000 
-0.000000 
0.000001 
-0.000003 
0.000070 
0.000107 
0.000071 
0.000054 
0.000038 
0.000028 
0.000020 
0.000015 
0.000011 
0.000008 
0.000006 
0.000004 
0.000003 
0.000002 
0.000002 
-0.000001 
-0.000002 
0.000065 
-0.000151 
0.000909 
0.000624 
0.005699 
0.097612 
0.179969 
0.130489 
0.141378 
0.176593 
0.190847 
0.336101 
0.266481 
0.352770 
0.279160 
0.305792 
0.253019 
0.287152 
0.286163 
0.258243 
0.266259 
0.217612 
0.245374 
0.194170 
0.274248 
0.231439 
0.284321 
0.251391 
0.261493 
0.260090 
0.224626 
0.289441 
0.225620 
0.305569 
0.255157 
0.270146 
0.258910 
0.252710 
0.279980 
0.227778 
0.284670 
0.221264 
0.276410 
0.267824 
0.238847 
0.313730 
0.244547 
0.335199 
0.275155 
0.271087 
0.306333 
0.242517 
0.334664 
0.260720 
0.293502 
0.322481 
0.233991 
0.355589 
0.261911 
0.306145 
0.333674 
0.240551 
0.346810 
0.253208 
0.290994 
0.344890 
0.237188 
0.343894 
0.262916 
0.261094 
0.327897 
0.215281 
0.311481 
0.269463 
0.233182 
0.336256 
0.228193 
0.272360 
0.263899 
0.182817 
0.288748 
0.233314 
0.195983 
0.225667 
0.144254 
0.200136 
0.220726 
0.147397 
0.208983 
0.170192 
0.144812 
0.214394 
0.148378 
0.155967 
0.220012 
0.146894 
0.168260 
0.185624 
0.124666 
0.183419 
0.186522 
0.138767 
0.230911 
0.185863 
0.147202 
0.227271 
0.165298 
0.160235 
0.250491 
0.173298 
0.165058 
0.228574 
0.158045 
0.187285 
0.232350 
0.165376 
0.216931 
0.187413 
0.134119 
0.207881 
0.205559 
0.140218 
0.198310 
0.171882 
0.126309 
0.209698 
0.181399 
0.135078 
0.223029 
0.176976 
0.154077 
0.234501 
0.169191 
0.159301 
0.217406 
0.150873 
0.161197 
0.201201 
0.131791 
0.161156 
0.193959 
0.135081 
0.171474 
0.174814 
0.114219 
0.162811 
0.163580 
0.120915 
0.193215 
0.191786 
0.129087 
0.150037 
0.136343 
0.099446 
0.140651 
0.118285 
0.097854 
0.168672 
0.167315 
0.125339 
0.158758 
0.170851 
0.136346 
0.151379 
0.141732 
0.107488 
0.109008 
0.094674 
0.068822 
0.120778 
0.144892 
0.118315 
0.138372 
0.148072 
0.118070 
0.126626 
0.141623 
0.109471 
0.091867 
0.083243 
0.062350 
0.052243 
0.045708 
0.032487 
0.025743 
0.026296 
0.025175 
0.019757 
0.016044 
0.012081 
0.008619 
0.006354 
0.004604 
0.003338 
0.002421 
0.001755 
0.001272 
0.000922 
0.000669 
0.000485 
0.000351 
0.000255 
0.000185 
0.000136 
0.000088 
0.000099 
-0.000027 
0.001342 
0.004199 
0.006587 
0.008364 
0.009674 
0.009680 
0.010110 
0.010758 
0.010072 
0.012177 
0.011398 
0.013644 
0.018882 
0.016626 
0.011698 
0.010280 
0.012261 
0.014430 
0.010435 
0.009382 
0.011797 
0.017051 
0.025112 
0.023423 
0.020725 
0.020060 
0.020856 
0.017522 
0.016250 
0.021127 
0.031155 
0.040933 
0.037935 
0.039188 
0.047407 
0.040573 
0.037458 
0.033310 
0.026417 
0.025399 
0.024375 
0.027009 
0.030856 
0.034221 
0.030780 
0.022180 
0.024171 
0.029304 
0.023360 
0.026808 
0.031598 
0.036332 
0.040377 
0.030953 
0.028367 
0.032097 
0.030048 
0.028813 
0.031041 
0.030975 
0.039085 
0.035048 
0.035578 
0.033875 
0.035673 
0.038662 
0.036968 
0.031624 
0.030343 
0.029372 
0.036598 
0.034593 
0.041151 
0.040561 
0.039337 
0.035517 
0.027952 
0.038670 
0.037368 
0.028801 
0.024703 
0.029623 
0.032075 
0.030513 
0.030356 
0.022376 
0.022397 
0.031090 
0.039532 
0.046845 
0.039279 
0.030054 
0.023543 
0.019850 
0.024591 
0.036811 
0.038100 
0.030390 
0.028389 
0.037714 
0.036051 
0.028174 
0.027279 
0.024419 
0.021780 
0.021802 
0.018120 
0.017751 
0.029806 
0.035644 
0.029491 
0.027719 
0.028246 
0.023160 
0.020673 
0.020500 
0.018798 
0.014746 
0.012763 
0.017306 
0.027107 
0.032708 
0.035053 
0.030229 
0.027791 
0.024345 
0.017199 
0.014335 
0.018098 
0.018651 
0.021009 
0.018973 
0.015289 
0.016378 
0.014209 
0.016116 
0.013143 
0.015648 
0.013826 
0.012870 
0.012443 
0.013585 
0.014265 
0.011364 
0.013536 
0.013412 
0.013008 
0.009963 
0.008503 
0.008008 
0.007631 
0.008273 
0.008877 
0.007845 
0.010644 
0.012841 
0.011222 
0.012893 
0.011518 
0.009276 
0.007954 
0.008808 
0.006612 
0.008944 
0.008435 
0.008142 
0.012949 
0.014037 
0.013275 
0.013610 
0.011728 
0.009753 
0.010712 
0.008221 
0.005870 
0.005373 
0.005203 
0.005273 
0.005265 
0.005712 
0.005569 
0.006289 
0.008154 
0.008218 
0.006643 
0.006111 
0.005918 
0.004459 
0.003585 
0.004139 
0.006026 
0.005655 
0.004632 
0.004536 
0.003305 
0.002551 
0.003505 
0.004001 
0.004925 
0.005296 
0.005632 
0.004403 
0.004692 
0.004541 
0.004134 
0.003385 
0.003697 
0.005017 
0.005651 
0.006328 
0.005515 
0.005892 
0.007274 
0.007220 
0.007033 
0.007274 
0.006815 
0.006903 
0.006371 
0.006775 
0.006064 
0.005447 
0.005666 
0.005128 
0.004421 
0.003487 
0.002517 
0.001829 
0.001325 
0.000961 
0.000697 
0.000505 
0.000366 
0.000265 
0.000192 
0.000139 
0.000101 
0.000073 
0.000053 
0.000039 
0.000028 
0.000020 
0.000015 
0.000011 
0.000008 
0.000006 
0.000004 
0.000003 
0.000002 
0.000002 
0.000001 
0.000001 
0.000001 
0.000000 
0.000000 
0.000000 
0.000000 
0.000000 
0.000000 
0.000000 
0.000000 
0.000000 
0.000000 
0.000000 
0.000000 
0.000000 
0.000000 
0.000000 
0.000000 
0.000000 
0.000000 
0.000000 
0.000000 
0.000000 
0.000000 
0.000000 
0.000000 
0.000000 
0.000000 
0.000000 
0.000000 
0.000000 
0.000000 
0.000000 
0.000000 
0.000000 
0.000000 
0.000000 
0.000000 
0.000000 
0.000000 
0.000000 
0.000000 
0.000000 
0.000000 
0.000000 
0.000000 
0.000000 
0.000000 
0.000000 
0.000000 
0.000000 
0.000000 
0.000000 
0.000000 
0.000000 
0.000000 
0.000000 
0.000000 
0.000000 
0.000000 
0.000000 
0.000000 
0.000000 
0.000000 
0.000000 
0.000000 
0.000000 
0.000000 
0.000000 
0.000000 
0.000000 
0.000000 
0.000000 
0.000000 
0.000000 
0.000000 
0.000000 
0.000000 
0.000000 
0.000000 
0.000000 
0.000000 
0.000000 
0.000000 
0.000000 
0.000000 
0.000000 
0.000000 
0.000000 
0.000000 
0.000000 
0.000000 
0.000000 
0.000000 
0.000000 
0.000000 
0.000000 
0.000000 
0.000000 
0.000000 
0.000000 
0.000000 
0.000000 
0.000000 
0.000000 
0.000000 
0.000000 
0.000000 
0.000000 
0.000000 
0.000000 
0.000000 
0.000000 
0.000000 
0.000000 
0.000000 
0.000000 
0.000000 
0.000000 
0.000000 
0.000000 
0.000000 
0.000000 
0.000000 
0.000000 
0.000000 
0.000000 
0.000000 
0.000000 
0.000000 
0.000000 
0.000000 
0.000000 
0.000000 
0.000000 
0.000000 
0.000000 
0.000000 
0.000000 
0.000000 
0.000000 
0.000000 
0.000000 
0.000000 
0.000000 
0.000000 
0.000000 
0.000000 
0.000000 
0.000000 
0.000000 
0.000000 
0.000000 
0.000000 
0.000000 
0.000000 
0.000000 
0.000000 
0.000000 
0.000000 
0.000000 
0.000000 
0.000000 
0.000000 
0.000000 
0.000000 
0.000000 
0.000000 
0.000000 
0.000000 
0.000000 
0.000000 
0.000000 
0.000000 
0.000000 
0.000000 
0.000000 
0.000000 
0.000000 
0.000000 
0.000000 
0.000000 
0.000000 
0.000000 
0.000000 
0.000000 
0.000000 
0.000000 
0.000000 
0.000000 
0.000000 
0.000000 
0.000000 
0.000000 
0.000000 
0.000000 
0.000000 
0.000000 
0.000000 
0.000000 
0.000000 
0.000000 
0.000000 
0.000000 
0.000000 
0.000000 
0.000000 
0.000000 
0.000000 
0.000000 
0.000000 
0.000000 
0.000000 
0.000000 
0.000000 
0.000000 
0.000000 
0.000000 
0.000000 
0.000000 
0.000000 
0.000000 
0.000000 
0.000000 
0.000000 
0.000000 
0.000000 
0.000000 
0.000000 
0.000000 
0.000000 
0.000000 
0.000000 
0.000000 
0.000000 
0.000000 
0.000000 
0.000000 
0.000000 
0.000000 
0.000000 
0.000000 
0.000000 
0.000000 
0.000000 
0.000000 
0.000000 
0.000000 
0.000000 
0.000000 
0.000000 
0.000000 
0.000000 
0.000000 
0.000000 
0.000000 
0.000000 
0.000000 
0.000000 
0.000000 
0.000000 
0.000000 
0.000000 
0.000000 
0.000000 
0.000000 
0.000000 
0.000000 
0.000000 
0.000000 
-0.000000 
0.000000 
0.000001 
-0.000004 
0.000014 
-0.000037 
0.000477 
0.001112 
0.001442 
0.001658 
0.001297 
0.000862 
0.001066 
0.001163 
0.001025 
0.018288 
0.010589 
0.083261 
0.195717 
0.182206 
0.204947 
0.229289 
0.190522 
0.201116 
0.212478 
0.177894 
0.217728 
0.239823 
0.202314 
0.252981 
0.221720 
0.190371 
0.302380 
0.241919 
0.197103 
0.325175 
0.252423 
0.227026 
0.360986 
0.252457 
0.265109 
0.404913 
0.273869 
0.268290 
0.332839 
0.210263 
0.308363 
0.368395 
0.233294 
0.348951 
0.331546 
0.238018 
0.397052 
0.314758 
0.283396 
0.414775 
0.280808 
0.344029 
0.357683 
0.262588 
0.392786 
0.294458 
0.312167 
0.349267 
0.245023 
0.361420 
0.280911 
0.292303 
0.403699 
0.269294 
0.371930 
0.336583 
0.290100 
0.419698 
0.284308 
0.373485 
0.369953 
0.284540 
0.425322 
0.304762 
0.341101 
0.370719 
0.264052 
0.404614 
0.310389 
0.326986 
0.386426 
0.266918 
0.410842 
0.326132 
0.321187 
0.409286 
0.273768 
0.384292 
0.333900 
0.284779 
0.380888 
0.262586 
0.264062 
0.257711 
0.173733 
0.136309 
0.180128 
0.147668 
0.106261 
0.212054 
0.203372 
0.126799 
0.168239 
0.192207 
0.128030 
0.102554 
0.164135 
0.152657 
0.095972 
0.125259 
0.181266 
0.120969 
0.128579 
0.234401 
0.170680 
0.144794 
0.267635 
0.215034 
0.205009 
0.284686 
0.207678 
0.241048 
0.306316 
0.225199 
0.233605 
0.261533 
0.186558 
0.228944 
0.246805 
0.162500 
0.218079 
0.258678 
0.186653 
0.220670 
0.264469 
0.221276 
0.206868 
0.250398 
0.230807 
0.204135 
0.279354 
0.247878 
0.218006 
0.289040 
0.255049 
0.214428 
0.286569 
0.256568 
0.215899 
0.251629 
0.219365 
0.222497 
0.289863 
0.260872 
0.266520 
0.303769 
0.259789 
0.259847 
0.303344 
0.268312 
0.287291 
0.285049 
0.238965 
0.276149 
0.266859 
0.221832 
0.263520 
0.260621 
0.248867 
0.294551 
0.246964 
0.282455 
0.305160 
0.255095 
0.317349 
0.282008 
0.249710 
0.299310 
0.228081 
0.263498 
0.285461 
0.203792 
0.277975 
0.239357 
0.209896 
0.317045 
0.220762 
0.259755 
0.296858 
0.203832 
0.280718 
0.245301 
0.226294 
0.316641 
0.225908 
0.269650 
0.282813 
0.222587 
0.312697 
0.241920 
0.266950 
0.307654 
0.219338 
0.308162 
0.246123 
0.248460 
0.303255 
0.207056 
0.291863 
0.251557 
0.247681 
0.316428 
0.239719 
0.305252 
0.282198 
0.266326 
0.305654 
0.244379 
0.295407 
0.264178 
0.258131 
0.294518 
0.238582 
0.289390 
0.255136 
0.257471 
0.278961 
0.220410 
0.223259 
0.200736 
0.184011 
0.184561 
0.158119 
0.161446 
0.160413 
0.133135 
0.139609 
0.138782 
0.104521 
0.153061 
0.125066 
0.113289 
0.159495 
0.102876 
0.139510 
0.160943 
0.103779 
0.173544 
0.157134 
0.125248 
0.189851 
0.132227 
0.140950 
0.179194 
0.113988 
0.172145 
0.166555 
0.129209 
0.217670 
0.155227 
0.178170 
0.204150 
0.137571 
0.224138 
0.179346 
0.176477 
0.229756 
0.151928 
0.237567 
0.207941 
0.180754 
0.251832 
0.167201 
0.239359 
0.225048 
0.190543 
0.279123 
0.187804 
0.253118 
0.238547 
0.203006 
0.284944 
0.193584 
0.280713 
0.250362 
0.231470 
0.292614 
0.207159 
0.292331 
0.231188 
0.253449 
0.275043 
0.216110 
0.302982 
0.220794 
0.281074 
0.260605 
0.240414 
0.284754 
0.218487 
0.312840 
0.246213 
0.285488 
0.288575 
0.253020 
0.243884 
0.194369 
0.197925 
0.208044 
0.237350 
0.246255 
0.269515 
0.289823 
0.297104 
0.265296 
0.309715 
0.286962 
0.302560 
0.308594 
0.303263 
0.347647 
0.330034 
0.352347 
0.350984 
0.326556 
0.332545 
0.315977 
0.333854 
0.330553 
0.301271 
0.310794 
0.291967 
0.311146 
0.307350 
0.297051 
0.303273 
0.301601 
0.314284 
0.297183 
0.327504 
0.301046 
0.311469 
0.318978 
0.300252 
0.331084 
0.309875 
0.316112 
0.301278 
0.285909 
0.324610 
0.266842 
0.312360 
0.273677 
0.219809 
0.199946 
0.149318 
0.154928 
0.111041 
0.107478 
0.092957 
0.063493 
0.063805 
0.082942 
0.065623 
0.062340 
0.099196 
0.068143 
0.067210 
0.065250 
0.043223 
0.041634 
0.041051 
0.030275 
0.039956 
0.041565 
0.031598 
0.048386 
0.036865 
0.030406 
0.042044 
0.029209 
0.027230 
0.037491 
0.027168 
0.021080 
0.027137 
0.022992 
0.020541 
0.024343 
0.015960 
0.015890 
0.017357 
0.011872 
0.010681 
0.011757 
0.008271 
0.007804 
0.007450 
0.004969 
0.004798 
0.004053 
0.002932 
0.002690 
0.002002 
0.001595 
0.001525 
0.001085 
0.000850 
0.000623 
0.000454 
0.000338 
0.000262 
0.000218 
0.000154 
0.000113 
0.000082 
0.000059 
0.000043 
0.000031 
0.000022 
0.000017 
0.000006 
0.000039 
-0.000095 
0.000315 
0.000272 
0.002296 
0.015866 
0.017174 
0.021917 
0.012234 
0.034930 
0.045001 
0.042435 
0.062313 
0.174343 
0.238910 
0.234610 
0.221713 
0.228553 
0.199476 
0.237715 
0.197546 
0.248015 
0.201380 
0.266322 
0.221457 
0.271385 
0.254968 
0.284913 
0.271550 
0.304338 
0.302584 
0.317960 
0.324265 
0.332968 
0.363280 
0.356447 
0.387759 
0.335782 
0.378452 
0.346813 
0.334405 
0.299265 
0.281341 
0.280213 
0.246784 
0.243981 
0.224446 
0.223548 
0.202673 
0.221909 
0.197510 
0.216061 
0.211133 
0.208253 
0.220804 
0.214673 
0.251219 
0.241767 
0.262619 
0.262281 
0.263457 
0.261960 
0.258753 
0.272404 
0.262793 
0.281568 
0.277890 
0.286896 
0.280803 
0.275687 
0.284696 
0.275880 
0.293584 
0.281390 
0.298476 
0.284422 
0.298845 
0.294606 
0.292556 
0.311766 
0.291775 
0.312843 
0.293141 
0.304023 
0.298366 
0.311101 
0.300837 
0.306424 
0.302861 
0.301296 
0.306224 
0.294838 
0.299019 
0.283670 
0.285836 
0.276635 
0.270243 
0.234046 
0.231411 
0.179996 
0.183494 
0.151516 
0.148990 
0.137515 
0.114769 
0.118317 
0.091761 
0.103645 
0.079327 
0.089552 
0.076375 
0.072756 
0.071071 
0.053573 
0.063068 
0.050848 
0.045804 
0.058026 
0.043598 
0.067718 
0.056856 
0.071635 
0.081242 
0.074020 
0.098103 
0.075542 
0.107449 
0.084271 
0.101098 
0.099855 
0.096470 
0.117062 
0.090757 
0.124833 
0.094722 
0.123485 
0.109014 
0.110064 
0.125140 
0.102238 
0.136388 
0.100262 
0.136257 
0.115235 
0.130843 
0.135378 
0.119865 
0.156684 
0.117028 
0.162795 
0.126747 
0.158264 
0.149387 
0.143816 
0.163724 
0.126069 
0.178554 
0.132641 
0.173047 
0.150425 
0.149144 
0.175298 
0.130467 
0.178483 
0.131213 
0.157748 
0.150984 
0.126213 
0.162297 
0.111370 
0.146288 
0.128491 
0.108375 
0.136218 
0.093721 
0.111368 
0.096601 
0.076837 
0.104446 
0.071779 
0.078711 
0.086519 
0.059397 
0.076944 
0.058543 
0.058201 
0.063810 
0.046922 
0.060195 
0.044230 
0.050558 
0.042440 
0.048883 
0.057001 
0.048876 
0.065139 
0.078717 
0.118433 
0.172548 
0.207094 
0.242858 
0.221825 
0.256815 
0.209905 
0.262962 
0.212181 
0.255852 
0.214862 
0.261643 
0.240356 
0.245663 
0.219542 
0.242773 
0.253669 
0.245005 
0.263433 
0.239509 
0.271154 
0.225372 
0.274137 
0.231609 
0.276439 
0.235243 
0.277044 
0.253061 
0.270107 
0.248111 
0.263636 
0.265475 
0.250076 
0.270771 
0.237481 
0.275053 
0.242593 
0.291114 
0.244568 
0.285465 
0.239799 
0.280620 
0.251439 
0.272124 
0.262222 
0.266582 
0.270270 
0.253758 
0.259318 
0.233571 
0.273660 
0.232047 
0.269302 
0.226284 
0.270277 
0.230351 
0.274329 
0.230495 
0.268794 
0.237209 
0.265199 
0.249708 
0.249764 
0.249482 
0.236109 
0.251659 
0.220134 
0.237809 
0.195485 
0.221402 
0.175841 
0.160201 
0.134596 
0.094773 
0.095043 
0.078623 
0.084419 
0.108268 
0.084548 
0.124554 
0.090809 
0.136779 
0.116178 
0.136663 
0.144967 
0.127021 
0.163490 
0.123567 
0.163802 
0.121709 
0.164738 
0.139567 
0.152563 
0.157693 
0.142016 
0.172066 
0.132987 
0.180973 
0.134561 
0.174585 
0.142957 
0.165339 
0.169102 
0.147285 
0.180358 
0.136160 
0.197089 
0.149272 
0.179413 
0.155590 
0.154784 
0.169748 
0.135552 
0.184494 
0.157148 
0.163383 
0.168920 
0.179434 
0.237836 
0.261696 
0.279515 
0.297759 
0.293463 
0.329397 
0.314804 
0.340408 
0.308872 
0.338388 
0.339709 
0.328975 
0.340957 
0.321178 
0.358634 
0.315386 
0.366392 
0.320289 
0.351607 
0.322869 
0.340252 
0.333998 
0.329601 
0.327250 
0.304934 
0.333484 
0.302133 
0.350897 
0.305332 
0.341780 
0.299506 
0.340313 
0.297868 
0.331399 
0.292437 
0.327506 
0.283058 
0.314045 
0.268899 
0.318627 
0.285684 
0.284634 
0.254913 
0.297991 
0.262282 
0.257968 
0.245234 
0.264731 
0.234004 
0.219651 
0.223467 
0.216089 
0.219620 
0.205460 
0.243237 
0.222963 
0.260967 
0.244065 
0.255325 
0.240652 
0.253411 
0.246378 
0.238914 
0.264839 
0.255067 
0.253783 
0.243930 
0.252472 
0.261336 
0.268503 
0.269496 
0.258588 
0.282122 
0.264721 
0.285801 
0.269259 
0.299479 
0.266073 
0.253823 
0.239168 
0.222089 
0.225794 
0.209127 
0.196527 
0.171038 
0.161961 
0.141018 
0.121362 
0.100143 
0.090485 
0.076978 
0.065260 
0.058755 
0.059012 
0.061302 
0.058849 
0.058241 
0.055997 
0.045475 
0.040230 
0.045329 
0.051030 
0.059583 
0.072446 
0.076564 
0.067243 
0.057393 
0.050320 
0.047163 
0.043621 
0.046808 
0.041276 
0.037008 
0.029871 
0.030058 
0.029592 
0.036823 
0.039969 
0.033788 
0.037021 
0.034252 
0.032098 
0.036436 
0.039513 
0.032530 
0.024675 
0.022268 
0.019989 
0.014700 
0.014182 
0.012474 
0.008670 
0.006419 
0.004614 
0.003353 
0.002428 
0.001769 
0.001257 
0.001016 
0.001236 
0.001803 
0.002577 
0.002342 
0.001990 
0.001443 
0.001062 
0.000827 
0.000664 
0.000565 
0.000496 
0.000362 
0.000282 
0.000278 
0.000219 
0.000142 
0.000190 
0.000291 
0.000213 
0.000318 
0.000537 
0.000461 
0.000320 
0.000244 
0.000158 
0.000214 
0.000519 
0.000437 
0.000304 
0.000226 
0.000162 
0.000118 
0.000085 
0.000062 
0.000045 
0.000032 
0.000024 
0.000018 
0.000014 
0.000000 
0.000044 
0.000088 
0.002357 
0.006009 
0.010510 
0.015507 
0.026168 
0.026190 
0.020372 
0.023967 
0.021163 
0.028332 
0.072566 
0.130720 
0.154340 
0.227277 
0.226227 
0.298944 
0.278399 
0.266766 
0.267593 
0.278629 
0.272283 
0.261984 
0.268764 
0.266710 
0.277564 
0.255044 
0.260073 
0.245313 
0.267656 
0.244134 
0.266544 
0.247954 
0.247507 
0.228170 
0.268344 
0.252733 
0.261712 
0.260428 
0.258612 
0.252479 
0.249023 
0.268625 
0.245875 
0.260411 
0.217630 
0.219268 
0.194308 
0.230397 
0.196742 
0.223042 
0.196287 
0.215468 
0.201206 
0.212735 
0.230865 
0.212666 
0.223319 
0.192989 
0.235652 
0.178161 
0.181654 
0.139222 
0.126925 
0.100111 
0.069802 
0.052925 
0.048710 
0.034755 
0.034962 
0.034380 
0.033413 
0.039953 
0.028833 
0.027973 
0.026596 
0.026506 
0.021036 
0.017472 
0.017384 
0.013396 
0.014348 
0.011773 
0.010565 
0.008370 
0.009190 
0.008106 
0.007532 
0.006201 
0.005298 
0.003988 
0.003279 
0.002686 
0.001924 
0.001411 
0.001018 
0.000739 
0.000536 
0.000388 
0.000282 
0.000204 
0.000148 
0.000107 
0.000078 
0.000056 
0.000041 
0.000030 
0.000021 
0.000016 
0.000011 
0.000008 
0.000007 
0.000002 
0.000011 
-0.000022 
0.000092 
0.000502 
0.001337 
0.003337 
0.000208 
0.016130 
0.040464 
0.071764 
0.079904 
0.075587 
0.129686 
0.136132 
0.203487 
0.232674 
0.262630 
0.258021 
0.260695 
0.251005 
0.244766 
0.267213 
0.266750 
0.243068 
0.253922 
0.253474 
0.258398 
0.252952 
0.259429 
0.249930 
0.261435 
0.274833 
0.268756 
0.282792 
0.278053 
0.294201 
0.270233 
0.279352 
0.263150 
0.251337 
0.249299 
0.241426 
0.264078 
0.256829 
0.266584 
0.257650 
0.252997 
0.257223 
0.246942 
0.255923 
0.250470 
0.270712 
0.257184 
0.257456 
0.249519 
0.245862 
0.253031 
0.239320 
0.255761 
0.248784 
0.247170 
0.262857 
0.266083 
0.271454 
0.269544 
0.290053 
0.279225 
0.266013 
0.257625 
0.242644 
0.239549 
0.226374 
0.220056 
0.193854 
0.167762 
0.128713 
0.096711 
0.071367 
0.059697 
0.061170 
0.067747 
0.062352 
0.057291 
0.054503 
0.048377 
0.042351 
0.029749 
0.022770 
0.018288 
0.013019 
0.009777 
0.007811 
0.006804 
0.006453 
0.006906 
0.008385 
0.009787 
0.009927 
0.009731 
0.008347 
0.006979 
0.005666 
0.004363 
0.003382 
0.002534 
0.002362 
0.001897 
0.001446 
0.001073 
0.000770 
0.000561 
0.000406 
0.000294 
0.000214 
0.000149 
0.000129 
0.000041 
0.000341 
0.000773 
0.000612 
0.000974 
0.001810 
0.002120 
0.002241 
0.003417 
0.004229 
0.004758 
0.006777 
0.009785 
0.009590 
0.011030 
0.012796 
0.012226 
0.013726 
0.020073 
0.021157 
0.020394 
0.026201 
0.028202 
0.028731 
0.031236 
0.031144 
0.036103 
0.032580 
0.038477 
0.049183 
0.043623 
0.052134 
0.053194 
0.057009 
0.048088 
0.047014 
0.045318 
0.047641 
0.063942 
0.073676 
0.077514 
0.060331 
0.064536 
0.063612 
0.070729 
0.089231 
0.101731 
0.112992 
0.088842 
0.064856 
0.055485 
0.068517 
0.071262 
0.058055 
0.090570 
0.085392 
0.065159 
0.073157 
0.074156 
0.061295 
0.046657 
0.046756 
0.055985 
0.062788 
0.042639 
0.045964 
0.045327 
0.055492 
0.066298 
0.083405 
0.086413 
0.109096 
0.112381 
0.130755 
0.150615 
0.202020 
0.225909 
0.282405 
0.286072 
0.314513 
0.294710 
0.301059 
0.285410 
0.305122 
0.279353 
0.303699 
0.266963 
0.301878 
0.253307 
0.318109 
0.254137 
0.329157 
0.262026 
0.351110 
0.293335 
0.338044 
0.339481 
0.309541 
0.366412 
0.290846 
0.402037 
0.302007 
0.391403 
0.346891 
0.347509 
0.396573 
0.306391 
0.413831 
0.316932 
0.379395 
0.380871 
0.313822 
0.421921 
0.319287 
0.378207 
0.385726 
0.296109 
0.401740 
0.307928 
0.337757 
0.371053 
0.273540 
0.386145 
0.305504 
0.313770 
0.386068 
0.274064 
0.377218 
0.323105 
0.305024 
0.397511 
0.289753 
0.386211 
0.352851 
0.327007 
0.426100 
0.311788 
0.405299 
0.367112 
0.330445 
0.420918 
0.312483 
0.398242 
0.352423 
0.332786 
0.400988 
0.302973 
0.402686 
0.344657 
0.339350 
0.409841 
0.308605 
0.393061 
0.321323 
0.335518 
0.394690 
0.287027 
0.409113 
0.341888 
0.315069 
0.397075 
0.278806 
0.366889 
0.359491 
0.283881 
0.394010 
0.295502 
0.313633 
0.374759 
0.253533 
0.339192 
0.312409 
0.243748 
0.369347 
0.284297 
0.275809 
0.370526 
0.252030 
0.298863 
0.339814 
0.227307 
0.330229 
0.312774 
0.236675 
0.364499 
0.286894 
0.263018 
0.361706 
0.243473 
0.288080 
0.338120 
0.221915 
0.326368 
0.319522 
0.224137 
0.351681 
0.290548 
0.239890 
0.358057 
0.252721 
0.258579 
0.349070 
0.225256 
0.269719 
0.332894 
0.209250 
0.294460 
0.319517 
0.203852 
0.299986 
0.287770 
0.196681 
0.309878 
0.269620 
0.197392 
0.309800 
0.250178 
0.202002 
0.308005 
0.224017 
0.209414 
0.295557 
0.198459 
0.205049 
0.275318 
0.177654 
0.211323 
0.256844 
0.160348 
0.209188 
0.235105 
0.148754 
0.200905 
0.200232 
0.130449 
0.193248 
0.179228 
0.121224 
0.183132 
0.160331 
0.117345 
0.173642 
0.136557 
0.110896 
0.163803 
0.118973 
0.114043 
0.138109 
0.089190 
0.102360 
0.118981 
0.078443 
0.097684 
0.087799 
0.065177 
0.102221 
0.078430 
0.067009 
0.092687 
0.062797 
0.072716 
0.081454 
0.053537 
0.072495 
0.062102 
0.049230 
0.063828 
0.044378 
0.047328 
0.046108 
0.032242 
0.041895 
0.032908 
0.025834 
0.024651 
0.017328 
0.019171 
0.015183 
0.012210 
0.013212 
0.009354 
0.006831 
0.004990 
0.003822 
0.002785 
0.002024 
0.001481 
0.001099 
0.000739 
0.001011 
0.002199 
0.001900 
0.001527 
0.001858 
0.001469 
0.001035 
0.000773 
0.000524 
0.001514 
0.001550 
0.001078 
0.001566 
0.001294 
0.000898 
0.000673 
0.000486 
0.000341 
0.000286 
0.000105 
0.000707 
0.002136 
0.002001 
0.001551 
0.001182 
0.000843 
0.000615 
0.000445 
0.000323 
0.000234 
0.000170 
0.000123 
0.000089 
0.000065 
0.000047 
0.000034 
0.000025 
0.000018 
0.000013 
0.000009 
0.000007 
0.000005 
0.000004 
0.000003 
0.000002 
0.000001 
0.000001 
0.000001 
0.000001 
0.000000 
0.000000 
0.000000 
0.000000 
0.000000 
0.000000 
0.000000 
0.000000 
0.000000 
0.000000 
0.000000 
0.000000 
0.000000 
0.000000 
0.000000 
0.000000 
0.000000 
0.000000 
0.000000 
0.000000 
0.000000 
0.000000 
0.000000 
0.000000 
0.000000 
0.000000 
0.000000 
0.000000 
0.000000 
0.000000 
0.000000 
0.000000 
0.000000 
0.000000 
0.000000 
0.000000 
0.000000 
0.000000 
0.000000 
0.000000 
0.000000 
0.000000 
-0.000000 
0.000000 
-0.000000 
0.000000 
-0.000001 
0.000003 
0.000021 
0.000008 
0.000050 
0.000085 
0.000055 
0.000041 
0.000045 
0.000040 
0.000027 
0.000020 
0.000016 
0.000007 
0.000011 
0.000004 
0.000113 
0.002508 
0.006233 
0.006919 
0.009280 
0.021092 
0.024943 
0.020591 
0.044757 
0.060898 
0.046035 
0.083283 
0.093505 
0.194533 
0.227873 
0.263075 
0.290395 
0.298765 
0.300351 
0.329356 
0.343934 
0.340523 
0.332452 
0.353573 
0.362358 
0.362570 
0.366993 
0.366660 
0.373131 
0.365483 
0.368775 
0.357605 
0.356621 
0.347298 
0.339171 
0.335768 
0.334887 
0.324585 
0.308407 
0.322228 
0.307812 
0.322568 
0.305279 
0.323347 
0.306445 
0.325566 
0.301346 
0.336618 
0.310314 
0.351131 
0.319186 
0.355405 
0.321394 
0.366345 
0.327002 
0.364992 
0.325880 
0.377986 
0.335799 
0.376280 
0.336192 
0.366738 
0.330266 
0.355846 
0.336079 
0.371530 
0.330173 
0.326755 
0.317616 
0.328369 
0.318049 
0.324083 
0.307506 
0.299895 
0.294897 
0.290080 
0.280070 
0.274686 
0.269060 
0.261894 
0.269221 
0.300204 
0.281193 
0.304874 
0.267084 
0.293095 
0.259843 
0.296150 
0.252102 
0.290586 
0.239927 
0.274222 
0.225843 
0.268705 
0.219882 
0.263647 
0.215978 
0.262401 
0.219305 
0.279000 
0.236360 
0.269420 
0.223164 
0.252622 
0.214586 
0.275402 
0.247432 
0.269429 
0.232059 
0.264599 
0.234038 
0.268217 
0.252511 
0.257927 
0.239934 
0.250049 
0.251983 
0.248110 
0.254705 
0.245199 
0.255908 
0.242917 
0.269231 
0.238032 
0.259701 
0.228319 
0.264471 
0.218675 
0.271778 
0.220123 
0.281486 
0.232504 
0.283798 
0.242339 
0.292025 
0.266788 
0.293641 
0.286194 
0.306513 
0.316589 
0.334423 
0.343017 
0.336229 
0.348271 
0.320241 
0.333640 
0.311673 
0.284713 
0.279427 
0.260741 
0.278389 
0.256191 
0.262909 
0.245964 
0.248383 
0.238523 
0.237410 
0.241777 
0.244057 
0.237671 
0.240324 
0.246601 
0.246314 
0.248901 
0.245684 
0.246136 
0.251530 
0.252574 
0.270112 
0.264460 
0.266714 
0.250559 
0.253397 
0.264905 
0.272158 
0.258335 
0.264775 
0.264871 
0.266046 
0.270942 
0.268037 
0.268901 
0.276103 
0.269876 
0.276657 
0.272714 
0.280895 
0.284901 
0.285858 
0.284125 
0.290966 
0.303457 
0.300680 
0.312176 
0.306098 
0.306082 
0.301672 
0.312758 
0.312331 
0.306762 
0.320525 
0.312441 
0.310785 
0.311182 
0.307520 
0.295494 
0.279615 
0.283414 
0.278065 
0.276810 
0.278004 
0.278219 
0.287878 
0.285176 
0.288751 
0.295904 
0.292784 
0.289075 
0.285560 
0.284483 
0.278829 
0.279283 
0.276796 
0.273288 
0.272101 
0.273486 
0.274431 
0.267890 
0.261283 
0.269261 
0.276578 
0.268443 
0.250961 
0.246398 
0.257024 
0.266149 
0.266578 
0.261384 
0.251281 
0.241686 
0.253637 
0.249800 
0.248374 
0.253213 
0.252767 
0.269355 
0.259249 
0.249610 
0.256952 
0.254949 
0.250420 
0.243206 
0.240426 
0.240259 
0.236334 
0.230541 
0.228084 
0.227904 
0.238783 
0.236085 
0.230642 
0.234853 
0.236054 
0.245075 
0.242836 
0.234784 
0.239734 
0.234383 
0.232616 
0.221086 
0.216808 
0.218704 
0.216398 
0.221402 
0.219506 
0.207255 
0.206539 
0.210546 
0.206787 
0.215022 
0.221739 
0.219554 
0.225857 
0.228823 
0.232714 
0.229952 
0.228010 
0.221348 
0.208979 
0.189007 
0.167637 
0.142968 
0.116145 
0.089175 
0.072391 
0.059162 
0.050940 
0.036337 
0.027003 
0.022505 
0.020520 
0.019504 
0.017119 
0.013470 
0.008857 
0.012223 
0.014737 
0.011188 
0.009202 
0.006773 
0.004950 
0.003937 
0.003861 
0.004020 
0.004157 
0.004138 
0.003813 
0.003472 
0.002950 
0.002362 
0.002040 
0.001680 
0.001449 
0.001252 
0.000909 
0.000724 
0.000597 
0.000479 
0.000373 
0.000342 
0.000298 
0.000556 
0.000669 
0.000534 
0.000474 
0.000433 
0.000305 
0.000215 
0.000198 
0.000239 
0.000169 
0.000124 
0.000105 
0.000134 
0.000195 
0.000225 
0.000156 
0.000120 
0.000104 
0.000075 
0.000056 
0.000032 
0.000057 
-0.000033 
0.000149 
0.001806 
0.002342 
0.028077 
0.043109 
0.042078 
0.044775 
0.066810 
0.108291 
0.155009 
0.237201 
0.290110 
0.313785 
0.292623 
0.242710 
0.203052 
0.215439 
0.226465 
0.221543 
0.223174 
0.222256 
0.241105 
0.233149 
0.222539 
0.240845 
0.248916 
0.247413 
0.239293 
0.241877 
0.236827 
0.229017 
0.234360 
0.232636 
0.229662 
0.220080 
0.212897 
0.217843 
0.208795 
0.208020 
0.202807 
0.197009 
0.193118 
0.182892 
0.182034 
0.182187 
0.183167 
0.177718 
0.172203 
0.170913 
0.165973 
0.164292 
0.154084 
0.149988 
0.154969 
0.144687 
0.134706 
0.125650 
0.114201 
0.113479 
0.098709 
0.087349 
0.071367 
0.061961 
0.046009 
0.035281 
0.026000 
0.020368 
0.022532 
0.023969 
0.022614 
0.019167 
0.014516 
0.012641 
0.010473 
0.007961 
0.005816 
0.004648 
0.004444 
0.003982 
0.003390 
0.003974 
0.004021 
0.003175 
0.003052 
0.003191 
0.002691 
0.003011 
0.003144 
0.003069 
0.002968 
0.002610 
0.001877 
0.001384 
0.001008 
0.000715 
0.000589 
0.001117 
0.001566 
0.001521 
0.001136 
0.001104 
0.001469 
0.001306 
0.000921 
0.000678 
0.000488 
0.000354 
0.000258 
0.000185 
0.000143 
0.000123 
0.000089 
0.000065 
0.000047 
0.000034 
0.000024 
0.000021 
0.000140 
0.000478 
0.004695 
0.001855 
0.040561 
0.063072 
0.059394 
0.064136 
0.055396 
0.046545 
0.070309 
0.079334 
0.057169 
0.042962 
0.032882 
0.022744 
0.027656 
0.046015 
0.138527 
0.193025 
0.310818 
0.314695 
0.336264 
0.334302 
0.325753 
0.312079 
0.298082 
0.293647 
0.288659 
0.282563 
0.290283 
0.281379 
0.272239 
0.294526 
0.298617 
0.288769 
0.285433 
0.317757 
0.301039 
0.294863 
0.308867 
0.303096 
0.293528 
0.290720 
0.307634 
0.300182 
0.288016 
0.295675 
0.283390 
0.284039 
0.274143 
0.283691 
0.284292 
0.278958 
0.281193 
0.264488 
0.271958 
0.254125 
0.257049 
0.260063 
0.253912 
0.262361 
0.251279 
0.264245 
0.244124 
0.243471 
0.237400 
0.242212 
0.241927 
0.241428 
0.240665 
0.215031 
0.223398 
0.211494 
0.227796 
0.207578 
0.215173 
0.207170 
0.212909 
0.191442 
0.178590 
0.155306 
0.135502 
0.110683 
0.098534 
0.072279 
0.075477 
0.061097 
0.069811 
0.063037 
0.065642 
0.068019 
0.079761 
0.074264 
0.094841 
0.102692 
0.120022 
0.143022 
0.141316 
0.194488 
0.195789 
0.245831 
0.240513 
0.266646 
0.249569 
0.264094 
0.239547 
0.258411 
0.234715 
0.266007 
0.259130 
0.264251 
0.259849 
0.284036 
0.288351 
0.274625 
0.278288 
0.276787 
0.286035 
0.285671 
0.306424 
0.288831 
0.326611 
0.304234 
0.319879 
0.288230 
0.319939 
0.288908 
0.300926 
0.301297 
0.244024 
0.235658 
0.211991 
0.232306 
0.208551 
0.228902 
0.226697 
0.226100 
0.241538 
0.220911 
0.266973 
0.236632 
0.229187 
0.209153 
0.194767 
0.201034 
0.169282 
0.211396 
0.180503 
0.215544 
0.207581 
0.193162 
0.224811 
0.183525 
0.244678 
0.194216 
0.211677 
0.206332 
0.177123 
0.208001 
0.159541 
0.212078 
0.165889 
0.179170 
0.172851 
0.133535 
0.149150 
0.105668 
0.123126 
0.098614 
0.082168 
0.075697 
0.053174 
0.038942 
0.032494 
0.028254 
0.020923 
0.034223 
0.028913 
0.020524 
0.015525 
0.016251 
0.013178 
0.020432 
0.027941 
0.020394 
0.025580 
0.019114 
0.017556 
0.015296 
0.013500 
0.011404 
0.012590 
0.010150 
0.014401 
0.014917 
0.015142 
0.015856 
0.020967 
0.020022 
0.023957 
0.024664 
0.036077 
0.030955 
0.059397 
0.056393 
0.088049 
0.094425 
0.122620 
0.093977 
0.177732 
0.153423 
0.168621 
0.246788 
0.167015 
0.287140 
0.233172 
0.238261 
0.316146 
0.219022 
0.302865 
0.240326 
0.248730 
0.302128 
0.218924 
0.309747 
0.275721 
0.252468 
0.318007 
0.253189 
0.324756 
0.326249 
0.292133 
0.354651 
0.292908 
0.315417 
0.337284 
0.307064 
0.364320 
0.307028 
0.334027 
0.328404 
0.286254 
0.315735 
0.252338 
0.295142 
0.236227 
0.233601 
0.231844 
0.188438 
0.229532 
0.162386 
0.208968 
0.168100 
0.177310 
0.196158 
0.144932 
0.162561 
0.118211 
0.114183 
0.106624 
0.083143 
0.062495 
0.051741 
0.037618 
0.033956 
0.049052 
0.035929 
0.025678 
0.020513 
0.025051 
0.021901 
0.032781 
0.027204 
0.018775 
0.013986 
0.010016 
0.007289 
0.005282 
0.003829 
0.002776 
0.002013 
0.001459 
0.001058 
0.000767 
0.000556 
0.000403 
0.000292 
0.000212 
0.000154 
0.000111 
0.000081 
0.000059 
0.000042 
0.000031 
0.000022 
0.000016 
0.000012 
0.000008 
0.000006 
0.000004 
0.000003 
0.000002 
0.000002 
0.000001 
0.000001 
0.000001 
0.000000 
0.000000 
0.000000 
0.000000 
0.000000 
0.000000 
0.000000 
0.000000 
0.000000 
0.000000 
0.000000 
0.000000 
0.000000 
0.000000 
0.000000 
-0.000000 
0.000000 
0.000001 
-0.000008 
0.000028 
-0.000064 
0.001022 
0.002259 
0.001800 
0.003744 
0.013410 
0.026737 
0.058014 
0.055362 
0.036712 
0.042218 
0.045995 
0.053363 
0.160692 
0.173125 
0.251087 
0.193988 
0.261512 
0.234590 
0.216563 
0.235656 
0.165670 
0.252429 
0.195762 
0.225800 
0.219041 
0.165809 
0.237391 
0.168401 
0.210971 
0.189786 
0.169157 
0.232567 
0.158362 
0.215368 
0.182091 
0.183555 
0.236463 
0.164960 
0.232283 
0.181760 
0.193656 
0.241479 
0.164660 
0.244577 
0.187047 
0.200160 
0.237425 
0.163711 
0.245918 
0.183495 
0.203810 
0.244080 
0.166037 
0.251876 
0.190374 
0.205589 
0.254556 
0.171638 
0.251020 
0.193544 
0.196887 
0.247816 
0.162829 
0.238929 
0.195578 
0.184298 
0.254530 
0.165044 
0.243189 
0.220481 
0.180018 
0.270975 
0.181611 
0.250417 
0.266081 
0.191992 
0.289039 
0.232722 
0.234880 
0.292743 
0.220433 
0.295628 
0.288520 
0.248178 
0.338485 
0.267349 
0.295578 
0.347489 
0.272131 
0.359341 
0.324264 
0.286013 
0.371269 
0.311223 
0.311243 
0.349368 
0.281052 
0.281108 
0.268228 
0.217028 
0.213256 
0.182241 
0.205237 
0.200372 
0.186100 
0.217867 
0.183380 
0.214718 
0.219772 
0.186926 
0.231363 
0.216381 
0.199439 
0.230854 
0.188830 
0.200112 
0.225111 
0.176926 
0.211819 
0.194967 
0.155098 
0.214096 
0.163246 
0.159722 
0.220967 
0.144082 
0.167441 
0.188480 
0.124348 
0.128474 
0.199936 
0.145805 
0.157036 
0.244360 
0.160192 
0.183154 
0.216932 
0.136398 
0.190845 
0.183790 
0.130247 
0.175932 
0.132783 
0.138938 
0.165534 
0.128746 
0.174904 
0.158435 
0.154122 
0.190167 
0.147907 
0.186507 
0.191977 
0.169243 
0.209198 
0.170788 
0.187498 
0.182128 
0.166054 
0.204981 
0.182780 
0.202653 
0.193351 
0.188643 
0.219501 
0.186930 
0.225505 
0.196348 
0.209074 
0.218911 
0.187850 
0.237309 
0.196291 
0.223829 
0.201743 
0.204019 
0.238567 
0.175402 
0.250205 
0.186837 
0.242883 
0.225634 
0.218267 
0.262104 
0.214859 
0.276520 
0.211373 
0.264545 
0.233676 
0.263432 
0.265804 
0.266748 
0.272869 
0.265405 
0.350659 
0.272457 
0.329423 
0.280996 
0.300566 
0.308798 
0.326968 
0.323596 
0.324951 
0.334221 
0.353808 
0.362608 
0.361664 
0.378568 
0.365553 
0.365097 
0.353833 
0.357056 
0.341746 
0.361971 
0.347662 
0.351094 
0.344155 
0.348479 
0.334869 
0.347542 
0.334770 
0.343478 
0.327276 
0.353929 
0.331722 
0.357943 
0.325430 
0.339931 
0.324498 
0.342831 
0.314101 
0.343222 
0.323934 
0.337056 
0.313554 
0.334786 
0.322506 
0.337695 
0.339243 
0.346234 
0.336702 
0.338131 
0.315332 
0.315080 
0.343314 
0.309394 
0.312018 
0.304577 
0.314289 
0.272282 
0.311895 
0.281352 
0.302373 
0.276733 
0.299375 
0.277005 
0.284379 
0.279981 
0.285279 
0.282244 
0.271881 
0.290935 
0.289758 
0.297781 
0.282475 
0.294951 
0.297779 
0.310534 
0.301049 
0.292699 
0.320142 
0.302340 
0.309556 
0.298633 
0.277172 
0.293362 
0.281712 
0.273224 
0.273582 
0.269726 
0.274353 
0.271191 
0.277770 
0.269656 
0.263667 
0.263213 
0.255359 
0.259950 
0.245470 
0.238844 
0.241582 
0.243082 
0.232805 
0.219650 
0.222902 
0.214466 
0.224187 
0.219958 
0.220011 
0.229039 
0.227069 
0.232810 
0.216745 
0.234284 
0.223108 
0.231250 
0.227553 
0.215835 
0.246301 
0.234132 
0.227954 
0.215199 
0.222550 
0.224719 
0.226034 
0.236116 
0.223027 
0.212979 
0.210444 
0.214400 
0.209741 
0.201666 
0.198050 
0.202271 
0.208457 
0.214097 
0.214368 
0.207440 
0.205537 
0.212888 
0.212296 
0.207266 
0.195336 
0.189466 
0.179230 
0.165481 
0.150457 
0.138821 
0.120442 
0.104929 
0.107078 
0.100542 
0.095672 
0.095284 
0.106838 
0.110825 
0.117819 
0.122672 
0.117170 
0.115339 
0.105537 
0.094882 
0.091656 
0.099847 
0.094906 
0.100480 
0.102413 
0.095568 
0.103877 
0.101260 
0.103385 
0.096842 
0.108963 
0.102961 
0.111549 
0.108199 
0.109799 
0.116031 
0.113636 
0.119596 
0.113061 
0.126962 
0.120070 
0.125518 
0.127104 
0.135000 
0.135903 
0.129048 
0.126700 
0.115492 
0.117394 
0.112551 
0.122245 
0.121388 
0.124829 
0.129807 
0.125333 
0.128159 
0.121842 
0.130636 
0.124392 
0.126254 
0.125471 
0.122250 
0.122089 
0.114271 
0.120434 
0.111574 
0.113485 
0.103095 
0.096532 
0.092878 
0.085388 
0.078919 
0.069846 
0.068641 
0.062010 
0.055956 
0.048824 
0.047662 
0.048914 
0.047666 
0.046437 
0.044555 
0.046036 
0.043016 
0.045389 
0.041675 
0.040482 
0.040063 
0.040702 
0.040922 
0.039774 
0.040252 
0.038372 
0.040476 
0.039956 
0.041638 
0.040251 
0.037940 
0.035629 
0.028200 
0.019761 
0.014571 
0.010489 
0.007622 
0.005514 
0.004061 
0.002689 
0.002797 
0.002111 
0.011924 
0.025003 
0.040353 
0.050589 
0.059272 
0.068927 
0.073375 
0.087652 
0.165244 
0.179014 
0.247650 
0.248787 
0.249593 
0.244409 
0.251268 
0.237159 
0.233274 
0.238643 
0.244570 
0.249822 
0.244185 
0.245418 
0.252506 
0.253691 
0.254583 
0.271657 
0.274173 
0.284697 
0.273487 
0.274913 
0.292819 
0.275044 
0.292126 
0.284610 
0.303495 
0.280833 
0.306836 
0.282076 
0.299249 
0.267090 
0.258111 
0.256526 
0.261613 
0.270004 
0.267868 
0.269940 
0.271620 
0.287468 
0.276373 
0.308535 
0.290639 
0.307439 
0.280117 
0.266482 
0.239088 
0.270686 
0.248296 
0.290182 
0.267253 
0.276642 
0.268221 
0.287287 
0.271240 
0.274921 
0.273696 
0.272307 
0.273092 
0.259118 
0.273501 
0.252083 
0.262729 
0.236097 
0.262759 
0.231405 
0.254325 
0.223082 
0.245288 
0.222986 
0.252437 
0.233051 
0.239587 
0.235419 
0.253288 
0.243701 
0.233913 
0.254996 
0.248590 
0.274016 
0.251219 
0.275763 
0.253691 
0.272225 
0.264413 
0.281746 
0.280692 
0.299027 
0.289431 
0.274245 
0.297678 
0.276555 
0.296123 
0.264287 
0.290556 
0.261855 
0.273650 
0.246733 
0.261247 
0.252188 
0.278601 
0.253607 
0.252754 
0.246550 
0.245090 
0.242582 
0.236847 
0.241221 
0.231363 
0.218806 
0.206431 
0.199521 
0.197409 
0.185114 
0.179321 
0.165749 
0.162190 
0.146801 
0.147044 
0.133455 
0.144336 
0.120757 
0.126046 
0.106572 
0.117977 
0.092422 
0.101090 
0.086885 
0.104716 
0.081405 
0.075206 
0.057358 
0.065969 
0.060063 
0.065905 
0.062728 
0.068235 
0.065516 
0.066451 
0.072657 
0.058386 
0.062443 
0.075520 
0.067128 
0.063891 
0.091124 
0.093837 
0.076646 
0.079761 
0.073033 
0.073775 
0.078464 
0.071643 
0.065980 
0.069424 
0.075756 
0.076682 
0.082853 
0.085259 
0.077887 
0.065022 
0.056732 
0.061249 
0.057905 
0.063376 
0.064600 
0.051774 
0.041469 
0.035200 
0.029520 
0.028971 
0.028278 
0.031168 
0.029716 
0.029676 
0.024813 
0.024135 
0.023649 
0.023312 
0.023899 
0.025766 
0.023031 
0.021585 
0.022860 
0.022493 
0.026753 
0.027563 
0.024504 
0.026329 
0.021731 
0.018222 
0.015417 
0.016046 
0.024108 
0.025812 
0.019139 
0.023076 
0.028192 
0.025992 
0.021413 
0.019552 
0.018360 
0.017105 
0.022666 
0.022419 
0.018611 
0.015865 
0.017920 
0.022633 
0.024602 
0.026027 
0.028803 
0.027597 
0.021748 
0.017429 
0.018352 
0.016819 
0.014369 
0.017381 
0.016881 
0.021196 
0.023484 
0.019825 
0.015543 
0.012508 
0.012778 
0.014776 
0.016172 
0.015776 
0.014552 
0.014656 
0.018406 
0.022018 
0.017529 
0.013498 
0.014115 
0.014168 
0.012725 
0.011455 
0.011880 
0.010025 
0.015294 
0.017271 
0.014623 
0.013376 
0.012521 
0.011466 
0.011261 
0.009839 
0.009919 
0.010332 
0.008953 
0.009177 
0.007835 
0.006923 
0.006846 
0.009098 
0.008463 
0.006496 
0.006536 
0.008389 
0.007891 
0.006017 
0.005270 
0.004568 
0.004274 
0.005064 
0.006035 
0.006208 
0.006183 
0.005932 
0.005388 
0.004455 
0.004332 
0.004044 
0.003910 
0.003100 
0.002424 
0.002100 
0.002625 
0.002493 
0.002389 
0.001799 
0.001282 
0.000938 
0.000681 
0.000480 
0.000387 
0.000188 
0.000564 
0.003199 
0.004251 
0.004871 
0.004626 
0.003269 
0.002465 
0.001765 
0.001291 
0.000916 
0.000836 
0.001339 
0.002161 
0.002543 
0.002562 
0.003639 
0.005749 
0.009251 
0.008996 
0.007113 
0.006665 
0.006366 
0.005812 
0.005016 
0.005776 
0.004794 
0.006090 
0.012341 
0.015161 
0.012223 
0.009625 
0.010689 
0.010083 
0.009102 
0.011636 
0.011125 
0.011595 
0.014167 
0.016494 
0.015629 
0.015023 
0.017578 
0.018923 
0.015561 
0.013512 
0.010984 
0.014250 
0.019968 
0.017651 
0.019262 
0.021560 
0.025746 
0.029993 
0.023879 
0.029839 
0.031109 
0.021832 
0.022064 
0.022869 
0.022704 
0.020100 
0.027585 
0.028598 
0.026033 
0.028283 
0.027333 
0.024552 
0.027710 
0.030398 
0.026996 
0.026543 
0.023325 
0.020849 
0.020692 
0.027881 
0.034958 
0.035989 
0.033671 
0.028003 
0.026106 
0.029078 
0.026717 
0.025498 
0.025029 
0.022966 
0.029334 
0.033522 
0.043716 
0.044287 
0.033950 
0.035509 
0.040607 
0.038151 
0.040970 
0.033960 
0.029078 
0.027099 
0.023811 
0.022349 
0.026337 
0.025900 
0.028844 
0.035542 
0.031654 
0.027145 
0.031905 
0.035314 
0.027469 
0.026856 
0.028425 
0.030727 
0.032411 
0.032712 
0.028335 
0.023844 
0.027315 
0.029819 
0.029696 
0.026493 
0.027761 
0.032137 
0.028648 
0.021995 
0.020637 
0.028214 
0.034727 
0.031926 
0.030512 
0.027463 
0.027923 
0.026547 
0.022465 
0.021491 
0.021705 
0.017291 
0.016742 
0.017229 
0.017552 
0.019129 
0.018876 
0.023165 
0.022252 
0.021193 
0.021202 
0.023875 
0.024129 
0.021889 
0.020676 
0.014523 
0.014347 
0.015925 
0.017733 
0.019904 
0.018579 
0.016288 
0.013236 
0.014072 
0.013634 
0.012996 
0.013915 
0.016555 
0.014082 
0.012675 
0.015715 
0.012560 
0.012425 
0.012193 
0.012897 
0.013253 
0.009854 
0.007939 
0.009543 
0.010584 
0.009443 
0.008458 
0.008218 
0.007978 
0.011605 
0.011921 
0.009291 
0.008851 
0.008822 
0.009744 
0.008783 
0.006560 
0.005447 
0.006101 
0.006913 
0.006098 
0.004997 
0.004574 
0.005601 
0.004792 
0.004374 
0.004149 
0.003109 
0.003023 
0.003915 
0.003149 
0.002411 
0.002142 
0.001512 
0.001171 
0.000916 
0.000652 
0.000477 
0.000344 
0.000250 
0.000181 
0.000131 
0.000095 
0.000069 
0.000050 
0.000036 
0.000026 
0.000019 
0.000014 
0.000010 
0.000007 
0.000005 
0.000004 
0.000003 
0.000002 
0.000001 
0.000001 
0.000001 
0.000001 
0.000000 
0.000000 
0.000000 
0.000000 
0.000000 
0.000000 
0.000000 
0.000000 
0.000000 
0.000000 
0.000000 
0.000000 
0.000000 
0.000000 
0.000000 
0.000000 
0.000000 
0.000000 
0.000000 
0.000000 
0.000000 
0.000000 
0.000000 
0.000000 
0.000000 
0.000000 
0.000000 
0.000000 
0.000000 
0.000000 
0.000000 
0.000000 
0.000000 
0.000000 
0.000000 
0.000000 
0.000000 
0.000000 
0.000000 
0.000000 
0.000000 
0.000000 
0.000000 
0.000000 
0.000000 
0.000000 
0.000000 
0.000000 
0.000000 
0.000000 
0.000000 
0.000000 
0.000000 
0.000000 
0.000000 
0.000000 
0.000000 
0.000000 
0.000000 
0.000000 
0.000000 
0.000000 
0.000000 
0.000000 
0.000000 
0.000000 
0.000000 
0.000000 
0.000000 
0.000000 
0.000000 
0.000000 
0.000000 
0.000000 
0.000000 
0.000000 
0.000000 
0.000000 
0.000000 
0.000000 
0.000000 
0.000000 
0.000000 
0.000000 
0.000000 
0.000000 
