[ASCII 1000Hz, Channels: 1, Samples: 5184, Flags: 0]                          
0.000000 
0.000000 
0.000000 
0.000000 
0.000000 
0.000000 
0.000000 
0.000000 
0.000000 
0.000000 
0.000000 
0.000000 
0.000000 
0.000000 
0.000000 
0.000000 
0.000000 
0.000000 
0.000000 
0.000000 
0.000000 
0.000000 
0.000000 
0.000000 
0.000000 
0.000000 
0.000000 
0.000000 
0.000000 
0.000000 
0.000000 
0.000000 
0.000000 
0.000000 
0.000000 
0.000000 
0.000000 
0.000000 
0.000000 
0.000000 
0.000000 
0.000000 
0.000000 
0.000000 
0.000000 
0.000000 
0.000000 
-0.000000 
0.000000 
0.000001 
-0.000002 
0.000003 
0.000002 
0.000218 
0.001201 
0.001477 
0.002215 
0.004438 
0.005678 
0.007663 
0.010873 
0.020290 
0.027553 
0.045477 
0.083848 
0.133266 
0.186587 
0.215486 
0.234472 
0.265098 
0.261321 
0.256095 
0.260886 
0.273743 
0.271434 
0.271226 
0.290951 
0.298980 
0.306537 
0.298533 
0.303023 
0.312728 
0.312940 
0.316125 
0.312085 
0.308067 
0.311310 
0.306630 
0.311849 
0.328125 
0.333898 
0.326116 
0.327191 
0.324739 
0.313591 
0.326223 
0.320755 
0.323226 
0.334173 
0.322661 
0.327097 
0.327460 
0.324341 
0.324748 
0.321731 
0.323235 
0.319811 
0.330361 
0.330117 
0.313343 
0.314336 
0.312643 
0.311101 
0.307804 
0.301675 
0.308980 
0.289857 
0.275894 
0.275441 
0.272876 
0.265657 
0.267153 
0.277998 
0.276419 
0.274552 
0.280561 
0.273221 
0.267212 
0.273088 
0.269753 
0.270997 
0.274721 
0.278831 
0.283687 
0.289933 
0.302105 
0.309022 
0.314808 
0.298547 
0.290622 
0.303320 
0.297731 
0.296851 
0.303621 
0.300192 
0.298867 
0.307356 
0.312077 
0.312683 
0.306261 
0.301610 
0.295255 
0.294404 
0.290036 
0.288643 
0.298728 
0.296539 
0.292154 
0.298467 
0.298285 
0.299245 
0.293070 
0.289516 
0.291765 
0.307549 
0.307711 
0.303916 
0.313697 
0.307023 
0.297426 
0.299658 
0.297636 
0.296167 
0.290083 
0.290948 
0.301932 
0.298176 
0.298900 
0.309186 
0.303817 
0.300856 
0.303492 
0.298109 
0.292671 
0.291651 
0.285501 
0.281021 
0.291114 
0.295492 
0.298629 
0.298996 
0.295867 
0.289569 
0.299130 
0.299150 
0.292108 
0.296586 
0.296811 
0.289977 
0.287141 
0.284812 
0.293152 
0.289668 
0.287212 
0.300991 
0.304262 
0.307044 
0.314122 
0.312100 
0.308658 
0.296862 
0.294621 
0.302772 
0.290380 
0.280325 
0.276477 
0.265289 
0.257581 
0.258587 
0.263507 
0.277078 
0.280237 
0.283624 
0.290060 
0.305741 
0.305106 
0.293310 
0.290303 
0.283372 
0.286629 
0.290518 
0.292584 
0.310278 
0.306712 
0.304866 
0.309194 
0.324936 
0.333185 
0.309418 
0.314261 
0.326055 
0.312324 
0.315364 
0.323571 
0.326873 
0.329260 
0.336933 
0.329418 
0.326705 
0.333572 
0.324824 
0.319911 
0.320722 
0.329338 
0.335574 
0.341867 
0.333550 
0.323192 
0.316478 
0.314873 
0.316827 
0.326350 
0.335155 
0.338052 
0.332422 
0.329280 
0.327839 
0.331346 
0.335190 
0.343573 
0.337653 
0.324281 
0.307153 
0.308225 
0.304295 
0.297386 
0.294749 
0.297382 
0.306987 
0.305743 
0.304799 
0.310751 
0.301600 
0.295623 
0.299586 
0.292654 
0.289568 
0.297419 
0.302437 
0.306373 
0.313272 
0.306237 
0.295025 
0.289784 
0.286207 
0.288288 
0.289125 
0.293960 
0.301600 
0.294644 
0.292928 
0.299494 
0.295073 
0.293018 
0.296410 
0.292295 
0.288575 
0.284541 
0.290879 
0.288608 
0.279411 
0.275347 
0.277155 
0.295800 
0.291346 
0.289753 
0.293326 
0.302990 
0.304467 
0.288317 
0.290623 
0.293558 
0.295695 
0.297448 
0.297063 
0.294337 
0.295924 
0.296791 
0.298646 
0.299767 
0.298970 
0.306134 
0.302285 
0.298364 
0.297001 
0.300678 
0.302351 
0.295585 
0.299027 
0.303877 
0.309872 
0.307361 
0.303865 
0.302506 
0.302444 
0.303455 
0.310384 
0.312457 
0.312108 
0.309885 
0.308272 
0.308025 
0.312543 
0.313577 
0.313223 
0.304397 
0.314373 
0.322574 
0.326836 
0.316296 
0.307993 
0.314365 
0.312443 
0.311504 
0.313131 
0.309935 
0.309682 
0.312955 
0.313909 
0.315243 
0.320144 
0.315103 
0.316125 
0.319877 
0.315839 
0.313465 
0.310587 
0.311119 
0.301054 
0.298958 
0.312978 
0.309842 
0.311173 
0.320033 
0.317755 
0.314423 
0.310129 
0.314037 
0.315570 
0.316774 
0.311719 
0.309485 
0.307955 
0.305429 
0.312973 
0.317078 
0.306992 
0.317142 
0.318583 
0.309064 
0.321428 
0.323293 
0.321561 
0.310422 
0.308030 
0.311707 
0.313268 
0.313827 
0.313195 
0.317599 
0.308894 
0.303667 
0.306633 
0.310037 
0.317906 
0.329423 
0.315797 
0.311540 
0.311201 
0.313172 
0.317900 
0.318810 
0.315476 
0.316834 
0.320654 
0.323037 
0.323338 
0.322816 
0.319505 
0.308063 
0.311104 
0.326621 
0.311884 
0.317174 
0.330853 
0.323140 
0.319876 
0.315343 
0.307604 
0.310988 
0.316030 
0.323133 
0.320510 
0.320196 
0.329086 
0.312863 
0.305234 
0.305049 
0.301368 
0.304551 
0.308456 
0.301882 
0.316173 
0.326908 
0.316914 
0.327915 
0.328235 
0.315531 
0.311344 
0.308833 
0.309269 
0.308233 
0.308983 
0.309927 
0.314409 
0.305521 
0.299613 
0.308905 
0.313775 
0.316857 
0.316649 
0.318206 
0.320493 
0.324210 
0.322306 
0.320516 
0.319080 
0.315966 
0.316332 
0.315269 
0.310676 
0.309650 
0.309312 
0.309955 
0.317197 
0.316285 
0.312325 
0.314084 
0.307280 
0.308255 
0.317720 
0.311186 
0.313654 
0.318956 
0.319432 
0.308730 
0.303171 
0.312792 
0.309771 
0.317676 
0.329847 
0.310578 
0.299202 
0.297593 
0.311678 
0.319025 
0.317879 
0.312044 
0.303973 
0.311621 
0.320028 
0.320926 
0.317712 
0.315133 
0.315358 
0.311082 
0.317305 
0.325897 
0.325038 
0.332519 
0.334296 
0.330210 
0.325272 
0.326114 
0.331650 
0.327352 
0.322871 
0.319257 
0.318049 
0.324523 
0.322713 
0.315769 
0.335689 
0.337795 
0.335206 
0.340135 
0.329363 
0.324750 
0.327054 
0.317482 
0.319422 
0.323458 
0.322428 
0.318658 
0.316918 
0.322901 
0.322756 
0.320486 
0.319789 
0.322436 
0.322497 
0.322873 
0.327380 
0.330479 
0.327140 
0.322663 
0.339146 
0.335456 
0.332161 
0.333654 
0.326563 
0.325921 
0.328997 
0.324176 
0.325898 
0.325361 
0.321152 
0.323366 
0.323099 
0.320306 
0.314265 
0.309632 
0.309929 
0.315837 
0.297496 
0.294612 
0.300314 
0.302088 
0.300824 
0.296341 
0.288556 
0.277588 
0.278549 
0.276149 
0.269014 
0.267814 
0.272934 
0.274367 
0.276143 
0.286779 
0.286220 
0.284945 
0.286080 
0.294769 
0.292281 
0.283214 
0.278067 
0.286174 
0.285714 
0.275555 
0.267570 
0.281585 
0.282537 
0.285915 
0.286367 
0.281459 
0.280782 
0.275003 
0.272511 
0.273968 
0.284044 
0.278420 
0.268089 
0.274892 
0.281875 
0.279531 
0.278710 
0.283697 
0.279980 
0.273192 
0.269201 
0.273112 
0.277331 
0.279285 
0.279511 
0.276790 
0.277210 
0.269736 
0.262738 
0.260094 
0.263558 
0.264685 
0.263343 
0.257997 
0.260592 
0.264752 
0.267587 
0.269847 
0.269391 
0.261098 
0.257774 
0.265783 
0.255017 
0.256426 
0.262936 
0.266067 
0.254612 
0.249280 
0.252060 
0.258502 
0.259666 
0.260535 
0.267128 
0.269700 
0.254820 
0.255056 
0.254862 
0.255665 
0.261611 
0.260063 
0.262470 
0.268771 
0.269057 
0.265970 
0.263312 
0.260697 
0.259472 
0.252787 
0.251589 
0.247702 
0.234593 
0.250461 
0.255594 
0.252110 
0.252503 
0.255582 
0.261479 
0.267264 
0.272157 
0.266892 
0.262404 
0.261123 
0.265977 
0.276054 
0.269383 
0.263748 
0.267838 
0.273738 
0.268275 
0.263832 
0.268014 
0.270688 
0.274916 
0.272661 
0.270371 
0.278758 
0.274686 
0.266173 
0.257749 
0.254626 
0.256388 
0.266284 
0.270941 
0.263021 
0.259061 
0.257326 
0.261386 
0.266473 
0.264891 
0.264283 
0.267419 
0.271945 
0.270439 
0.276319 
0.279460 
0.278536 
0.275430 
0.275150 
0.271338 
0.269938 
0.275170 
0.281773 
0.289543 
0.293099 
0.292534 
0.291287 
0.286878 
0.289695 
0.294501 
0.297180 
0.298449 
0.305782 
0.310119 
0.306982 
0.299073 
0.304520 
0.309877 
0.307651 
0.303998 
0.306199 
0.310601 
0.319310 
0.321037 
0.314545 
0.309715 
0.307701 
0.302590 
0.296137 
0.295495 
0.298873 
0.294749 
0.306953 
0.314136 
0.311038 
0.303527 
0.306098 
0.296234 
0.293308 
0.293304 
0.286246 
0.285652 
0.291168 
0.292284 
0.292867 
0.295243 
0.288654 
0.282668 
0.287817 
0.294772 
0.298327 
0.305869 
0.294159 
0.289089 
0.287561 
0.288910 
0.299537 
0.301223 
0.300189 
0.304840 
0.306121 
0.296803 
0.291218 
0.292358 
0.296367 
0.301285 
0.299293 
0.295124 
0.299962 
0.294960 
0.289301 
0.292180 
0.295364 
0.289025 
0.304586 
0.311726 
0.299302 
0.288736 
0.298132 
0.305415 
0.301852 
0.293614 
0.293364 
0.291294 
0.285586 
0.290124 
0.290488 
0.288267 
0.293414 
0.296986 
0.291300 
0.299410 
0.291332 
0.296859 
0.299792 
0.301652 
0.310247 
0.311163 
0.309714 
0.307258 
0.315531 
0.321945 
0.319456 
0.323446 
0.318272 
0.324448 
0.331833 
0.329489 
0.323830 
0.317600 
0.317156 
0.320571 
0.317926 
0.322412 
0.320368 
0.322018 
0.324717 
0.324095 
0.327867 
0.329813 
0.332555 
0.332218 
0.333120 
0.333702 
0.326488 
0.329922 
0.337980 
0.326764 
0.324067 
0.326913 
0.323551 
0.320120 
0.318954 
0.318389 
0.316884 
0.312669 
0.315608 
0.320950 
0.313861 
0.305790 
0.306879 
0.307483 
0.303316 
0.306134 
0.312683 
0.313379 
0.313169 
0.317005 
0.306673 
0.299361 
0.308511 
0.310959 
0.306837 
0.309570 
0.304063 
0.300857 
0.304691 
0.307415 
0.299834 
0.298621 
0.300945 
0.304870 
0.305808 
0.310770 
0.302817 
0.296825 
0.298630 
0.300272 
0.305757 
0.306827 
0.307276 
0.312557 
0.312894 
0.307145 
0.308854 
0.311571 
0.304603 
0.302053 
0.307249 
0.303277 
0.306745 
0.305226 
0.306506 
0.308201 
0.306729 
0.309677 
0.298885 
0.297319 
0.295338 
0.298849 
0.303347 
0.304448 
0.304784 
0.305467 
0.304658 
0.298051 
0.299917 
0.300016 
0.297247 
0.296233 
0.292860 
0.288827 
0.292127 
0.297929 
0.299907 
0.301727 
0.293817 
0.288364 
0.288356 
0.287613 
0.292151 
0.300378 
0.291850 
0.289288 
0.288297 
0.292361 
0.300423 
0.300793 
0.298845 
0.300207 
0.301955 
0.296685 
0.294885 
0.294869 
0.296108 
0.300627 
0.298618 
0.296814 
0.304936 
0.309183 
0.302285 
0.290599 
0.281071 
0.277396 
0.287819 
0.293849 
0.282470 
0.281984 
0.284367 
0.272656 
0.264846 
0.267006 
0.272257 
0.271341 
0.277072 
0.275313 
0.272569 
0.267568 
0.274365 
0.282606 
0.282989 
0.285926 
0.291515 
0.293039 
0.294334 
0.293870 
0.294689 
0.292257 
0.296427 
0.293052 
0.285832 
0.288023 
0.288839 
0.284220 
0.282977 
0.281111 
0.278690 
0.278707 
0.274979 
0.277409 
0.283532 
0.282375 
0.277601 
0.278365 
0.285211 
0.295098 
0.296001 
0.287477 
0.278884 
0.274651 
0.277680 
0.278540 
0.279690 
0.296895 
0.286821 
0.278073 
0.280447 
0.276473 
0.274939 
0.278883 
0.279679 
0.281003 
0.282448 
0.280056 
0.276506 
0.284666 
0.287146 
0.283475 
0.280631 
0.278136 
0.280118 
0.282788 
0.278376 
0.277949 
0.284405 
0.279140 
0.276809 
0.281054 
0.279649 
0.289734 
0.301287 
0.293323 
0.287792 
0.286079 
0.290283 
0.288223 
0.287030 
0.289539 
0.285313 
0.296019 
0.284221 
0.285285 
0.289262 
0.285859 
0.286544 
0.291288 
0.295673 
0.294571 
0.284276 
0.287379 
0.296968 
0.289461 
0.285264 
0.291639 
0.297484 
0.288831 
0.291226 
0.291371 
0.287932 
0.290341 
0.286636 
0.293211 
0.295131 
0.294673 
0.296183 
0.287535 
0.285822 
0.293584 
0.305218 
0.307424 
0.296803 
0.287270 
0.295454 
0.299228 
0.305893 
0.309845 
0.313747 
0.303048 
0.304042 
0.309663 
0.312425 
0.312115 
0.309307 
0.308814 
0.319721 
0.311904 
0.309966 
0.305924 
0.298018 
0.305315 
0.298981 
0.299956 
0.300733 
0.309123 
0.307544 
0.300030 
0.309228 
0.308805 
0.301827 
0.300660 
0.298410 
0.299469 
0.302745 
0.295739 
0.298572 
0.305277 
0.309303 
0.306345 
0.302155 
0.298764 
0.299508 
0.305187 
0.301941 
0.297516 
0.299958 
0.297594 
0.297058 
0.301960 
0.304630 
0.298884 
0.300576 
0.305315 
0.308293 
0.301107 
0.297118 
0.305899 
0.304363 
0.298257 
0.294182 
0.298925 
0.306052 
0.308311 
0.304002 
0.297896 
0.302002 
0.295435 
0.291502 
0.293741 
0.298676 
0.298633 
0.294849 
0.287357 
0.290724 
0.295155 
0.289604 
0.285460 
0.283617 
0.282087 
0.282066 
0.283118 
0.288413 
0.288347 
0.285385 
0.279891 
0.283443 
0.277219 
0.276581 
0.286214 
0.285259 
0.284584 
0.281436 
0.280192 
0.279943 
0.278465 
0.278239 
0.277455 
0.283363 
0.281061 
0.276101 
0.278195 
0.280276 
0.285193 
0.280926 
0.279070 
0.282517 
0.273231 
0.265842 
0.261588 
0.265392 
0.268031 
0.259951 
0.264207 
0.260651 
0.266201 
0.263146 
0.263017 
0.258991 
0.249557 
0.248426 
0.251540 
0.248196 
0.249601 
0.251027 
0.240687 
0.238413 
0.243504 
0.246019 
0.245948 
0.253364 
0.257745 
0.253132 
0.259684 
0.254805 
0.250492 
0.248193 
0.244376 
0.243150 
0.241017 
0.237023 
0.228594 
0.224055 
0.219351 
0.212647 
0.199198 
0.189985 
0.194654 
0.192418 
0.196940 
0.209660 
0.205036 
0.204680 
0.215369 
0.221667 
0.223459 
0.252610 
0.256369 
0.247728 
0.238165 
0.248449 
0.235527 
0.219330 
0.215392 
0.236750 
0.222920 
0.217195 
0.235116 
0.228421 
0.239433 
0.251666 
0.246328 
0.233761 
0.227275 
0.235979 
0.228506 
0.230011 
0.236178 
0.232961 
0.234635 
0.238362 
0.231971 
0.226601 
0.233075 
0.228313 
0.227257 
0.227667 
0.237658 
0.246534 
0.244273 
0.257719 
0.274733 
0.268875 
0.273960 
0.269761 
0.267403 
0.252042 
0.221641 
0.223438 
0.223457 
0.247194 
0.225859 
0.215157 
0.206953 
0.198376 
0.200701 
0.209032 
0.213807 
0.206848 
0.198285 
0.190953 
0.195674 
0.190545 
0.187594 
0.174403 
0.159175 
0.171134 
0.181993 
0.173724 
0.195225 
0.198992 
0.178153 
0.174418 
0.163787 
0.169059 
0.220280 
0.202467 
0.185491 
0.176826 
0.174002 
0.178450 
0.177865 
0.202129 
0.163137 
0.150362 
0.130900 
0.156634 
0.200441 
0.179319 
0.168663 
0.185456 
0.185769 
0.209488 
0.177695 
0.155272 
0.197713 
0.185475 
0.174501 
0.156315 
0.150193 
0.116439 
0.146438 
0.164534 
0.176701 
0.191366 
0.179441 
0.219893 
0.223140 
0.208205 
0.175620 
0.165212 
0.194248 
0.172442 
0.153320 
0.159042 
0.169131 
0.179971 
0.168437 
0.188500 
0.162643 
0.131327 
0.160834 
0.201455 
0.160278 
0.143219 
0.151859 
0.139246 
0.163264 
0.194658 
0.177490 
0.160644 
0.144839 
0.203282 
0.244548 
0.194849 
0.172884 
0.150193 
0.162521 
0.190853 
0.171943 
0.158635 
0.146735 
0.120700 
0.122420 
0.127389 
0.122614 
0.117390 
0.122053 
0.127101 
0.151748 
0.188889 
0.164975 
0.118194 
0.120669 
0.131759 
0.108153 
0.102137 
0.077815 
0.090625 
0.124802 
0.118443 
0.089347 
0.064766 
0.053112 
0.046610 
0.074868 
0.072451 
0.081979 
0.083617 
0.070518 
0.057634 
0.060069 
0.078336 
0.074302 
0.052258 
0.044616 
0.042543 
0.037453 
0.035053 
0.026388 
0.020725 
0.017995 
0.013814 
0.011627 
0.009315 
0.009011 
0.008351 
0.008352 
0.009158 
0.008726 
0.007873 
0.010925 
0.013107 
0.011966 
0.012946 
0.012249 
0.008938 
0.006507 
0.004716 
0.003416 
0.002477 
0.001802 
0.001359 
0.004130 
0.012851 
0.026912 
0.043351 
0.053151 
0.056542 
0.054731 
0.071498 
0.071759 
0.056020 
0.044920 
0.050241 
0.061960 
0.077267 
0.084782 
0.081574 
0.116217 
0.182512 
0.170249 
0.138480 
0.132447 
0.177100 
0.222048 
0.192381 
0.206681 
0.249049 
0.198458 
0.194081 
0.194854 
0.154351 
0.179836 
0.209452 
0.265780 
0.282941 
0.269379 
0.240345 
0.170578 
0.162903 
0.171083 
0.174962 
0.243770 
0.233021 
0.273092 
0.261524 
0.210064 
0.168287 
0.200372 
0.253120 
0.253555 
0.257929 
0.235208 
0.179225 
0.195335 
0.236777 
0.226231 
0.208049 
0.267373 
0.263704 
0.249492 
0.270326 
0.213945 
0.184483 
0.212173 
0.206032 
0.243955 
0.208212 
0.226092 
0.231030 
0.218649 
0.211011 
0.183551 
0.200083 
0.168102 
0.177694 
0.223176 
0.183081 
0.187904 
0.256727 
0.197727 
0.269569 
0.279483 
0.235321 
0.224061 
0.218754 
0.227488 
0.247596 
0.227825 
0.197418 
0.202575 
0.252061 
0.287141 
0.297018 
0.247142 
0.171713 
0.194165 
0.186240 
0.172392 
0.176753 
0.143390 
0.193030 
0.242471 
0.229898 
0.203433 
0.257899 
0.231262 
0.156813 
0.165628 
0.218208 
0.191557 
0.171505 
0.180354 
0.168192 
0.160515 
0.192283 
0.214008 
0.188751 
0.170845 
0.147745 
0.144487 
0.198676 
0.221529 
0.209526 
0.189631 
0.143169 
0.145569 
0.165598 
0.168822 
0.155702 
0.132619 
0.135804 
0.222694 
0.206151 
0.165481 
0.187387 
0.213825 
0.213930 
0.185230 
0.150440 
0.200076 
0.175607 
0.148006 
0.157246 
0.110408 
0.122221 
0.163572 
0.138607 
0.124025 
0.171992 
0.201394 
0.189466 
0.149517 
0.134020 
0.127088 
0.101673 
0.085982 
0.104947 
0.118011 
0.129386 
0.114388 
0.090194 
0.111430 
0.146210 
0.167706 
0.168245 
0.195573 
0.162141 
0.147101 
0.147531 
0.141929 
0.120522 
0.118676 
0.107957 
0.119359 
0.102055 
0.086662 
0.078152 
0.086499 
0.080380 
0.076416 
0.074338 
0.068584 
0.053360 
0.053127 
0.048332 
0.060589 
0.090818 
0.077593 
0.053680 
0.041106 
0.040181 
0.034171 
0.035862 
0.030259 
0.026383 
0.030232 
0.025541 
0.023226 
0.021566 
0.024959 
0.027843 
0.022982 
0.016955 
0.019877 
0.017473 
0.020102 
0.016004 
0.013630 
0.014204 
0.012907 
0.010894 
0.010979 
0.014446 
0.013809 
0.012051 
0.012077 
0.011062 
0.010808 
0.009441 
0.008910 
0.009686 
0.008451 
0.006431 
0.006692 
0.008152 
0.005904 
0.005288 
0.004870 
0.003815 
0.003660 
0.003692 
0.002640 
0.001946 
0.001353 
0.001243 
0.001583 
0.001285 
0.000924 
0.001322 
0.002069 
0.001908 
0.001374 
0.001224 
0.001265 
0.002949 
0.005018 
0.004367 
0.004504 
0.005473 
0.005223 
0.006180 
0.006367 
0.007169 
0.008507 
0.007303 
0.006591 
0.006799 
0.006026 
0.004692 
0.005083 
0.006362 
0.006363 
0.007054 
0.007227 
0.007544 
0.008294 
0.008419 
0.008430 
0.008094 
0.007545 
0.006849 
0.005361 
0.003893 
0.002833 
0.002050 
0.001487 
0.001078 
0.000782 
0.000567 
0.000411 
0.000298 
0.000216 
0.000157 
0.000113 
0.000082 
0.000060 
0.000043 
0.000031 
0.000023 
0.000016 
0.000012 
0.000009 
0.000006 
0.000005 
0.000003 
0.000002 
0.000002 
0.000001 
0.000001 
0.000001 
0.000000 
0.000000 
0.000000 
0.000000 
0.000000 
0.000000 
0.000000 
0.000000 
0.000000 
0.000000 
0.000000 
0.000000 
0.000000 
0.000000 
0.000000 
0.000000 
0.000000 
0.000000 
0.000000 
0.000000 
0.000000 
0.000000 
0.000000 
0.000000 
0.000000 
0.000000 
0.000000 
0.000000 
0.000000 
0.000000 
0.000000 
0.000000 
0.000000 
0.000000 
0.000000 
0.000000 
0.000000 
0.000000 
0.000000 
0.000000 
0.000000 
0.000000 
0.000000 
0.000000 
0.000000 
0.000000 
0.000000 
0.000000 
0.000000 
0.000000 
0.000000 
0.000000 
0.000000 
0.000000 
0.000000 
0.000000 
0.000000 
0.000000 
0.000000 
0.000000 
0.000000 
0.000000 
0.000000 
0.000000 
0.000000 
0.000000 
0.000000 
0.000000 
0.000000 
0.000000 
0.000000 
0.000000 
0.000000 
0.000000 
0.000000 
0.000000 
0.000000 
0.000000 
0.000000 
0.000000 
0.000000 
0.000000 
0.000000 
0.000000 
0.000000 
0.000000 
0.000000 
0.000000 
0.000000 
0.000000 
0.000000 
0.000000 
0.000000 
0.000000 
0.000000 
0.000000 
0.000000 
0.000000 
0.000000 
0.000000 
0.000000 
0.000000 
0.000000 
0.000000 
0.000000 
0.000000 
0.000000 
0.000000 
0.000000 
0.000000 
0.000000 
0.000000 
0.000000 
0.000000 
0.000000 
0.000000 
0.000000 
0.000000 
0.000000 
0.000000 
0.000000 
0.000000 
0.000000 
0.000000 
0.000000 
0.000000 
0.000000 
0.000000 
0.000000 
0.000000 
0.000000 
0.000000 
0.000000 
0.000000 
0.000000 
0.000000 
0.000000 
0.000000 
0.000000 
0.000000 
0.000000 
0.000000 
0.000000 
0.000000 
0.000000 
0.000000 
0.000000 
0.000000 
0.000000 
0.000000 
0.000000 
0.000000 
0.000000 
0.000000 
0.000000 
0.000000 
0.000000 
0.000000 
0.000000 
0.000000 
0.000000 
0.000000 
0.000000 
0.000000 
0.000000 
0.000000 
0.000000 
0.000000 
0.000000 
0.000000 
0.000000 
0.000000 
0.000000 
0.000000 
0.000000 
0.000000 
0.000000 
0.000000 
0.000000 
0.000000 
0.000000 
0.000000 
0.000000 
0.000000 
0.000000 
0.000000 
0.000000 
0.000000 
0.000000 
0.000000 
0.000000 
0.000000 
0.000000 
0.000000 
0.000000 
0.000000 
0.000000 
0.000000 
0.000000 
0.000000 
0.000000 
0.000000 
0.000000 
0.000000 
0.000000 
0.000000 
0.000000 
0.000000 
0.000000 
0.000000 
0.000000 
0.000000 
0.000000 
0.000000 
0.000000 
0.000000 
0.000000 
0.000000 
0.000000 
0.000000 
0.000000 
0.000000 
0.000000 
0.000000 
0.000000 
0.000000 
0.000000 
0.000000 
0.000000 
0.000000 
0.000000 
0.000000 
0.000000 
0.000000 
0.000000 
0.000000 
0.000000 
0.000000 
0.000000 
0.000000 
-0.000000 
-0.000000 
0.000005 
-0.000015 
0.000024 
0.000057 
0.000858 
0.010960 
0.014368 
0.060182 
0.106287 
0.172102 
0.290110 
0.213927 
0.302846 
0.263982 
0.291584 
0.334296 
0.285597 
0.286632 
0.263574 
0.324194 
0.275081 
0.284682 
0.259667 
0.284811 
0.263344 
0.270664 
0.248648 
0.250444 
0.299571 
0.292864 
0.302521 
0.286114 
0.275746 
0.262810 
0.252580 
0.246484 
0.259308 
0.263263 
0.235464 
0.227493 
0.227056 
0.243091 
0.246172 
0.256734 
0.240742 
0.226038 
0.234149 
0.230465 
0.241124 
0.230355 
0.221402 
0.244477 
0.240861 
0.224307 
0.227720 
0.240188 
0.255988 
0.257953 
0.242639 
0.240633 
0.252898 
0.251321 
0.247625 
0.245553 
0.237643 
0.261061 
0.253361 
0.237626 
0.273412 
0.283364 
0.265885 
0.257273 
0.295205 
0.273297 
0.266289 
0.270613 
0.278768 
0.272030 
0.258769 
0.292014 
0.270788 
0.288355 
0.267901 
0.311906 
0.276664 
0.303689 
0.293644 
0.335161 
0.301403 
0.328559 
0.305541 
0.321947 
0.290601 
0.319433 
0.287840 
0.287613 
0.263321 
0.280625 
0.249004 
0.307168 
0.260907 
0.294082 
0.256653 
0.328414 
0.282958 
0.250533 
0.217694 
0.211037 
0.194014 
0.205967 
0.214386 
0.230341 
0.221695 
0.222337 
0.227084 
0.237843 
0.263370 
0.284734 
0.305662 
0.283403 
0.275334 
0.275282 
0.264317 
0.295654 
0.286204 
0.291883 
0.323166 
0.298177 
0.293385 
0.273532 
0.291882 
0.304848 
0.263587 
0.295632 
0.245970 
0.267061 
0.285740 
0.246099 
0.254130 
0.201769 
0.240647 
0.240986 
0.217278 
0.272550 
0.217223 
0.218013 
0.270688 
0.216654 
0.266306 
0.239431 
0.179890 
0.235860 
0.217344 
0.200568 
0.256262 
0.198174 
0.203158 
0.253729 
0.211805 
0.255298 
0.259705 
0.189378 
0.254939 
0.253787 
0.232330 
0.273978 
0.193104 
0.207790 
0.231184 
0.176079 
0.235630 
0.197127 
0.208519 
0.239965 
0.168271 
0.234695 
0.180497 
0.214239 
0.249607 
0.205922 
0.290809 
0.232007 
0.278729 
0.267373 
0.247342 
0.286018 
0.245218 
0.296613 
0.249983 
0.282635 
0.271277 
0.289096 
0.285050 
0.284338 
0.312629 
0.278867 
0.302470 
0.274535 
0.340285 
0.306643 
0.333648 
0.294530 
0.322043 
0.297224 
0.315253 
0.289288 
0.306529 
0.311477 
0.306448 
0.273668 
0.262619 
0.247563 
0.258204 
0.234097 
0.247184 
0.240004 
0.234034 
0.223518 
0.213650 
0.224266 
0.212796 
0.215816 
0.201906 
0.217005 
0.202878 
0.195410 
0.186555 
0.206257 
0.183826 
0.189260 
0.172404 
0.196428 
0.174340 
0.190554 
0.164979 
0.200410 
0.175994 
0.211886 
0.187963 
0.221896 
0.198121 
0.232680 
0.212927 
0.268790 
0.243659 
0.275717 
0.256961 
0.293073 
0.277914 
0.303949 
0.288235 
0.301373 
0.298909 
0.306551 
0.305993 
0.308077 
0.293757 
0.286835 
0.239144 
0.217083 
0.155680 
0.149867 
0.108116 
0.158477 
0.137167 
0.135443 
0.140898 
0.102132 
0.130637 
0.095036 
0.091176 
0.105148 
0.067609 
0.081610 
0.096179 
0.059968 
0.099506 
0.113276 
0.071952 
0.081790 
0.081418 
0.050398 
0.071650 
0.084534 
0.050801 
0.075145 
0.086608 
0.058524 
0.062876 
0.049676 
0.033593 
0.031454 
0.032462 
0.021287 
0.020648 
0.023032 
0.016780 
0.013513 
0.009362 
0.007918 
0.007345 
0.004806 
0.004902 
0.007739 
0.005743 
0.004203 
0.003863 
0.003282 
0.003304 
0.002727 
0.004079 
0.003091 
0.004575 
0.005126 
0.003415 
0.002580 
0.001847 
0.001321 
0.001021 
0.000573 
0.001493 
0.006318 
0.016537 
0.022331 
0.023661 
0.032236 
0.133598 
0.196741 
0.225389 
0.195016 
0.207078 
0.171873 
0.141457 
0.177194 
0.213912 
0.220795 
0.234148 
0.257452 
0.250265 
0.288725 
0.285193 
0.278255 
0.248541 
0.278058 
0.249000 
0.285613 
0.240921 
0.298633 
0.265840 
0.286234 
0.263421 
0.298454 
0.304447 
0.293961 
0.317787 
0.282416 
0.268680 
0.250102 
0.323569 
0.302668 
0.295168 
0.290976 
0.320238 
0.331213 
0.319463 
0.304303 
0.325432 
0.288393 
0.279301 
0.262392 
0.220102 
0.220225 
0.282811 
0.219926 
0.239968 
0.223965 
0.240447 
0.176918 
0.249575 
0.259769 
0.233930 
0.275023 
0.201516 
0.265620 
0.227096 
0.249681 
0.306164 
0.246050 
0.265888 
0.206945 
0.161356 
0.128283 
0.098128 
0.081961 
0.122926 
0.096623 
0.086961 
0.173659 
0.146189 
0.104338 
0.133549 
0.144669 
0.107925 
0.156501 
0.147703 
0.097213 
0.094820 
0.126627 
0.113825 
0.077436 
0.098916 
0.103005 
0.069979 
0.052863 
0.115607 
0.139036 
0.095340 
0.095555 
0.160532 
0.143493 
0.094347 
0.100512 
0.112185 
0.078537 
0.060321 
0.063024 
0.074266 
0.064698 
0.044438 
0.058779 
0.069386 
0.052149 
0.063498 
0.083790 
0.065722 
0.052838 
0.054657 
0.071330 
0.079448 
0.058331 
0.050402 
0.074449 
0.068542 
0.049202 
0.049633 
0.060131 
0.050959 
0.041716 
0.067028 
0.063124 
0.048646 
0.064378 
0.068263 
0.046646 
0.034921 
0.070150 
0.084984 
0.090277 
0.115091 
0.121064 
0.100509 
0.072349 
0.075507 
0.062622 
0.047412 
0.078930 
0.100563 
0.077050 
0.120013 
0.203359 
0.170396 
0.123173 
0.158313 
0.143491 
0.097913 
0.093912 
0.121540 
0.093191 
0.085982 
0.157731 
0.162669 
0.137522 
0.177595 
0.157211 
0.111522 
0.158143 
0.231187 
0.161627 
0.200864 
0.279306 
0.192307 
0.257377 
0.318498 
0.222416 
0.192627 
0.201707 
0.156108 
0.193412 
0.244367 
0.180383 
0.256006 
0.284753 
0.207186 
0.242166 
0.183569 
0.175783 
0.311153 
0.254026 
0.265157 
0.292476 
0.206795 
0.236302 
0.234482 
0.200134 
0.249103 
0.164785 
0.225076 
0.252945 
0.196727 
0.299847 
0.213382 
0.246812 
0.325978 
0.221162 
0.319708 
0.254551 
0.270811 
0.335601 
0.234943 
0.318128 
0.246678 
0.271317 
0.272617 
0.233060 
0.286600 
0.221825 
0.292739 
0.228713 
0.249286 
0.245629 
0.201044 
0.218997 
0.150922 
0.192138 
0.138074 
0.202840 
0.250484 
0.228878 
0.378063 
0.277543 
0.378508 
0.303281 
0.355458 
0.323895 
0.336812 
0.358928 
0.315149 
0.367022 
0.301904 
0.388172 
0.307733 
0.392434 
0.312297 
0.379263 
0.311602 
0.363841 
0.312702 
0.350386 
0.323147 
0.335641 
0.326181 
0.324503 
0.343766 
0.311516 
0.336983 
0.295998 
0.345335 
0.294834 
0.334295 
0.282288 
0.318816 
0.269012 
0.315845 
0.274832 
0.325730 
0.262574 
0.223678 
0.190308 
0.183924 
0.180365 
0.201643 
0.189294 
0.188039 
0.189171 
0.199671 
0.202847 
0.195535 
0.198945 
0.200381 
0.206097 
0.208322 
0.194413 
0.228585 
0.231205 
0.232861 
0.230689 
0.217854 
0.213456 
0.228514 
0.230480 
0.232490 
0.223548 
0.232148 
0.209565 
0.229079 
0.225073 
0.246647 
0.232129 
0.229124 
0.219266 
0.223418 
0.213156 
0.222253 
0.218726 
0.243542 
0.238799 
0.247095 
0.253511 
0.243179 
0.244586 
0.259412 
0.255791 
0.233133 
0.232536 
0.212037 
0.219123 
0.209039 
0.203340 
0.197704 
0.182662 
0.175167 
0.178992 
0.161428 
0.162798 
0.164106 
0.171981 
0.164768 
0.144751 
0.144155 
0.140880 
0.118031 
0.119131 
0.124588 
0.143782 
0.149077 
0.162183 
0.186177 
0.190951 
0.192854 
0.187003 
0.174440 
0.159361 
0.143660 
0.132595 
0.114463 
0.097771 
0.079140 
0.063663 
0.069133 
0.074577 
0.070624 
0.080474 
0.077593 
0.056257 
0.045835 
0.043875 
0.060261 
0.074167 
0.081266 
0.082832 
0.082136 
0.077733 
0.069285 
0.054380 
0.043448 
0.049626 
0.047797 
0.049854 
0.054407 
0.037097 
0.033829 
0.036149 
0.030802 
0.030556 
0.036154 
0.054196 
0.068937 
0.065118 
0.050737 
0.065868 
0.059760 
0.069374 
0.089207 
0.063810 
0.047057 
0.036281 
0.040471 
0.055866 
0.048871 
0.043641 
0.050841 
0.043464 
0.034687 
0.029834 
0.022258 
0.019600 
0.019133 
0.024693 
0.029640 
0.029584 
0.030810 
0.027709 
0.024766 
0.019966 
0.016527 
0.013605 
0.012928 
0.014161 
0.011030 
0.012387 
0.012682 
0.009616 
0.009458 
0.009147 
0.009074 
0.012946 
0.012027 
0.010105 
0.011079 
0.011513 
0.014751 
0.016709 
0.014946 
0.013780 
0.013143 
0.012422 
0.014268 
0.012985 
0.012347 
0.018058 
0.017438 
0.022562 
0.020867 
0.014954 
0.017861 
0.022086 
0.034472 
0.040747 
0.049233 
0.051267 
0.050829 
0.054141 
0.082279 
0.114597 
0.192495 
0.238497 
0.269596 
0.284570 
0.301483 
0.293063 
0.287750 
0.283866 
0.287430 
0.288921 
0.279123 
0.276115 
0.272373 
0.279160 
0.270113 
0.248707 
0.254654 
0.254081 
0.255637 
0.257900 
0.263890 
0.269177 
0.266660 
0.262199 
0.273856 
0.271042 
0.261046 
0.274152 
0.287804 
0.284184 
0.279158 
0.270609 
0.274135 
0.270828 
0.265929 
0.232140 
0.207752 
0.167163 
0.135375 
0.099294 
0.075153 
0.061532 
0.056312 
0.055541 
0.054112 
0.048875 
0.043027 
0.041997 
0.035132 
0.027221 
0.020163 
0.016385 
0.014983 
0.012295 
0.009173 
0.007485 
0.005594 
0.004052 
0.004821 
0.005950 
0.006066 
0.005914 
0.005591 
0.004858 
0.003947 
0.002891 
0.002128 
0.001635 
0.001558 
0.001465 
0.001497 
0.001438 
0.001561 
0.001930 
0.001818 
0.001605 
0.001101 
0.001123 
0.001161 
0.001391 
0.001193 
0.000869 
0.000644 
0.000462 
0.000336 
0.000245 
0.000172 
0.000159 
0.000156 
0.000108 
0.000080 
0.000058 
0.000041 
0.000030 
0.000027 
0.000013 
0.000622 
0.000873 
0.000578 
0.000439 
0.000313 
0.000228 
0.000165 
0.000120 
0.000087 
0.000064 
0.000032 
0.000148 
-0.000401 
0.001306 
-0.001754 
0.016255 
0.081543 
0.106997 
0.098531 
0.076070 
0.051801 
0.047433 
0.101733 
0.208927 
0.290250 
0.310904 
0.301475 
0.287167 
0.247615 
0.232632 
0.228978 
0.260162 
0.295817 
0.290016 
0.285436 
0.306624 
0.304298 
0.309230 
0.306388 
0.302719 
0.317262 
0.304551 
0.316287 
0.314364 
0.339700 
0.327125 
0.335087 
0.347917 
0.364491 
0.342784 
0.338879 
0.349454 
0.341745 
0.335669 
0.324218 
0.316026 
0.300962 
0.317631 
0.314086 
0.299003 
0.293728 
0.299667 
0.285053 
0.304183 
0.306299 
0.280076 
0.269398 
0.287607 
0.302191 
0.284756 
0.295853 
0.257247 
0.306488 
0.265506 
0.319732 
0.275867 
0.331434 
0.257499 
0.286507 
0.258740 
0.270305 
0.260330 
0.253645 
0.273476 
0.244543 
0.321741 
0.241954 
0.263409 
0.225077 
0.243818 
0.230850 
0.239322 
0.233456 
0.229515 
0.243539 
0.210145 
0.211453 
0.195963 
0.246757 
0.217363 
0.193293 
0.188558 
0.187037 
0.224581 
0.181071 
0.170117 
0.145995 
0.224466 
0.279290 
0.203510 
0.198365 
0.183550 
0.194552 
0.187585 
0.191144 
0.246517 
0.199734 
0.174665 
0.170373 
0.185044 
0.217110 
0.171087 
0.205474 
0.208217 
0.157534 
0.180198 
0.169526 
0.178860 
0.155612 
0.216649 
0.240126 
0.185442 
0.192624 
0.183196 
0.151051 
0.143070 
0.118596 
0.161042 
0.154497 
0.137287 
0.165288 
0.136957 
0.156865 
0.167715 
0.129189 
0.148603 
0.148650 
0.179726 
0.258923 
0.211805 
0.189316 
0.182407 
0.140388 
0.178597 
0.172559 
0.153378 
0.183054 
0.149444 
0.204772 
0.209390 
0.186679 
0.179567 
0.142333 
0.176450 
0.184748 
0.142010 
0.214717 
0.190086 
0.160694 
0.184262 
0.136189 
0.163191 
0.150251 
0.132653 
0.160926 
0.142547 
0.170506 
0.176060 
0.192913 
0.252351 
0.200723 
0.224938 
0.201685 
0.155081 
0.184763 
0.170411 
0.246677 
0.252456 
0.221593 
0.241751 
0.188305 
0.250505 
0.208583 
0.228403 
0.330795 
0.252573 
0.272251 
0.288929 
0.229438 
0.248947 
0.222238 
0.272609 
0.280378 
0.260392 
0.281674 
0.214560 
0.232164 
0.194918 
0.155719 
0.159506 
0.156568 
0.228819 
0.210437 
0.222774 
0.230959 
0.189550 
0.258376 
0.230976 
0.279919 
0.294031 
0.222638 
0.202710 
0.170744 
0.213103 
0.198735 
0.234973 
0.262223 
0.269637 
0.322650 
0.246239 
0.193025 
0.153308 
0.187611 
0.206899 
0.176083 
0.231998 
0.200276 
0.196947 
0.174713 
0.211816 
0.335826 
0.274180 
0.228879 
0.174446 
0.149715 
0.221430 
0.202136 
0.204526 
0.209431 
0.194992 
0.214527 
0.156636 
0.132413 
0.126868 
0.105531 
0.093615 
0.074587 
0.081242 
0.096459 
0.070670 
0.058332 
0.063020 
0.068653 
0.070409 
0.060327 
0.049949 
0.048863 
0.047764 
0.036996 
0.030999 
0.028588 
0.027377 
0.020186 
0.022466 
0.022662 
0.018211 
0.013078 
0.010048 
0.007375 
0.005320 
0.003870 
0.002801 
0.002032 
0.001473 
0.001070 
0.000767 
0.000580 
0.000365 
0.000493 
0.003166 
0.007699 
0.014592 
0.020435 
0.020999 
0.017121 
0.020942 
0.027607 
0.029610 
0.037055 
0.041893 
0.044547 
0.042607 
0.051199 
0.053845 
0.044115 
0.065213 
0.116938 
0.124901 
0.099097 
0.078621 
0.073281 
0.066995 
0.055415 
0.072508 
0.072477 
0.062958 
0.052753 
0.063206 
0.056066 
0.063355 
0.060212 
0.078189 
0.081663 
0.094615 
0.098113 
0.095694 
0.094673 
0.124210 
0.109197 
0.094055 
0.075691 
0.077024 
0.095455 
0.100915 
0.088876 
0.085051 
0.106701 
0.108885 
0.105039 
0.092796 
0.111165 
0.118793 
0.111513 
0.107822 
0.117627 
0.117317 
0.128178 
0.100231 
0.081670 
0.085452 
0.096196 
0.108789 
0.127189 
0.119461 
0.112263 
0.103322 
0.095798 
0.081643 
0.102424 
0.110536 
0.099845 
0.103543 
0.122679 
0.118635 
0.111819 
0.098939 
0.083814 
0.090723 
0.093991 
0.082009 
0.090232 
0.091352 
0.105879 
0.106568 
0.115412 
0.110382 
0.090327 
0.098034 
0.095559 
0.082519 
0.100978 
0.103271 
0.084257 
0.113332 
0.099639 
0.093841 
0.097429 
0.072768 
0.082962 
0.099767 
0.109037 
0.119778 
0.151490 
0.141961 
0.133464 
0.119662 
0.130210 
0.127277 
0.124240 
0.133828 
0.107040 
0.097931 
0.076429 
0.082042 
0.099871 
0.085709 
0.069099 
0.069962 
0.103676 
0.109348 
0.097930 
0.087045 
0.103457 
0.088299 
0.076777 
0.092119 
0.094181 
0.097857 
0.100911 
0.089260 
0.083174 
0.080053 
0.085912 
0.095244 
0.086338 
0.083555 
0.072892 
0.083492 
0.070533 
0.108326 
0.094251 
0.079817 
0.063116 
0.114621 
0.123668 
0.098427 
0.082587 
0.078889 
0.066703 
0.063228 
0.052926 
0.050436 
0.053835 
0.057378 
0.051755 
0.055665 
0.062844 
0.050213 
0.056112 
0.055089 
0.052706 
0.046528 
0.055076 
0.050810 
0.047053 
0.079770 
0.084971 
0.072498 
0.055872 
0.050002 
0.043524 
0.048356 
0.040898 
0.041833 
0.051729 
0.043931 
0.052182 
0.052219 
0.040560 
0.037059 
0.032952 
0.030773 
0.039976 
0.051222 
0.054788 
0.054465 
0.050685 
0.042738 
0.040443 
0.037494 
0.036904 
0.038566 
0.033490 
0.031030 
0.028826 
0.024459 
0.025865 
0.028509 
0.022718 
0.021750 
0.032963 
0.029652 
0.023078 
0.018354 
0.013596 
0.016404 
0.018459 
0.020471 
0.026892 
0.029387 
0.030713 
0.029419 
0.022297 
0.024233 
0.022980 
0.025192 
0.025074 
0.017882 
0.014771 
0.011844 
0.011051 
0.013179 
0.011939 
0.010250 
0.010212 
0.017094 
0.018318 
0.015888 
0.012349 
0.010653 
0.009841 
0.016388 
0.016656 
0.017433 
0.015624 
0.011658 
0.012116 
0.011771 
0.010161 
0.009836 
0.012960 
0.012726 
0.010477 
0.008491 
0.008021 
0.006256 
0.008467 
0.007282 
0.008299 
0.009585 
0.010668 
0.011275 
0.014233 
0.012830 
0.009952 
0.009889 
0.007877 
0.005834 
0.004478 
0.003804 
0.004360 
0.004191 
0.003238 
0.002336 
0.001670 
0.002116 
0.002962 
0.002253 
0.001605 
0.001178 
0.000848 
0.000616 
0.000447 
0.000325 
0.000232 
0.000179 
0.000101 
0.000220 
0.000647 
0.000979 
0.001414 
0.001531 
0.001400 
0.001012 
0.000734 
0.000532 
0.000386 
0.000280 
0.000203 
0.000148 
0.000105 
0.000082 
0.000045 
0.000110 
0.000790 
0.001802 
0.002118 
0.001551 
0.001134 
0.000821 
0.000594 
0.000431 
0.000313 
0.000227 
0.000164 
0.000119 
0.000086 
0.000067 
0.000158 
0.000515 
0.001159 
0.001370 
0.001017 
0.000741 
0.000537 
0.000389 
0.000282 
0.000205 
0.000148 
0.000104 
0.000090 
0.000027 
0.000657 
0.001275 
0.001437 
0.001167 
0.000818 
0.000603 
0.000434 
0.000316 
0.000226 
0.000170 
0.000113 
0.000127 
0.000901 
0.001285 
0.001607 
0.001550 
0.001505 
0.001868 
0.002035 
0.002892 
0.004485 
0.004462 
0.004333 
0.003908 
0.003910 
0.004134 
0.004453 
0.005305 
0.005599 
0.005247 
0.004074 
0.003516 
0.003745 
0.003585 
0.003820 
0.004208 
0.003430 
0.003443 
0.003216 
0.002697 
0.003745 
0.003222 
0.003816 
0.003617 
0.004394 
0.003175 
0.002756 
0.002354 
0.001631 
0.001216 
0.000889 
0.000647 
0.000508 
0.000450 
0.000757 
0.000877 
0.001247 
0.001702 
0.001280 
0.001172 
0.000902 
0.001254 
0.002959 
0.004422 
0.005339 
0.004953 
0.004984 
0.005976 
0.005442 
0.004419 
0.004075 
0.003484 
0.002500 
0.002115 
0.001613 
0.002287 
0.004627 
0.005290 
0.010882 
0.015069 
0.017231 
0.037687 
0.050070 
0.095936 
0.127210 
0.215128 
0.352895 
0.330636 
0.368383 
0.328370 
0.351355 
0.336501 
0.363683 
0.361334 
0.371062 
0.372761 
0.368337 
0.368558 
0.342474 
0.366181 
0.336263 
0.358342 
0.322718 
0.356388 
0.315002 
0.339209 
0.297341 
0.320105 
0.277816 
0.302954 
0.266704 
0.271911 
0.240474 
0.245070 
0.233986 
0.244086 
0.224506 
0.215812 
0.226357 
0.216369 
0.218601 
0.213020 
0.208355 
0.204422 
0.198995 
0.219345 
0.222615 
0.195865 
0.224378 
0.256027 
0.284183 
0.299925 
0.266848 
0.294006 
0.297468 
0.252006 
0.280189 
0.310357 
0.307001 
0.301557 
0.295210 
0.313201 
0.301188 
0.321294 
0.311944 
0.334205 
0.343047 
0.327818 
0.328666 
0.329617 
0.278150 
0.281800 
0.320294 
0.322584 
0.338971 
0.331469 
0.332025 
0.308024 
0.294118 
0.252487 
0.248788 
0.195620 
0.197260 
0.285042 
0.311077 
0.338931 
0.283388 
0.262109 
0.290321 
0.272999 
0.259337 
0.322224 
0.314179 
0.321609 
0.296002 
0.313666 
0.283104 
0.310106 
0.254032 
0.211125 
0.232961 
0.301811 
0.303868 
0.306221 
0.266485 
0.249769 
0.320349 
0.309030 
0.323860 
0.335867 
0.295187 
0.283446 
0.301469 
0.281384 
0.267156 
0.263941 
0.268288 
0.284958 
0.300140 
0.309070 
0.273390 
0.273153 
0.241973 
0.187858 
0.213582 
0.212489 
0.229371 
0.229026 
0.236957 
0.229331 
0.238384 
0.213581 
0.218036 
0.220626 
0.209946 
0.206558 
0.195862 
0.198261 
0.226825 
0.218226 
0.214917 
0.208909 
0.200038 
0.192330 
0.180220 
0.172973 
0.162528 
0.137804 
0.135296 
0.120263 
0.109183 
0.091475 
0.077609 
0.065983 
0.052224 
0.041538 
0.040283 
0.034635 
0.029495 
0.022336 
0.017366 
0.014728 
0.011903 
0.010377 
0.009575 
0.007905 
0.005743 
0.005539 
0.005622 
0.005797 
0.004995 
0.004685 
0.004888 
0.004705 
0.004727 
0.004473 
0.004001 
0.003621 
0.003849 
0.003649 
0.003177 
0.002744 
0.002096 
0.001629 
0.001261 
0.000987 
0.000755 
0.000539 
0.000394 
0.000284 
0.000206 
0.000150 
0.000109 
0.000078 
0.000059 
0.000037 
0.000082 
0.000095 
0.000074 
0.000133 
0.000121 
0.000081 
0.000062 
0.000044 
0.000032 
0.000023 
0.000017 
0.000012 
0.000009 
0.000006 
0.000005 
0.000003 
0.000003 
0.000001 
0.000005 
-0.000008 
0.000140 
0.000235 
0.000176 
0.000080 
0.000324 
0.000866 
0.000660 
0.000473 
0.000343 
0.000295 
0.000238 
0.000252 
0.000222 
0.002162 
-0.000829 
0.078911 
0.176241 
0.189402 
0.144958 
0.122098 
0.155502 
0.143464 
0.092496 
0.087238 
0.146922 
0.113849 
0.082223 
0.064626 
0.049276 
0.045328 
0.043715 
0.046893 
0.084924 
0.115771 
0.151207 
0.199090 
0.242026 
0.262175 
0.278562 
0.290233 
0.276927 
0.254932 
0.250443 
0.259590 
0.269379 
0.269639 
0.280353 
0.294079 
0.297237 
0.298125 
0.302596 
0.302041 
0.316842 
0.330283 
0.331610 
0.330540 
0.329422 
0.325265 
0.324605 
0.321914 
0.313707 
0.297364 
0.275929 
0.276833 
0.272652 
0.274898 
0.272141 
0.268878 
0.267199 
0.265648 
0.268535 
0.282057 
0.275071 
0.264620 
0.259688 
0.269592 
0.283358 
0.284750 
0.273780 
0.273212 
0.286893 
0.286017 
0.288128 
0.290322 
0.285634 
0.288329 
0.297531 
0.296807 
0.295644 
0.306701 
0.316187 
0.315842 
0.318442 
0.326414 
0.330706 
0.329778 
0.331637 
0.340978 
0.350398 
0.354240 
0.354679 
0.356252 
0.357262 
0.355304 
0.351005 
0.351252 
0.353319 
0.351633 
0.348067 
0.348591 
0.353012 
0.353609 
0.351130 
0.353524 
0.353515 
0.354736 
0.352627 
0.335594 
0.343243 
0.346651 
0.354101 
0.354513 
0.352907 
0.358096 
0.350678 
0.328635 
0.308077 
0.277210 
0.227302 
0.163210 
0.139783 
0.149229 
0.148917 
0.115704 
0.099442 
0.105152 
0.126845 
0.129311 
0.118338 
0.118214 
0.116480 
0.127425 
0.115395 
0.098925 
0.109547 
0.118880 
0.130923 
0.125325 
0.131615 
0.129926 
0.140863 
0.139847 
0.127139 
0.130087 
0.134725 
0.128167 
0.125497 
0.115259 
0.133439 
0.129759 
0.129136 
0.129495 
0.122640 
0.118826 
0.112807 
0.126844 
0.130124 
0.139104 
0.145784 
0.152624 
0.169406 
0.189782 
0.192154 
0.189160 
0.177684 
0.175317 
0.177765 
0.151252 
0.130131 
0.137129 
0.136460 
0.124174 
0.100713 
0.069670 
0.052443 
0.062174 
0.059996 
0.069535 
0.062610 
0.063473 
0.052741 
0.046551 
0.034909 
0.027648 
0.021774 
0.016487 
0.011689 
0.008758 
0.007866 
0.008263 
0.009998 
0.007956 
0.006488 
0.005724 
0.004766 
0.003294 
0.002476 
0.002609 
0.002116 
0.002260 
0.001927 
0.001265 
0.001172 
0.001863 
0.001816 
0.001895 
0.001362 
0.001010 
0.000743 
0.000488 
0.000593 
0.000719 
0.000997 
0.001089 
0.001302 
0.001079 
0.001114 
0.001198 
0.001328 
0.000943 
0.000690 
0.000499 
0.000362 
0.000265 
0.000182 
0.000863 
0.001486 
0.002125 
0.002612 
0.002525 
0.002578 
0.002841 
0.001997 
0.001471 
0.001062 
0.000770 
0.000558 
0.000405 
0.000293 
0.000214 
0.000154 
0.000116 
0.000752 
0.001246 
0.005664 
-0.001345 
0.076817 
0.147163 
0.181215 
0.201531 
0.143484 
0.106789 
0.076592 
0.064280 
0.052123 
0.036282 
0.032235 
0.034349 
0.019740 
0.076917 
0.075910 
0.173830 
0.236083 
0.267507 
0.384628 
0.323534 
0.395602 
0.320402 
0.383665 
0.316114 
0.382791 
0.317345 
0.355834 
0.298738 
0.360233 
0.305857 
0.360389 
0.307262 
0.361014 
0.309692 
0.344535 
0.304880 
0.363821 
0.319490 
0.363798 
0.325286 
0.368762 
0.334145 
0.366018 
0.339588 
0.374540 
0.349489 
0.369064 
0.347543 
0.358395 
0.349244 
0.355983 
0.343449 
0.338612 
0.344226 
0.336555 
0.334063 
0.311457 
0.338721 
0.316580 
0.329597 
0.298842 
0.338431 
0.310812 
0.337821 
0.306765 
0.321420 
0.281412 
0.313050 
0.276223 
0.299137 
0.263547 
0.288760 
0.249922 
0.283682 
0.246758 
0.274706 
0.234837 
0.251300 
0.217784 
0.233075 
0.193618 
0.204581 
0.171895 
0.174943 
0.143964 
0.154351 
0.124042 
0.130228 
0.109890 
0.107730 
0.089296 
0.111738 
0.112921 
0.111907 
0.122260 
0.111074 
0.133089 
0.111721 
0.106547 
0.079040 
0.106093 
0.109592 
0.114436 
0.110583 
0.093821 
0.088364 
0.075926 
0.065100 
0.095737 
0.089276 
0.090946 
0.098799 
0.075883 
0.070060 
0.053122 
0.055910 
0.069288 
0.079729 
0.089330 
0.081067 
0.066113 
0.068029 
0.055446 
0.042852 
0.046006 
0.047081 
0.053635 
0.045780 
0.043330 
0.052250 
0.046996 
0.039566 
0.035107 
0.028628 
0.034553 
0.030564 
0.025573 
0.025804 
0.026605 
0.026182 
0.021277 
0.021773 
0.017205 
0.015615 
0.014101 
0.013436 
0.015848 
0.015249 
0.014464 
0.011932 
0.010105 
0.008264 
0.007325 
0.006593 
0.005370 
0.004255 
0.003501 
0.003815 
0.003348 
0.002855 
0.002464 
0.002330 
0.002409 
0.002197 
0.001988 
0.001794 
0.001909 
0.001735 
0.002118 
0.002344 
0.001689 
0.001230 
0.000890 
0.000650 
0.000457 
0.000381 
0.000500 
0.000374 
0.000269 
0.000191 
0.000164 
0.000146 
0.000448 
0.001160 
0.001909 
0.002184 
0.003181 
0.003957 
0.003439 
0.008408 
0.018609 
0.019996 
0.019883 
0.024769 
0.028575 
0.035090 
0.038194 
0.051439 
0.037754 
0.075718 
0.082279 
0.113039 
0.153596 
0.206415 
0.250532 
0.255196 
0.260477 
0.280669 
0.288861 
0.307958 
0.297688 
0.319715 
0.305519 
0.294259 
0.257406 
0.267343 
0.227950 
0.269481 
0.269091 
0.312055 
0.314438 
0.296398 
0.255917 
0.264887 
0.273593 
0.279999 
0.269318 
0.272455 
0.308644 
0.279790 
0.297877 
0.273245 
0.309670 
0.260383 
0.284243 
0.242330 
0.237659 
0.237652 
0.248414 
0.269926 
0.266794 
0.262766 
0.246095 
0.255587 
0.237328 
0.247591 
0.222307 
0.238730 
0.209957 
0.209224 
0.175112 
0.160942 
0.125152 
0.108483 
0.081575 
0.065319 
0.054229 
0.051927 
0.064375 
0.061399 
0.062377 
0.058778 
0.053714 
0.045430 
0.038180 
0.028184 
0.023267 
0.024925 
0.018437 
0.021047 
0.024669 
0.025966 
0.019104 
0.019301 
0.015916 
0.012136 
0.008692 
0.006294 
0.004760 
0.003864 
0.004240 
0.003760 
0.005025 
0.004604 
0.003519 
0.002628 
0.001880 
0.001370 
0.000990 
0.000725 
0.000554 
0.000499 
0.000412 
0.000820 
0.000940 
0.000801 
0.000777 
0.000769 
0.001417 
0.001407 
0.001855 
0.002238 
0.002388 
0.002088 
0.002598 
0.003936 
0.005007 
0.004101 
0.009491 
0.009065 
0.044883 
0.097908 
0.141005 
0.135952 
0.092574 
0.081381 
0.105303 
0.097143 
0.114605 
0.150798 
0.112099 
0.106390 
0.108356 
0.082873 
0.067518 
0.063727 
0.077075 
0.084818 
0.073678 
0.068116 
0.059770 
0.052188 
0.042242 
0.035829 
0.045110 
0.038854 
0.031500 
0.040099 
0.039740 
0.029217 
0.023516 
0.019048 
0.015173 
0.011672 
0.008737 
0.006819 
0.005371 
0.004938 
0.005237 
0.004676 
0.003339 
0.002438 
0.001777 
0.001249 
0.001122 
0.001404 
0.001162 
0.000841 
0.000652 
0.000491 
0.000437 
0.000402 
0.000291 
0.000212 
0.000153 
0.000111 
0.000081 
0.000058 
0.000042 
0.000031 
0.000022 
0.000016 
0.000012 
0.000008 
0.000006 
0.000004 
0.000003 
0.000002 
0.000002 
0.000001 
0.000001 
0.000001 
0.000000 
0.000000 
0.000000 
0.000000 
-0.000001 
0.000003 
-0.000008 
0.000066 
0.000123 
0.000232 
0.000166 
0.002555 
0.005434 
0.003623 
0.005129 
0.007545 
0.010094 
0.012801 
0.012357 
0.023226 
0.031624 
0.044866 
0.054115 
0.055486 
0.048366 
0.044683 
0.061480 
0.065410 
0.074537 
0.102544 
0.129241 
0.151699 
0.148918 
0.154041 
0.121151 
0.119215 
0.145588 
0.209515 
0.230857 
0.260420 
0.278662 
0.287382 
0.291701 
0.299613 
0.305376 
0.308671 
0.309635 
0.309517 
0.301407 
0.305856 
0.313838 
0.305643 
0.300391 
0.311005 
0.317418 
0.323620 
0.333112 
0.347195 
0.342354 
0.332788 
0.330828 
0.301159 
0.299659 
0.303696 
0.308056 
0.294740 
0.271494 
0.255548 
0.294470 
0.267550 
0.262727 
0.253277 
0.224708 
0.222884 
0.252497 
0.240645 
0.234117 
0.261807 
0.276144 
0.272333 
0.274753 
0.247164 
0.266491 
0.287432 
0.310993 
0.336715 
0.328657 
0.317078 
0.303444 
0.289145 
0.283114 
0.272641 
0.263716 
0.270192 
0.260355 
0.259124 
0.271344 
0.279792 
0.297046 
0.334369 
0.344681 
0.352253 
0.342828 
0.316724 
0.281513 
0.221997 
0.163931 
0.118200 
0.085984 
0.062111 
0.050660 
0.043950 
0.037449 
0.031134 
0.025955 
0.019799 
0.018870 
0.021610 
0.021669 
0.020882 
0.019996 
0.018337 
0.016130 
0.013909 
0.012525 
0.011748 
0.010809 
0.009668 
0.008742 
0.008152 
0.006704 
0.005757 
0.004885 
0.003819 
0.002892 
0.002142 
0.001787 
0.001745 
0.001441 
0.001087 
0.000777 
0.000567 
0.000410 
0.000297 
0.000216 
0.000156 
0.000113 
0.000082 
0.000060 
0.000043 
0.000031 
0.000023 
0.000016 
0.000012 
0.000009 
0.000006 
0.000005 
0.000003 
0.000002 
0.000002 
0.000001 
0.000001 
0.000001 
0.000000 
0.000000 
0.000000 
0.000000 
0.000000 
0.000000 
0.000000 
0.000000 
0.000000 
0.000000 
0.000000 
0.000000 
0.000000 
0.000000 
0.000000 
0.000000 
0.000000 
0.000000 
0.000000 
0.000000 
0.000000 
0.000000 
0.000000 
0.000000 
0.000000 
0.000000 
0.000000 
0.000000 
0.000000 
0.000000 
0.000000 
0.000000 
0.000000 
0.000000 
-0.000000 
-0.000000 
0.000000 
-0.000000 
0.000001 
-0.000002 
0.000025 
0.000119 
0.000314 
0.000706 
0.001150 
0.001538 
0.001848 
0.001981 
0.003280 
0.006334 
0.011337 
0.014720 
0.012703 
0.009868 
0.011849 
0.015636 
0.013906 
0.009835 
0.007213 
0.005409 
0.009473 
0.007491 
0.013956 
0.018756 
0.099656 
0.236900 
0.193370 
0.174063 
0.304677 
0.331330 
0.326113 
0.303562 
0.287994 
0.292259 
0.299935 
0.296976 
0.341098 
0.336329 
0.322275 
0.298008 
0.276332 
0.276889 
0.281545 
0.275854 
0.286800 
0.274901 
0.276544 
0.276414 
0.268454 
0.267331 
0.250486 
0.249089 
0.249828 
0.249912 
0.259461 
0.257736 
0.270995 
0.272032 
0.264287 
0.253682 
0.259093 
0.300721 
0.293199 
0.310331 
0.322847 
0.332306 
0.339910 
0.330361 
0.331424 
0.322423 
0.334928 
0.331809 
0.343801 
0.351466 
0.311737 
0.307887 
0.301963 
0.298460 
0.312075 
0.292679 
0.326846 
0.314332 
0.296314 
0.280848 
0.289022 
0.313353 
0.304158 
0.286237 
0.304290 
0.266258 
0.283838 
0.304818 
0.265132 
0.236583 
0.239561 
0.296415 
0.276984 
0.248206 
0.273059 
0.304750 
0.305953 
0.287177 
0.296632 
0.259908 
0.280676 
0.276493 
0.289592 
0.243112 
0.206352 
0.212628 
0.281951 
0.248021 
0.213526 
0.237029 
0.248273 
0.278136 
0.290778 
0.261962 
0.214284 
0.256033 
0.242745 
0.237471 
0.208576 
0.261497 
0.211273 
0.185859 
0.183432 
0.213341 
0.195695 
0.232326 
0.191135 
0.157147 
0.174067 
0.215859 
0.189246 
0.186793 
0.163089 
0.161844 
0.198855 
0.225499 
0.214485 
0.198165 
0.233974 
0.231478 
0.201336 
0.199277 
0.245614 
0.223547 
0.193156 
0.178580 
0.244686 
0.219779 
0.238827 
0.205180 
0.242685 
0.196107 
0.192207 
0.211513 
0.249245 
0.229784 
0.228778 
0.237988 
0.245445 
0.213575 
0.194270 
0.223863 
0.224839 
0.255848 
0.257061 
0.221829 
0.207140 
0.258504 
0.259438 
0.303047 
0.245775 
0.234059 
0.217782 
0.229065 
0.236988 
0.263711 
0.240395 
0.228666 
0.217324 
0.199471 
0.162528 
0.130689 
0.146759 
0.140949 
0.153050 
0.188360 
0.203822 
0.176783 
0.185670 
0.202250 
0.203816 
0.183044 
0.167235 
0.148047 
0.124920 
0.145161 
0.162049 
0.194641 
0.193395 
0.203451 
0.225179 
0.231703 
0.210419 
0.193267 
0.166433 
0.146745 
0.133496 
0.142041 
0.208938 
0.216311 
0.257750 
0.223028 
0.192173 
0.163013 
0.150217 
0.164115 
0.180283 
0.187008 
0.165163 
0.157869 
0.129520 
0.164987 
0.173638 
0.172149 
0.155555 
0.161284 
0.155987 
0.151245 
0.189977 
0.163341 
0.165503 
0.154728 
0.156803 
0.135007 
0.148798 
0.116790 
0.116266 
0.096692 
0.144365 
0.130290 
0.134857 
0.121273 
0.117782 
0.131801 
0.109470 
0.118563 
0.093421 
0.090477 
0.068186 
0.083885 
0.081667 
0.092211 
0.138375 
0.127482 
0.141205 
0.117051 
0.102607 
0.085473 
0.065924 
0.064539 
0.050946 
0.049854 
0.071633 
0.058580 
0.050979 
0.052259 
0.042704 
0.035849 
0.039860 
0.040945 
0.033894 
0.033068 
0.032856 
0.024995 
0.021788 
0.018222 
0.017312 
0.013964 
0.012930 
0.012468 
0.011474 
0.009295 
0.006648 
0.005124 
0.003761 
0.002712 
0.001973 
0.001428 
0.001036 
0.000751 
0.000544 
0.000395 
0.000286 
0.000207 
0.000151 
0.000108 
0.000082 
0.000052 
0.000097 
0.000632 
0.001538 
0.006218 
0.010110 
0.011264 
0.013256 
0.013806 
0.012333 
0.012217 
0.013267 
0.013962 
0.016345 
0.015724 
0.014216 
0.015112 
0.014037 
0.022302 
0.031347 
0.034264 
0.034701 
0.033049 
0.037252 
0.051617 
0.052153 
0.045946 
0.052428 
0.054804 
0.056731 
0.079521 
0.082527 
0.093758 
0.102677 
0.091275 
0.067539 
0.070378 
0.083690 
0.081821 
0.077563 
0.057699 
0.050334 
0.047338 
0.043271 
0.038951 
0.033752 
0.029137 
0.034396 
0.031087 
0.045196 
0.055230 
0.054133 
0.054078 
0.046906 
0.046250 
0.040614 
0.036961 
0.031802 
0.037644 
0.039002 
0.040560 
0.042204 
0.047387 
0.049221 
0.048644 
0.050602 
0.049045 
0.047290 
0.043512 
0.041549 
0.041009 
0.033956 
0.038912 
0.040677 
0.032446 
0.032449 
0.036604 
0.041365 
0.045526 
0.035974 
0.026078 
0.026203 
0.028038 
0.027577 
0.028921 
0.033986 
0.034435 
0.034055 
0.036808 
0.031139 
0.023980 
0.024341 
0.027204 
0.030229 
0.037911 
0.041379 
0.040311 
0.035904 
0.035081 
0.029626 
0.023463 
0.024039 
0.026040 
0.021355 
0.023338 
0.036595 
0.030198 
0.027244 
0.028131 
0.024626 
0.022757 
0.023318 
0.018966 
0.013789 
0.012758 
0.015063 
0.021703 
0.018231 
0.015883 
0.016661 
0.014511 
0.015807 
0.018132 
0.021742 
0.017566 
0.012904 
0.010869 
0.011303 
0.009732 
0.013613 
0.017068 
0.013223 
0.009954 
0.010512 
0.009628 
0.010039 
0.011821 
0.009408 
0.008855 
0.007952 
0.009778 
0.013235 
0.012457 
0.009782 
0.007763 
0.007542 
0.008046 
0.009472 
0.010531 
0.012101 
0.012204 
0.011676 
0.009481 
0.007188 
0.008336 
0.007889 
0.007259 
0.008564 
0.010779 
0.010923 
0.010674 
0.009757 
0.008152 
0.007900 
0.009358 
0.009600 
0.008672 
0.008195 
0.008488 
0.008323 
0.007796 
0.007001 
0.006372 
0.006677 
0.006088 
0.005401 
0.004629 
0.004754 
0.004455 
0.003278 
0.002680 
0.002169 
0.001549 
0.001131 
0.000818 
0.000593 
0.000430 
0.000312 
0.000226 
0.000164 
0.000119 
0.000086 
0.000062 
0.000045 
0.000033 
0.000024 
0.000017 
0.000013 
0.000009 
0.000007 
0.000005 
0.000003 
0.000003 
0.000002 
0.000001 
0.000001 
0.000001 
0.000001 
0.000000 
0.000000 
0.000000 
0.000000 
0.000000 
0.000000 
0.000000 
0.000000 
0.000000 
0.000000 
0.000000 
0.000000 
0.000000 
0.000000 
0.000000 
0.000000 
0.000000 
0.000000 
0.000000 
0.000000 
0.000000 
0.000000 
0.000000 
0.000000 
0.000000 
0.000000 
0.000000 
0.000000 
0.000000 
0.000000 
0.000000 
0.000000 
0.000000 
0.000000 
0.000000 
0.000000 
0.000000 
0.000000 
0.000000 
0.000000 
0.000000 
0.000000 
0.000000 
0.000000 
0.000000 
0.000000 
0.000000 
0.000000 
0.000000 
0.000000 
0.000000 
0.000000 
0.000000 
0.000000 
0.000000 
0.000000 
0.000000 
0.000000 
0.000000 
0.000000 
0.000000 
0.000000 
0.000000 
0.000000 
0.000000 
0.000000 
0.000000 
0.000000 
0.000000 
0.000000 
0.000000 
0.000000 
0.000000 
0.000000 
0.000000 
0.000000 
0.000000 
0.000000 
0.000000 
0.000000 
0.000000 
0.000000 
0.000000 
0.000000 
0.000000 
0.000000 
0.000000 
0.000000 
0.000000 
0.000000 
0.000000 
0.000000 
0.000000 
0.000000 
0.000000 
0.000000 
0.000000 
0.000000 
0.000000 
0.000000 
0.000000 
0.000000 
0.000000 
0.000000 
0.000000 
