[ASCII 1000Hz, Channels: 1, Samples: 6912, Flags: 0]                          
0.000000 
0.000000 
0.000000 
0.000000 
0.000000 
0.000000 
0.000000 
0.000000 
0.000000 
0.000000 
0.000000 
0.000000 
0.000000 
0.000000 
0.000000 
0.000000 
0.000000 
0.000000 
0.000000 
0.000000 
0.000000 
0.000000 
0.000000 
0.000000 
0.000000 
0.000000 
0.000000 
0.000000 
0.000000 
0.000000 
0.000000 
0.000000 
0.000000 
0.000000 
0.000000 
0.000000 
0.000000 
0.000000 
0.000000 
0.000000 
0.000000 
0.000000 
0.000000 
0.000000 
0.000000 
0.000000 
0.000000 
-0.000000 
0.000000 
0.000001 
-0.000004 
0.000013 
-0.000020 
0.000801 
0.002269 
0.004790 
0.001767 
0.039459 
0.063683 
0.047331 
0.035348 
0.050302 
0.079427 
0.119525 
0.228619 
0.224207 
0.195686 
0.175230 
0.151690 
0.117200 
0.128850 
0.257937 
0.288996 
0.217884 
0.213595 
0.193948 
0.193707 
0.235483 
0.257103 
0.239716 
0.168070 
0.136148 
0.168626 
0.229820 
0.333544 
0.322719 
0.288603 
0.328706 
0.325416 
0.309435 
0.273553 
0.219689 
0.158016 
0.122206 
0.116698 
0.155951 
0.159789 
0.128527 
0.083105 
0.180781 
0.307674 
0.295663 
0.310483 
0.296363 
0.256753 
0.209157 
0.179916 
0.177345 
0.147175 
0.107518 
0.110220 
0.250528 
0.285716 
0.254816 
0.187978 
0.148192 
0.141550 
0.130311 
0.117774 
0.105912 
0.137973 
0.109853 
0.086172 
0.081537 
0.131105 
0.215095 
0.191218 
0.140569 
0.105117 
0.087246 
0.126557 
0.195731 
0.241425 
0.257917 
0.317705 
0.302489 
0.242508 
0.178749 
0.129538 
0.126290 
0.146928 
0.160230 
0.139691 
0.180689 
0.216055 
0.280196 
0.234205 
0.199670 
0.215114 
0.251345 
0.267839 
0.255126 
0.267649 
0.271735 
0.321049 
0.312853 
0.311468 
0.310017 
0.317531 
0.338602 
0.327505 
0.329786 
0.323204 
0.332076 
0.329498 
0.330800 
0.312021 
0.275501 
0.271089 
0.249765 
0.244025 
0.251540 
0.271012 
0.177157 
0.215848 
0.214005 
0.257473 
0.253829 
0.258977 
0.253849 
0.298285 
0.191904 
0.253767 
0.276090 
0.294917 
0.294226 
0.318487 
0.301053 
0.331997 
0.324092 
0.348563 
0.279397 
0.338603 
0.293364 
0.359722 
0.304373 
0.348988 
0.287678 
0.346313 
0.282727 
0.323587 
0.266558 
0.315416 
0.275896 
0.288529 
0.256819 
0.280202 
0.275085 
0.276865 
0.289767 
0.274816 
0.327561 
0.268179 
0.334720 
0.258633 
0.331875 
0.255895 
0.333165 
0.274226 
0.307496 
0.288785 
0.281797 
0.312035 
0.261712 
0.373247 
0.271486 
0.316098 
0.253884 
0.218762 
0.193289 
0.142438 
0.131132 
0.094815 
0.123752 
0.088185 
0.144254 
0.151811 
0.155847 
0.249034 
0.187312 
0.322393 
0.250838 
0.334564 
0.307481 
0.321028 
0.370426 
0.296464 
0.388404 
0.285193 
0.382703 
0.304631 
0.338750 
0.315336 
0.302486 
0.350660 
0.277744 
0.361819 
0.269171 
0.362153 
0.286522 
0.329692 
0.303965 
0.302916 
0.328096 
0.277537 
0.348617 
0.269608 
0.372738 
0.285553 
0.351852 
0.291718 
0.320426 
0.304242 
0.302819 
0.346957 
0.290383 
0.363617 
0.280750 
0.366954 
0.280197 
0.346037 
0.286455 
0.335264 
0.309706 
0.314343 
0.334650 
0.301497 
0.365073 
0.293752 
0.370930 
0.287658 
0.357593 
0.280924 
0.323178 
0.275341 
0.266116 
0.251187 
0.198731 
0.190686 
0.135630 
0.111995 
0.080260 
0.061712 
0.044498 
0.041876 
0.035825 
0.037946 
0.042882 
0.031097 
0.033182 
0.024580 
0.024136 
0.019175 
0.017058 
0.012893 
0.016051 
0.015810 
0.012914 
0.014161 
0.011087 
0.014900 
0.011181 
0.010041 
0.008189 
0.007837 
0.009001 
0.006146 
0.004583 
0.003271 
0.005158 
0.004684 
0.003358 
0.002535 
0.003574 
0.006004 
0.014386 
0.019798 
0.014629 
0.013338 
0.024919 
0.023782 
0.018831 
0.039453 
0.092352 
0.072361 
0.066639 
0.092799 
0.077553 
0.059232 
0.053887 
0.075255 
0.099486 
0.076065 
0.098118 
0.110677 
0.072498 
0.058006 
0.038357 
0.049398 
0.040349 
0.077862 
0.143612 
0.133316 
0.288176 
0.235839 
0.317164 
0.269093 
0.348744 
0.305288 
0.336196 
0.293923 
0.313845 
0.271582 
0.321868 
0.292020 
0.310778 
0.277299 
0.303276 
0.287893 
0.319717 
0.292605 
0.314191 
0.294060 
0.321809 
0.309298 
0.327020 
0.306803 
0.325130 
0.310654 
0.320713 
0.313297 
0.331961 
0.314644 
0.329074 
0.345974 
0.364098 
0.332671 
0.337871 
0.315992 
0.308181 
0.318696 
0.349601 
0.337585 
0.337746 
0.315231 
0.313289 
0.325898 
0.317628 
0.328417 
0.322229 
0.335143 
0.345105 
0.354466 
0.338909 
0.341356 
0.313829 
0.360056 
0.313822 
0.360393 
0.282141 
0.296188 
0.217393 
0.195669 
0.145392 
0.132481 
0.101026 
0.104533 
0.083935 
0.116459 
0.123502 
0.140478 
0.160888 
0.176483 
0.261874 
0.226591 
0.319996 
0.266117 
0.362375 
0.292914 
0.366490 
0.296972 
0.362259 
0.299152 
0.338570 
0.289828 
0.330743 
0.298107 
0.325319 
0.309343 
0.318249 
0.323004 
0.314206 
0.324163 
0.299847 
0.328057 
0.302380 
0.345886 
0.329301 
0.352126 
0.323096 
0.360863 
0.344818 
0.395097 
0.346827 
0.362748 
0.314731 
0.359708 
0.319704 
0.381130 
0.334753 
0.364937 
0.310372 
0.347260 
0.300311 
0.345972 
0.297279 
0.343474 
0.295555 
0.338511 
0.289306 
0.337175 
0.280671 
0.311096 
0.265258 
0.290095 
0.249601 
0.299277 
0.253911 
0.281523 
0.239833 
0.263684 
0.225620 
0.253359 
0.208414 
0.212692 
0.178134 
0.185457 
0.154062 
0.157926 
0.122179 
0.110832 
0.084955 
0.077530 
0.058631 
0.060982 
0.053192 
0.059718 
0.050293 
0.043963 
0.044866 
0.041614 
0.042593 
0.035164 
0.035422 
0.035418 
0.045778 
0.046544 
0.063967 
0.069137 
0.055147 
0.044689 
0.041373 
0.045621 
0.047821 
0.045455 
0.038200 
0.046004 
0.038576 
0.035147 
0.034806 
0.032652 
0.032015 
0.029535 
0.032921 
0.040298 
0.039088 
0.034146 
0.033389 
0.036280 
0.034490 
0.040431 
0.051204 
0.061885 
0.054113 
0.045140 
0.048776 
0.041096 
0.040320 
0.037148 
0.036569 
0.050767 
0.046625 
0.056087 
0.063969 
0.057551 
0.054788 
0.048573 
0.051057 
0.048153 
0.041270 
0.046268 
0.048968 
0.036413 
0.030830 
0.035093 
0.040386 
0.046393 
0.060772 
0.059873 
0.069109 
0.052541 
0.128829 
0.143250 
0.248735 
0.265161 
0.305299 
0.283952 
0.288071 
0.275804 
0.304547 
0.288276 
0.300086 
0.303142 
0.300852 
0.311102 
0.302584 
0.304304 
0.285443 
0.305687 
0.289291 
0.302703 
0.272107 
0.293588 
0.284127 
0.300652 
0.291891 
0.304224 
0.305140 
0.292702 
0.302836 
0.300949 
0.314182 
0.293046 
0.318924 
0.294621 
0.309875 
0.284284 
0.296530 
0.276112 
0.282112 
0.248526 
0.263052 
0.249251 
0.245248 
0.227307 
0.218340 
0.215657 
0.207750 
0.208045 
0.190047 
0.200885 
0.184927 
0.185655 
0.156431 
0.114752 
0.086689 
0.063212 
0.062455 
0.054096 
0.075403 
0.062044 
0.064278 
0.055090 
0.056987 
0.045632 
0.043808 
0.032645 
0.023684 
0.021024 
0.015771 
0.011216 
0.008375 
0.008086 
0.007397 
0.008314 
0.006274 
0.004971 
0.003978 
0.003011 
0.003995 
0.004189 
0.005258 
0.005197 
0.004448 
0.003785 
0.002600 
0.001931 
0.001388 
0.001015 
0.000710 
0.001225 
0.001074 
0.001324 
0.001598 
0.001407 
0.001583 
0.002254 
0.002497 
0.001938 
0.001645 
0.001146 
0.000845 
0.000609 
0.000442 
0.000320 
0.000232 
0.000168 
0.000122 
0.000089 
0.000064 
0.000047 
0.000034 
0.000024 
0.000018 
0.000013 
0.000009 
0.000006 
0.000007 
0.000001 
0.000263 
0.000380 
0.000221 
0.000275 
0.000078 
0.001378 
0.008563 
0.008088 
0.064267 
0.220124 
0.218921 
0.160668 
0.121018 
0.099913 
0.086005 
0.076437 
0.091743 
0.083947 
0.063809 
0.052048 
0.054601 
0.056348 
0.046386 
0.046180 
0.045766 
0.047955 
0.050557 
0.046348 
0.044716 
0.051621 
0.049468 
0.040682 
0.057114 
0.071071 
0.093588 
0.111257 
0.156184 
0.150655 
0.180382 
0.167445 
0.227605 
0.226356 
0.248570 
0.219283 
0.262258 
0.230619 
0.268552 
0.249696 
0.271780 
0.238471 
0.264763 
0.244227 
0.284648 
0.246556 
0.282320 
0.251651 
0.283649 
0.243557 
0.264990 
0.235509 
0.274161 
0.245213 
0.284438 
0.250025 
0.276142 
0.241282 
0.278929 
0.246021 
0.288258 
0.252705 
0.271557 
0.247893 
0.297596 
0.268760 
0.295217 
0.263690 
0.319330 
0.283812 
0.324633 
0.276759 
0.325550 
0.296857 
0.338642 
0.288204 
0.347699 
0.305862 
0.331570 
0.286529 
0.327232 
0.282912 
0.336659 
0.292866 
0.337733 
0.294465 
0.339008 
0.294096 
0.324208 
0.281876 
0.350879 
0.307608 
0.342714 
0.305079 
0.354421 
0.319399 
0.362167 
0.322432 
0.341883 
0.313405 
0.323061 
0.310796 
0.318124 
0.330609 
0.336129 
0.336756 
0.318330 
0.337377 
0.317381 
0.336850 
0.310489 
0.340256 
0.313771 
0.334651 
0.307632 
0.308159 
0.287928 
0.269537 
0.270213 
0.252953 
0.251273 
0.240031 
0.255606 
0.253061 
0.244569 
0.256361 
0.253189 
0.264688 
0.250109 
0.246239 
0.251185 
0.243117 
0.261286 
0.252523 
0.260508 
0.239599 
0.237534 
0.238608 
0.258946 
0.244285 
0.245967 
0.250170 
0.240733 
0.254849 
0.248346 
0.243942 
0.215950 
0.240201 
0.223754 
0.227335 
0.205146 
0.194871 
0.176345 
0.175190 
0.161378 
0.135951 
0.129378 
0.121633 
0.125098 
0.109530 
0.108866 
0.123521 
0.148600 
0.125870 
0.163811 
0.128382 
0.131998 
0.109391 
0.133380 
0.104908 
0.117686 
0.099586 
0.107316 
0.117088 
0.107343 
0.107564 
0.094285 
0.105620 
0.080893 
0.086646 
0.071540 
0.072937 
0.058455 
0.051926 
0.065957 
0.058220 
0.053650 
0.054570 
0.052590 
0.046142 
0.033397 
0.029600 
0.027541 
0.019911 
0.014636 
0.010876 
0.009346 
0.010536 
0.014712 
0.013713 
0.011618 
0.010935 
0.009062 
0.006484 
0.004739 
0.003451 
0.002526 
0.001828 
0.001329 
0.000940 
0.000772 
0.000347 
0.003901 
0.010242 
0.013517 
0.019462 
0.028662 
0.029770 
0.027060 
0.027483 
0.027662 
0.030469 
0.028718 
0.024104 
0.027741 
0.034593 
0.037148 
0.053487 
0.038556 
0.039375 
0.074916 
0.063771 
0.057217 
0.050943 
0.111350 
0.107046 
0.121085 
0.112717 
0.121070 
0.121784 
0.115962 
0.119267 
0.097502 
0.113378 
0.134509 
0.107567 
0.111289 
0.120889 
0.088808 
0.103808 
0.120716 
0.154493 
0.133182 
0.099625 
0.114258 
0.135587 
0.118893 
0.118188 
0.129136 
0.126991 
0.130670 
0.151368 
0.129172 
0.109159 
0.106836 
0.125048 
0.113918 
0.099254 
0.115649 
0.114876 
0.145957 
0.164546 
0.151729 
0.181445 
0.154386 
0.132504 
0.116543 
0.097355 
0.155023 
0.163672 
0.116813 
0.119082 
0.116741 
0.097885 
0.092201 
0.109304 
0.116396 
0.094517 
0.119541 
0.125963 
0.122355 
0.123230 
0.102515 
0.110143 
0.122375 
0.098625 
0.097788 
0.123288 
0.144790 
0.165331 
0.124215 
0.096823 
0.085021 
0.083127 
0.084044 
0.073569 
0.091612 
0.113052 
0.112586 
0.130835 
0.147909 
0.126618 
0.110476 
0.115361 
0.109809 
0.116106 
0.129606 
0.178739 
0.156994 
0.177068 
0.148659 
0.104861 
0.107633 
0.101841 
0.116203 
0.120781 
0.121457 
0.107877 
0.097267 
0.167141 
0.163503 
0.194893 
0.162365 
0.165391 
0.138422 
0.129925 
0.105308 
0.108255 
0.090316 
0.110830 
0.108207 
0.108252 
0.087762 
0.091323 
0.095101 
0.087273 
0.086765 
0.061424 
0.072463 
0.069803 
0.078652 
0.088312 
0.085281 
0.071027 
0.051925 
0.056574 
0.045523 
0.044752 
0.056076 
0.044645 
0.034927 
0.030540 
0.029316 
0.027979 
0.023251 
0.018484 
0.014579 
0.014382 
0.014486 
0.012075 
0.014297 
0.015213 
0.013648 
0.011918 
0.009769 
0.006850 
0.005049 
0.003630 
0.002649 
0.001901 
0.001490 
0.003589 
0.005841 
0.007057 
0.007159 
0.006869 
0.006420 
0.004840 
0.003475 
0.002534 
0.001832 
0.001329 
0.000964 
0.000699 
0.000506 
0.000367 
0.000266 
0.000193 
0.000140 
0.000101 
0.000074 
0.000053 
0.000039 
0.000028 
0.000020 
0.000015 
0.000011 
0.000008 
0.000006 
0.000004 
0.000003 
0.000002 
0.000002 
0.000001 
0.000001 
0.000001 
0.000000 
0.000000 
0.000000 
0.000000 
0.000000 
0.000000 
0.000000 
0.000000 
0.000000 
0.000000 
0.000000 
0.000000 
0.000000 
0.000000 
0.000000 
0.000000 
0.000000 
0.000000 
0.000000 
0.000000 
0.000000 
0.000000 
0.000000 
0.000000 
0.000000 
0.000000 
0.000000 
0.000000 
0.000000 
0.000000 
0.000000 
0.000000 
0.000000 
0.000000 
0.000000 
0.000000 
0.000000 
0.000000 
0.000000 
0.000000 
0.000000 
0.000000 
0.000000 
0.000000 
0.000000 
0.000000 
0.000000 
0.000000 
0.000000 
0.000000 
0.000000 
0.000000 
0.000000 
0.000000 
0.000000 
0.000000 
0.000000 
0.000000 
0.000000 
0.000000 
0.000000 
0.000000 
0.000000 
0.000000 
0.000000 
0.000000 
0.000000 
0.000000 
0.000000 
0.000000 
0.000000 
0.000000 
0.000000 
0.000000 
0.000000 
0.000000 
0.000000 
0.000000 
0.000000 
0.000000 
0.000000 
0.000000 
0.000000 
0.000000 
0.000000 
0.000000 
0.000000 
0.000000 
0.000000 
0.000000 
0.000000 
0.000000 
0.000000 
0.000000 
-0.000000 
-0.000000 
0.000000 
-0.000000 
0.000000 
-0.000001 
0.000008 
0.000023 
0.000020 
0.000236 
0.000636 
0.000716 
0.000525 
0.000382 
0.000277 
0.000200 
0.000145 
0.000105 
0.000076 
0.000055 
0.000040 
0.000029 
0.000021 
0.000015 
0.000011 
0.000007 
0.000016 
-0.000038 
0.000125 
-0.000274 
0.001875 
0.010217 
0.012239 
0.021227 
0.082699 
0.090968 
0.119683 
0.181986 
0.138550 
0.148497 
0.180321 
0.156303 
0.121339 
0.095581 
0.106165 
0.097962 
0.196127 
0.272371 
0.311507 
0.340479 
0.342746 
0.323956 
0.315939 
0.324035 
0.307199 
0.296175 
0.297023 
0.287614 
0.287080 
0.299143 
0.306570 
0.311609 
0.317669 
0.320102 
0.322887 
0.320327 
0.312308 
0.309532 
0.307986 
0.302047 
0.300377 
0.299027 
0.297569 
0.293175 
0.292696 
0.290087 
0.284432 
0.285759 
0.281219 
0.278579 
0.276406 
0.276997 
0.281946 
0.294389 
0.299827 
0.301218 
0.300489 
0.308739 
0.314641 
0.323107 
0.324666 
0.329556 
0.335774 
0.331728 
0.343650 
0.353524 
0.354702 
0.351682 
0.347205 
0.339052 
0.343649 
0.345851 
0.342181 
0.331698 
0.329256 
0.341495 
0.337285 
0.335771 
0.344625 
0.339227 
0.338729 
0.352071 
0.348417 
0.346428 
0.353440 
0.348476 
0.342504 
0.335806 
0.339607 
0.344778 
0.334768 
0.337821 
0.345440 
0.340435 
0.337769 
0.336646 
0.343455 
0.346016 
0.344626 
0.350481 
0.347210 
0.339692 
0.344753 
0.345580 
0.341647 
0.343387 
0.342818 
0.345793 
0.339073 
0.339312 
0.361448 
0.357048 
0.352207 
0.342296 
0.337323 
0.334652 
0.339319 
0.332444 
0.323728 
0.317957 
0.315114 
0.315249 
0.303217 
0.300990 
0.304784 
0.297747 
0.296454 
0.292887 
0.295194 
0.289189 
0.283137 
0.284002 
0.291369 
0.297634 
0.297078 
0.303728 
0.297378 
0.275518 
0.252040 
0.244903 
0.245482 
0.231990 
0.229373 
0.222152 
0.214067 
0.207633 
0.194414 
0.179756 
0.175798 
0.160596 
0.156404 
0.154132 
0.153964 
0.149170 
0.142287 
0.146599 
0.157368 
0.147396 
0.128266 
0.110873 
0.099477 
0.088249 
0.084204 
0.082493 
0.087103 
0.077492 
0.062314 
0.065041 
0.071780 
0.075402 
0.082397 
0.092168 
0.096665 
0.094044 
0.097447 
0.100986 
0.095572 
0.099821 
0.099286 
0.096306 
0.099382 
0.098096 
0.100417 
0.104436 
0.101767 
0.103609 
0.106692 
0.105368 
0.106886 
0.106488 
0.109110 
0.110482 
0.110869 
0.116745 
0.118468 
0.119339 
0.120753 
0.119755 
0.117656 
0.120028 
0.120943 
0.115234 
0.121176 
0.121459 
0.120562 
0.118750 
0.120229 
0.125244 
0.125186 
0.121201 
0.118508 
0.116816 
0.116593 
0.116475 
0.122381 
0.120301 
0.120059 
0.122408 
0.121891 
0.124890 
0.119334 
0.115465 
0.115599 
0.114657 
0.114965 
0.123727 
0.121546 
0.115736 
0.107874 
0.106111 
0.114426 
0.118549 
0.113029 
0.108642 
0.110405 
0.108973 
0.107736 
0.112299 
0.124097 
0.184758 
0.225367 
0.248279 
0.260432 
0.249605 
0.247227 
0.255072 
0.250011 
0.262705 
0.255721 
0.250686 
0.246340 
0.239234 
0.246658 
0.253689 
0.263733 
0.273397 
0.264374 
0.259275 
0.241221 
0.239869 
0.238715 
0.232916 
0.228060 
0.223066 
0.218141 
0.224798 
0.220485 
0.224807 
0.227100 
0.230417 
0.231949 
0.221205 
0.225613 
0.232564 
0.234188 
0.225732 
0.226680 
0.230364 
0.241302 
0.248601 
0.249507 
0.261876 
0.246171 
0.257992 
0.285315 
0.273100 
0.251569 
0.237281 
0.233524 
0.227765 
0.220516 
0.235969 
0.231960 
0.199560 
0.189326 
0.176282 
0.151533 
0.127352 
0.107282 
0.089899 
0.087238 
0.090410 
0.098314 
0.125246 
0.141898 
0.143102 
0.132351 
0.122432 
0.113717 
0.100836 
0.088170 
0.078140 
0.063566 
0.050111 
0.042551 
0.035228 
0.028611 
0.021408 
0.015655 
0.014601 
0.012524 
0.010162 
0.009736 
0.008477 
0.006187 
0.005741 
0.005074 
0.004170 
0.003147 
0.002243 
0.001637 
0.001191 
0.000840 
0.000709 
0.000638 
0.001304 
0.001808 
0.002160 
0.003090 
0.003247 
0.002519 
0.001937 
0.001370 
0.001004 
0.000725 
0.000526 
0.000381 
0.000277 
0.000200 
0.000146 
0.000103 
0.000093 
0.000183 
0.000551 
0.001053 
0.001517 
0.002038 
0.001919 
0.001626 
0.001199 
0.000881 
0.000636 
0.000462 
0.000335 
0.000247 
0.000159 
0.000179 
-0.000022 
0.001786 
0.005702 
0.020557 
0.022627 
0.141640 
0.207140 
0.173007 
0.184870 
0.167034 
0.192107 
0.187211 
0.141116 
0.105297 
0.089480 
0.115810 
0.102087 
0.076975 
0.065560 
0.072744 
0.072383 
0.085371 
0.095851 
0.101627 
0.109932 
0.103187 
0.084698 
0.074077 
0.073760 
0.089342 
0.087075 
0.069656 
0.075154 
0.086281 
0.078748 
0.085274 
0.072655 
0.083140 
0.073725 
0.137444 
0.152553 
0.178196 
0.192653 
0.225484 
0.242311 
0.262503 
0.261762 
0.249407 
0.240876 
0.219798 
0.247532 
0.228286 
0.238594 
0.229574 
0.265850 
0.255143 
0.294579 
0.292973 
0.345753 
0.321693 
0.341893 
0.329085 
0.343451 
0.320635 
0.320331 
0.307485 
0.304641 
0.297289 
0.278169 
0.277446 
0.263827 
0.257564 
0.238407 
0.221188 
0.209865 
0.170327 
0.168062 
0.116225 
0.121656 
0.097450 
0.109226 
0.109910 
0.094242 
0.093452 
0.071237 
0.084460 
0.063864 
0.090116 
0.076408 
0.111420 
0.115165 
0.171519 
0.222619 
0.243343 
0.256663 
0.275624 
0.279436 
0.351819 
0.358283 
0.307370 
0.271571 
0.270531 
0.288101 
0.288602 
0.307254 
0.285967 
0.332823 
0.273016 
0.289837 
0.254336 
0.293175 
0.293228 
0.273331 
0.262344 
0.250481 
0.333679 
0.289142 
0.311253 
0.274202 
0.320268 
0.284028 
0.286884 
0.283622 
0.270982 
0.306983 
0.301028 
0.289824 
0.245699 
0.289894 
0.247865 
0.276608 
0.237727 
0.274251 
0.238975 
0.242666 
0.219434 
0.218437 
0.215335 
0.210864 
0.216574 
0.196015 
0.217146 
0.191289 
0.219088 
0.200139 
0.243987 
0.199631 
0.202497 
0.178777 
0.222009 
0.183756 
0.201186 
0.167772 
0.204310 
0.164632 
0.169539 
0.135623 
0.153769 
0.151590 
0.136740 
0.157229 
0.107123 
0.098342 
0.075479 
0.073795 
0.065532 
0.071911 
0.063624 
0.071038 
0.059909 
0.039046 
0.039530 
0.040338 
0.041309 
0.043019 
0.035495 
0.030197 
0.035651 
0.029820 
0.020520 
0.015337 
0.010822 
0.008672 
0.006531 
0.006914 
0.007495 
0.006894 
0.008078 
0.006742 
0.007078 
0.004717 
0.004477 
0.004169 
0.004265 
0.004092 
0.003866 
0.004348 
0.003844 
0.003614 
0.002422 
0.002078 
0.002479 
0.002145 
0.001518 
0.001115 
0.000804 
0.000584 
0.000423 
0.000307 
0.000222 
0.000161 
0.000117 
0.000086 
0.000058 
0.000058 
0.000016 
0.000313 
0.000122 
0.002818 
-0.000114 
0.053189 
0.126298 
0.104775 
0.139228 
0.181155 
0.129526 
0.100852 
0.112671 
0.086617 
0.063650 
0.048376 
0.045416 
0.057961 
0.072431 
0.066655 
0.052732 
0.050314 
0.035246 
0.035445 
0.042471 
0.038262 
0.037286 
0.038521 
0.044727 
0.035241 
0.033008 
0.031730 
0.055108 
0.068795 
0.089777 
0.091600 
0.110560 
0.137691 
0.154622 
0.187001 
0.219788 
0.270849 
0.302273 
0.298301 
0.280460 
0.313847 
0.278363 
0.256694 
0.197660 
0.159234 
0.129769 
0.108884 
0.092931 
0.107673 
0.097555 
0.104985 
0.094129 
0.095548 
0.089279 
0.096701 
0.080516 
0.080605 
0.068252 
0.060574 
0.069130 
0.071098 
0.060385 
0.067532 
0.066427 
0.078780 
0.105141 
0.136257 
0.171907 
0.207880 
0.237267 
0.232790 
0.229351 
0.236647 
0.228632 
0.231153 
0.238544 
0.264442 
0.251934 
0.278632 
0.287175 
0.276417 
0.251561 
0.262012 
0.258378 
0.253075 
0.247264 
0.270129 
0.264490 
0.273304 
0.250828 
0.265103 
0.268973 
0.278716 
0.260167 
0.276050 
0.285138 
0.307135 
0.313575 
0.304915 
0.299591 
0.302322 
0.292456 
0.310257 
0.325736 
0.327981 
0.326270 
0.324737 
0.288430 
0.291620 
0.303164 
0.317129 
0.321472 
0.325435 
0.326047 
0.322748 
0.282984 
0.281269 
0.273040 
0.279547 
0.262534 
0.272341 
0.274359 
0.307694 
0.268893 
0.256984 
0.253005 
0.254772 
0.239833 
0.237785 
0.231211 
0.226510 
0.230581 
0.226601 
0.221434 
0.204184 
0.212336 
0.197137 
0.225578 
0.203390 
0.204793 
0.191571 
0.210966 
0.190824 
0.195144 
0.170743 
0.188875 
0.168332 
0.173361 
0.143479 
0.122759 
0.109012 
0.078939 
0.062951 
0.043872 
0.039443 
0.031481 
0.032475 
0.030190 
0.042679 
0.048107 
0.044414 
0.042981 
0.041060 
0.039415 
0.034132 
0.031079 
0.030157 
0.031999 
0.027477 
0.029225 
0.026935 
0.027017 
0.026041 
0.026793 
0.028787 
0.030505 
0.030382 
0.030008 
0.030415 
0.030579 
0.031349 
0.031260 
0.034796 
0.037320 
0.041607 
0.044705 
0.045503 
0.045187 
0.044082 
0.043407 
0.041516 
0.041100 
0.042327 
0.041994 
0.038368 
0.031126 
0.038289 
0.039683 
0.030401 
0.025953 
0.023311 
0.025234 
0.021619 
0.026620 
0.061901 
0.104104 
0.085510 
0.148518 
0.133378 
0.124862 
0.140294 
0.196527 
0.197086 
0.206565 
0.218234 
0.218760 
0.228484 
0.233196 
0.224465 
0.229988 
0.238059 
0.223441 
0.231298 
0.234047 
0.230834 
0.227566 
0.221361 
0.233724 
0.215073 
0.221433 
0.209542 
0.223745 
0.211024 
0.225406 
0.204574 
0.202122 
0.204439 
0.216722 
0.208616 
0.209320 
0.206795 
0.203364 
0.214131 
0.201814 
0.209443 
0.195055 
0.211756 
0.185373 
0.221715 
0.216358 
0.230089 
0.201704 
0.242780 
0.221831 
0.266675 
0.242993 
0.252143 
0.213921 
0.208487 
0.159398 
0.132772 
0.113829 
0.095803 
0.111737 
0.088790 
0.116939 
0.089015 
0.103626 
0.086492 
0.090148 
0.085297 
0.076960 
0.072088 
0.060528 
0.057383 
0.046802 
0.041621 
0.036860 
0.040677 
0.044236 
0.054549 
0.060487 
0.054351 
0.050195 
0.043052 
0.039750 
0.037340 
0.037557 
0.033834 
0.027866 
0.021466 
0.015698 
0.014786 
0.013444 
0.013449 
0.009446 
0.007398 
0.007986 
0.007341 
0.007059 
0.006031 
0.005438 
0.003928 
0.002928 
0.002100 
0.001528 
0.001107 
0.000803 
0.000582 
0.000422 
0.000306 
0.000222 
0.000161 
0.000118 
0.000078 
0.000075 
0.000070 
0.000053 
0.002107 
0.001390 
0.013811 
0.088965 
0.099239 
0.078391 
0.065903 
0.074482 
0.105331 
0.090293 
0.064290 
0.051282 
0.038593 
0.040709 
0.056681 
0.063229 
0.090975 
0.107694 
0.152802 
0.149641 
0.218775 
0.232287 
0.286831 
0.289458 
0.291583 
0.263406 
0.306005 
0.284503 
0.305992 
0.279621 
0.341231 
0.316873 
0.349298 
0.316536 
0.333310 
0.311733 
0.318550 
0.317128 
0.316454 
0.319854 
0.305578 
0.323340 
0.296042 
0.337815 
0.302349 
0.324182 
0.288839 
0.315410 
0.293613 
0.322594 
0.303429 
0.338589 
0.297111 
0.311200 
0.233777 
0.203626 
0.143364 
0.105292 
0.075415 
0.079001 
0.063643 
0.075887 
0.068251 
0.087725 
0.086861 
0.079784 
0.070707 
0.084989 
0.076067 
0.073943 
0.059654 
0.060665 
0.058043 
0.053510 
0.047089 
0.041850 
0.053218 
0.043471 
0.046308 
0.044350 
0.053719 
0.046799 
0.077127 
0.085101 
0.159560 
0.147921 
0.136986 
0.162556 
0.195910 
0.198146 
0.224574 
0.209500 
0.220063 
0.221642 
0.232187 
0.232252 
0.237140 
0.233091 
0.250311 
0.225507 
0.240274 
0.221354 
0.224502 
0.195844 
0.231846 
0.239632 
0.256335 
0.236067 
0.251830 
0.232698 
0.235614 
0.238011 
0.252375 
0.237887 
0.243561 
0.232864 
0.212583 
0.217163 
0.198793 
0.232168 
0.216733 
0.232680 
0.209949 
0.231990 
0.215386 
0.221239 
0.215525 
0.220762 
0.226825 
0.208758 
0.230084 
0.226452 
0.235615 
0.216078 
0.240407 
0.219315 
0.229744 
0.211089 
0.241378 
0.219983 
0.234837 
0.203979 
0.213775 
0.164055 
0.137048 
0.096140 
0.084950 
0.071278 
0.078559 
0.070051 
0.068311 
0.061461 
0.057437 
0.055478 
0.052664 
0.051785 
0.050066 
0.053772 
0.042710 
0.034233 
0.026372 
0.020229 
0.015300 
0.011207 
0.008084 
0.005886 
0.004788 
0.004043 
0.004970 
0.004902 
0.006120 
0.004806 
0.004085 
0.004022 
0.004442 
0.004385 
0.004422 
0.003608 
0.003061 
0.002234 
0.001707 
0.001782 
0.001533 
0.001029 
0.001107 
0.001462 
0.001088 
0.000970 
0.003019 
0.004044 
0.004899 
0.003930 
0.009438 
0.037123 
0.044148 
0.055313 
0.071199 
0.080850 
0.216930 
0.294156 
0.218997 
0.166911 
0.131841 
0.091887 
0.074040 
0.142243 
0.139672 
0.100405 
0.074726 
0.095489 
0.134228 
0.098412 
0.082377 
0.083426 
0.060258 
0.053266 
0.058182 
0.048473 
0.042253 
0.047218 
0.052529 
0.039813 
0.039493 
0.040415 
0.042700 
0.041309 
0.042444 
0.044826 
0.040529 
0.034634 
0.027825 
0.027921 
0.028942 
0.028637 
0.040467 
0.059344 
0.083072 
0.096181 
0.106526 
0.113282 
0.118536 
0.128370 
0.139573 
0.150202 
0.158437 
0.159053 
0.169536 
0.163913 
0.160690 
0.159640 
0.157921 
0.165036 
0.162894 
0.172732 
0.170428 
0.175516 
0.164994 
0.156067 
0.158659 
0.145078 
0.132799 
0.130321 
0.125566 
0.121344 
0.117262 
0.114710 
0.096633 
0.091821 
0.094210 
0.096160 
0.094146 
0.089244 
0.086488 
0.086694 
0.086330 
0.082301 
0.106008 
0.115086 
0.120175 
0.126713 
0.144524 
0.141139 
0.141962 
0.152444 
0.150431 
0.168387 
0.163979 
0.162760 
0.171795 
0.170746 
0.177127 
0.172177 
0.189345 
0.180304 
0.179535 
0.174904 
0.165917 
0.177697 
0.172004 
0.174823 
0.178441 
0.187894 
0.181985 
0.176252 
0.192768 
0.184304 
0.192948 
0.184982 
0.186844 
0.181935 
0.174912 
0.183653 
0.173444 
0.182008 
0.171597 
0.166694 
0.169087 
0.169111 
0.166172 
0.157811 
0.167248 
0.154338 
0.155132 
0.150344 
0.144938 
0.157706 
0.152243 
0.159720 
0.150056 
0.149003 
0.151605 
0.153369 
0.148029 
0.140993 
0.151582 
0.141796 
0.149415 
0.143661 
0.143186 
0.142764 
0.136811 
0.141438 
0.133154 
0.139940 
0.132000 
0.133016 
0.126441 
0.120716 
0.124747 
0.114264 
0.109276 
0.109572 
0.119584 
0.119277 
0.123440 
0.125472 
0.122272 
0.135342 
0.130013 
0.136909 
0.136972 
0.144352 
0.153069 
0.158133 
0.163696 
0.158919 
0.173874 
0.166006 
0.171511 
0.166521 
0.170363 
0.160450 
0.153088 
0.157905 
0.146315 
0.138320 
0.135567 
0.138834 
0.129810 
0.122493 
0.127008 
0.121919 
0.121302 
0.118151 
0.119733 
0.110494 
0.104145 
0.107128 
0.101069 
0.102320 
0.091250 
0.083502 
0.087157 
0.080663 
0.073576 
0.069136 
0.063186 
0.060551 
0.051701 
0.042433 
0.037085 
0.031694 
0.025844 
0.021032 
0.017143 
0.014445 
0.012361 
0.010730 
0.009491 
0.008636 
0.006867 
0.005236 
0.003813 
0.002779 
0.002017 
0.001444 
0.001168 
0.000972 
0.000752 
0.000802 
0.000962 
0.000667 
0.000493 
0.000355 
0.000258 
0.000187 
0.000136 
0.000096 
0.000091 
-0.000027 
0.000271 
0.000070 
0.003540 
0.013136 
0.013137 
0.024063 
0.118788 
0.126120 
0.176007 
0.154823 
0.108380 
0.085653 
0.081626 
0.097912 
0.230868 
0.252591 
0.309763 
0.306053 
0.323814 
0.326050 
0.330094 
0.366409 
0.361343 
0.375114 
0.363889 
0.371310 
0.332319 
0.308736 
0.321143 
0.320260 
0.343426 
0.331546 
0.320441 
0.330753 
0.326885 
0.338592 
0.344056 
0.334563 
0.322764 
0.310242 
0.304847 
0.302442 
0.300798 
0.309406 
0.310185 
0.314983 
0.326617 
0.324592 
0.325497 
0.303693 
0.282927 
0.296967 
0.292161 
0.312116 
0.306851 
0.329389 
0.321014 
0.314911 
0.328196 
0.319452 
0.324728 
0.305569 
0.316984 
0.323268 
0.341042 
0.349337 
0.341196 
0.360051 
0.333003 
0.350218 
0.319735 
0.315054 
0.307064 
0.318331 
0.324463 
0.322969 
0.342910 
0.324745 
0.352100 
0.325798 
0.363701 
0.324819 
0.339307 
0.317494 
0.347060 
0.327356 
0.323433 
0.325503 
0.323753 
0.330396 
0.309878 
0.330424 
0.309855 
0.363160 
0.324641 
0.323758 
0.289190 
0.338681 
0.294936 
0.326818 
0.288927 
0.326584 
0.291582 
0.322332 
0.282614 
0.314582 
0.281345 
0.302693 
0.276480 
0.275893 
0.263916 
0.269050 
0.271732 
0.281691 
0.277048 
0.271939 
0.272985 
0.269341 
0.273935 
0.256022 
0.271894 
0.251555 
0.278791 
0.260368 
0.274200 
0.240837 
0.269686 
0.236948 
0.262237 
0.234954 
0.254482 
0.229967 
0.291930 
0.263907 
0.291733 
0.256693 
0.265019 
0.235157 
0.247499 
0.240482 
0.243671 
0.236949 
0.234970 
0.253198 
0.252904 
0.285712 
0.272101 
0.284363 
0.255203 
0.271365 
0.256526 
0.269392 
0.250756 
0.264373 
0.265027 
0.273793 
0.265569 
0.245446 
0.253532 
0.235498 
0.249654 
0.241217 
0.257529 
0.256634 
0.263450 
0.266686 
0.258299 
0.276057 
0.260151 
0.272772 
0.256327 
0.264677 
0.261201 
0.258107 
0.263760 
0.249649 
0.273285 
0.259979 
0.260084 
0.260678 
0.268300 
0.268576 
0.260688 
0.269580 
0.261526 
0.269340 
0.255211 
0.250477 
0.275557 
0.271463 
0.275984 
0.269420 
0.270535 
0.265980 
0.256591 
0.273417 
0.260866 
0.249323 
0.268223 
0.269375 
0.274299 
0.263359 
0.261053 
0.259159 
0.254703 
0.271513 
0.260793 
0.254694 
0.257516 
0.254699 
0.232392 
0.220855 
0.226639 
0.239622 
0.244090 
0.229785 
0.231378 
0.256897 
0.226346 
0.210209 
0.229256 
0.221342 
0.218081 
0.209820 
0.200454 
0.213102 
0.211875 
0.208696 
0.224437 
0.224859 
0.214253 
0.223643 
0.232004 
0.221371 
0.212564 
0.223704 
0.223985 
0.225316 
0.224114 
0.214949 
0.218082 
0.228967 
0.229684 
0.212437 
0.215954 
0.205955 
0.204435 
0.208630 
0.212975 
0.207028 
0.210906 
0.200329 
0.200737 
0.220076 
0.200051 
0.195725 
0.233999 
0.229786 
0.204146 
0.206235 
0.213006 
0.215814 
0.221534 
0.229839 
0.235377 
0.233692 
0.225934 
0.223067 
0.230686 
0.245309 
0.246416 
0.247331 
0.251655 
0.253469 
0.249384 
0.263340 
0.260467 
0.261243 
0.256154 
0.262629 
0.266584 
0.266586 
0.266023 
0.266559 
0.268547 
0.267821 
0.274275 
0.272961 
0.270710 
0.275572 
0.272633 
0.278773 
0.275420 
0.271803 
0.283062 
0.283369 
0.281090 
0.276726 
0.275036 
0.275120 
0.282707 
0.279922 
0.271641 
0.260822 
0.257604 
0.253340 
0.253962 
0.253065 
0.232291 
0.205714 
0.186297 
0.162964 
0.124390 
0.093492 
0.066606 
0.054533 
0.047282 
0.048410 
0.041614 
0.039471 
0.045275 
0.045721 
0.047055 
0.037923 
0.030016 
0.024969 
0.025965 
0.030901 
0.038038 
0.041542 
0.054146 
0.060263 
0.068444 
0.084212 
0.089673 
0.101540 
0.109951 
0.114510 
0.115301 
0.128067 
0.150059 
0.156015 
0.166684 
0.186161 
0.204345 
0.211954 
0.213168 
0.219244 
0.232607 
0.232740 
0.229173 
0.229092 
0.222685 
0.221499 
0.220893 
0.215966 
0.215185 
0.211040 
0.218313 
0.224679 
0.226441 
0.226440 
0.231738 
0.238815 
0.241875 
0.249407 
0.266296 
0.266254 
0.274292 
0.279362 
0.277116 
0.277498 
0.274545 
0.266297 
0.257841 
0.251064 
0.259008 
0.258045 
0.261884 
0.264855 
0.277793 
0.279904 
0.275506 
0.271098 
0.270339 
0.258582 
0.254812 
0.261952 
0.268426 
0.262094 
0.253627 
0.263282 
0.267669 
0.258639 
0.252254 
0.241671 
0.244843 
0.258313 
0.260230 
0.245079 
0.240335 
0.246214 
0.244742 
0.246716 
0.246649 
0.250100 
0.240149 
0.230522 
0.223987 
0.221446 
0.214933 
0.208356 
0.204323 
0.203472 
0.210553 
0.204946 
0.202802 
0.198634 
0.196474 
0.190758 
0.183235 
0.178542 
0.174754 
0.174183 
0.165281 
0.154651 
0.146015 
0.127636 
0.109792 
0.093467 
0.083393 
0.073352 
0.070058 
0.067130 
0.059953 
0.058482 
0.063094 
0.068153 
0.064052 
0.065013 
0.065750 
0.065948 
0.067109 
0.067816 
0.068992 
0.067211 
0.064065 
0.060192 
0.056593 
0.054479 
0.050799 
0.049728 
0.053055 
0.052265 
0.051411 
0.050208 
0.050978 
0.052160 
0.053418 
0.053908 
0.054407 
0.051580 
0.050659 
0.050588 
0.053947 
0.054455 
0.054444 
0.055228 
0.057826 
0.060510 
0.059176 
0.060417 
0.063263 
0.062567 
0.063022 
0.065167 
0.064051 
0.061805 
0.059853 
0.061907 
0.065020 
0.068117 
0.067303 
0.065373 
0.066087 
0.061839 
0.057733 
0.058217 
0.056423 
0.054193 
0.051528 
0.048175 
0.043792 
0.044906 
0.042686 
0.037529 
0.035113 
0.033419 
0.032993 
0.034061 
0.029949 
0.029963 
0.034480 
0.029478 
0.030852 
0.034207 
0.035871 
0.035145 
0.037304 
0.041025 
0.039709 
0.047100 
0.058279 
0.069999 
0.079751 
0.117973 
0.132831 
0.195579 
0.270146 
0.294197 
0.325280 
0.346897 
0.333300 
0.322989 
0.302471 
0.270447 
0.239411 
0.245122 
0.227597 
0.250816 
0.303937 
0.315961 
0.294350 
0.262898 
0.276415 
0.307842 
0.298499 
0.272334 
0.259695 
0.269274 
0.269283 
0.281385 
0.274314 
0.266682 
0.273969 
0.285258 
0.293724 
0.294217 
0.317683 
0.303150 
0.292015 
0.294491 
0.286769 
0.296912 
0.285466 
0.286972 
0.297088 
0.300006 
0.285333 
0.265171 
0.260534 
0.260817 
0.269678 
0.260118 
0.245407 
0.265947 
0.248335 
0.263546 
0.254624 
0.276236 
0.272737 
0.279050 
0.282727 
0.272152 
0.276342 
0.251547 
0.281078 
0.254083 
0.252538 
0.239202 
0.249827 
0.235875 
0.232818 
0.199178 
0.179443 
0.133404 
0.107295 
0.075238 
0.056701 
0.042187 
0.030357 
0.022176 
0.015936 
0.012627 
0.009727 
0.016878 
0.025742 
0.041246 
0.048039 
0.059725 
0.060206 
0.086008 
0.087621 
0.107146 
0.104611 
0.121151 
0.117442 
0.128472 
0.116697 
0.153782 
0.151784 
0.183686 
0.179411 
0.204759 
0.190593 
0.236904 
0.228465 
0.257501 
0.233908 
0.276068 
0.249598 
0.284119 
0.248593 
0.295816 
0.262864 
0.305883 
0.263195 
0.305201 
0.265347 
0.307035 
0.261590 
0.303562 
0.263652 
0.319881 
0.274118 
0.287057 
0.253577 
0.303491 
0.271721 
0.318148 
0.285916 
0.338066 
0.298670 
0.326276 
0.295054 
0.314494 
0.290409 
0.321679 
0.296018 
0.306715 
0.298407 
0.316215 
0.306024 
0.314240 
0.310602 
0.319423 
0.315318 
0.309389 
0.316654 
0.307883 
0.321189 
0.310534 
0.314521 
0.288769 
0.317538 
0.297120 
0.314910 
0.283278 
0.319109 
0.290821 
0.311264 
0.277308 
0.311554 
0.276533 
0.320139 
0.281682 
0.327450 
0.287830 
0.320128 
0.278779 
0.335422 
0.291623 
0.331036 
0.284891 
0.339626 
0.294642 
0.347448 
0.299531 
0.344801 
0.296588 
0.352477 
0.301687 
0.347604 
0.295991 
0.338953 
0.294608 
0.350743 
0.303761 
0.343557 
0.295558 
0.342137 
0.294260 
0.324018 
0.286179 
0.327091 
0.291857 
0.333789 
0.298233 
0.333105 
0.302447 
0.337105 
0.303851 
0.322342 
0.305078 
0.337176 
0.311716 
0.326004 
0.309623 
0.321730 
0.313237 
0.322716 
0.315076 
0.315467 
0.313496 
0.307813 
0.323478 
0.323777 
0.322383 
0.305714 
0.326826 
0.310917 
0.332853 
0.312137 
0.325530 
0.294543 
0.321719 
0.289308 
0.324416 
0.288998 
0.332996 
0.299362 
0.317155 
0.275239 
0.315116 
0.274431 
0.326211 
0.283564 
0.321073 
0.276262 
0.328046 
0.286481 
0.344134 
0.297512 
0.328744 
0.285469 
0.329077 
0.288909 
0.338157 
0.299348 
0.336436 
0.297498 
0.333689 
0.298954 
0.330703 
0.300086 
0.325434 
0.303220 
0.325005 
0.295102 
0.300451 
0.295245 
0.308928 
0.314008 
0.323145 
0.319247 
0.316146 
0.312068 
0.301474 
0.297799 
0.270757 
0.324017 
0.315879 
0.313975 
0.283291 
0.304463 
0.270755 
0.323901 
0.293433 
0.324583 
0.288655 
0.333017 
0.288130 
0.342416 
0.289066 
0.308810 
0.268036 
0.297026 
0.252506 
0.262750 
0.230921 
0.249994 
0.223396 
0.244481 
0.216031 
0.223559 
0.206727 
0.214121 
0.212141 
0.237901 
0.213942 
0.221020 
0.213328 
0.231985 
0.216080 
0.228517 
0.194826 
0.211375 
0.197061 
0.207864 
0.220896 
0.243508 
0.223626 
0.215572 
0.186565 
0.195093 
0.179129 
0.184142 
0.160746 
0.161533 
0.157109 
0.157227 
0.148578 
0.136950 
0.153229 
0.160754 
0.150290 
0.154955 
0.128931 
0.128212 
0.110375 
0.106551 
0.097380 
0.103088 
0.114532 
0.159212 
0.130279 
0.133734 
0.124683 
0.169683 
0.123162 
0.123953 
0.104011 
0.108080 
0.081637 
0.085231 
0.064960 
0.079312 
0.081558 
0.092405 
0.097988 
0.077503 
0.068635 
0.057099 
0.060372 
0.046282 
0.053752 
0.051618 
0.047817 
0.039205 
0.036735 
0.029085 
0.022181 
0.020469 
0.025779 
0.037374 
0.033185 
0.029972 
0.028604 
0.035926 
0.037511 
0.033476 
0.034076 
0.024151 
0.017718 
0.012961 
0.010988 
0.012729 
0.012382 
0.009648 
0.007578 
0.006077 
0.005128 
0.005921 
0.006269 
0.005653 
0.004871 
0.004131 
0.003452 
0.003867 
0.004328 
0.006158 
0.008485 
0.009833 
0.010625 
0.008823 
0.007347 
0.006794 
0.006271 
0.005398 
0.004716 
0.004170 
0.003048 
0.004412 
0.004628 
0.007666 
0.012012 
0.011513 
0.016706 
0.025856 
0.035054 
0.039398 
0.042566 
0.050664 
0.052992 
0.052467 
0.045589 
0.050132 
0.060338 
0.063186 
0.056650 
0.050301 
0.045007 
0.042203 
0.036096 
0.037850 
0.044046 
0.047736 
0.055494 
0.058175 
0.048582 
0.041566 
0.036939 
0.032565 
0.045451 
0.056678 
0.062486 
0.073398 
0.092926 
0.085516 
0.070580 
0.070057 
0.062693 
0.059223 
0.069363 
0.073020 
0.073041 
0.065206 
0.072777 
0.078142 
0.066677 
0.081224 
0.075583 
0.080558 
0.073846 
0.090662 
0.099918 
0.092549 
0.092381 
0.109072 
0.104021 
0.092167 
0.091847 
0.087785 
0.100236 
0.095861 
0.076078 
0.086490 
0.088023 
0.077138 
0.068507 
0.054908 
0.070343 
0.068828 
0.074174 
0.073363 
0.073522 
0.076132 
0.062360 
0.054792 
0.062972 
0.057191 
0.050721 
0.051098 
0.072104 
0.085784 
0.069709 
0.062455 
0.077617 
0.092248 
0.077320 
0.081307 
0.101649 
0.117690 
0.130416 
0.114150 
0.098644 
0.090967 
0.070372 
0.058480 
0.071413 
0.072989 
0.073144 
0.074597 
0.076384 
0.073635 
0.067830 
0.066173 
0.069222 
0.061950 
0.061386 
0.067473 
0.062551 
0.051556 
0.048913 
0.050996 
0.058415 
0.050224 
0.046686 
0.065101 
0.071692 
0.063669 
0.048268 
0.042328 
0.045139 
0.059282 
0.061250 
0.056207 
0.049166 
0.038671 
0.038350 
0.038963 
0.040384 
0.035628 
0.036342 
0.039082 
0.027008 
0.031105 
0.037643 
0.032238 
0.024180 
0.021537 
0.019847 
0.016925 
0.020820 
0.023699 
0.023035 
0.021909 
0.022773 
0.027568 
0.030562 
0.030508 
0.029684 
0.024810 
0.022053 
0.019393 
0.014569 
0.019948 
0.022370 
0.020006 
0.018913 
0.019407 
0.025397 
0.027185 
0.019923 
0.018961 
0.016016 
0.011808 
0.009376 
0.008276 
0.008623 
0.009545 
0.012451 
0.010656 
0.009971 
0.011359 
0.011194 
0.008714 
0.005895 
0.006269 
0.006596 
0.010215 
0.012386 
0.015585 
0.018674 
0.015821 
0.018001 
0.020952 
0.017006 
0.014934 
0.013378 
0.012939 
0.010201 
0.007060 
0.010577 
0.014692 
0.013513 
0.010179 
0.009342 
0.011339 
0.009325 
0.008046 
0.007512 
0.009762 
0.015737 
0.018508 
0.017307 
0.014744 
0.013234 
0.014333 
0.011729 
0.008821 
0.006628 
0.006549 
0.007328 
0.005886 
0.007430 
0.006673 
0.008600 
0.011379 
0.009719 
0.009606 
0.010676 
0.009354 
0.006778 
0.005114 
0.005014 
0.005640 
0.006362 
0.005821 
0.006581 
0.006675 
0.005829 
0.005406 
0.004552 
0.004440 
0.004482 
0.004621 
0.004997 
0.005143 
0.005007 
0.004122 
0.003545 
0.003406 
0.003581 
0.004041 
0.004038 
0.003399 
0.002881 
0.002419 
0.001862 
0.001501 
0.001943 
0.001992 
0.001441 
0.001056 
0.000771 
0.000593 
0.000434 
0.000314 
0.000228 
0.000165 
0.000120 
0.000087 
0.000063 
0.000046 
0.000033 
0.000024 
0.000017 
0.000013 
0.000009 
0.000007 
0.000005 
0.000003 
0.000003 
0.000002 
0.000001 
0.000001 
0.000001 
0.000001 
0.000000 
0.000000 
0.000000 
0.000000 
0.000000 
0.000000 
0.000000 
0.000000 
0.000000 
0.000000 
0.000000 
0.000000 
0.000000 
0.000000 
0.000000 
0.000000 
0.000000 
0.000000 
0.000000 
0.000000 
0.000000 
0.000000 
0.000000 
0.000000 
0.000000 
0.000000 
0.000000 
0.000000 
0.000000 
0.000000 
0.000000 
0.000000 
0.000000 
0.000000 
0.000000 
0.000000 
0.000000 
0.000000 
0.000000 
0.000000 
0.000000 
0.000000 
0.000000 
0.000000 
0.000000 
0.000000 
0.000000 
0.000000 
0.000000 
0.000000 
0.000000 
0.000000 
0.000000 
0.000000 
0.000000 
0.000000 
0.000000 
0.000000 
0.000000 
0.000000 
0.000000 
0.000000 
0.000000 
0.000000 
0.000000 
0.000000 
0.000000 
0.000000 
0.000000 
0.000000 
0.000000 
0.000000 
0.000000 
0.000000 
0.000000 
0.000000 
0.000000 
0.000000 
0.000000 
0.000000 
0.000000 
0.000000 
0.000000 
0.000000 
0.000000 
0.000000 
0.000000 
0.000000 
0.000000 
0.000000 
0.000000 
0.000000 
0.000000 
0.000000 
0.000000 
0.000000 
0.000000 
0.000000 
0.000000 
0.000000 
0.000000 
0.000000 
0.000000 
0.000000 
0.000000 
0.000000 
0.000000 
0.000000 
0.000000 
0.000000 
0.000000 
0.000000 
0.000000 
0.000000 
0.000000 
0.000000 
0.000000 
0.000000 
0.000000 
0.000000 
0.000000 
0.000000 
0.000000 
0.000000 
0.000000 
0.000000 
0.000000 
0.000000 
0.000000 
0.000000 
0.000000 
0.000000 
0.000000 
0.000000 
0.000000 
0.000000 
0.000000 
0.000000 
0.000000 
0.000000 
0.000000 
0.000000 
0.000000 
0.000000 
0.000000 
0.000000 
0.000000 
0.000000 
0.000000 
0.000000 
0.000000 
0.000000 
0.000000 
0.000000 
0.000000 
0.000000 
0.000000 
0.000000 
0.000000 
0.000000 
0.000000 
0.000000 
0.000000 
0.000000 
0.000000 
0.000000 
0.000000 
0.000000 
0.000000 
0.000000 
0.000000 
0.000000 
0.000000 
0.000000 
0.000000 
0.000000 
0.000000 
0.000000 
0.000000 
0.000000 
0.000000 
0.000000 
0.000000 
0.000000 
0.000000 
0.000000 
0.000000 
0.000000 
0.000000 
0.000000 
0.000000 
0.000000 
0.000000 
0.000000 
0.000000 
0.000000 
0.000000 
0.000000 
0.000000 
0.000000 
0.000000 
0.000000 
0.000000 
0.000000 
0.000000 
0.000000 
0.000000 
0.000000 
0.000000 
0.000000 
0.000000 
0.000000 
0.000000 
0.000000 
0.000000 
0.000000 
0.000000 
0.000000 
0.000000 
0.000000 
0.000000 
0.000000 
0.000000 
0.000000 
-0.000000 
0.000000 
-0.000000 
0.000000 
-0.000001 
0.000004 
0.000074 
0.000084 
0.000057 
0.000037 
0.000043 
-0.000011 
0.000285 
0.001496 
0.002554 
0.003541 
0.004446 
0.013782 
0.017082 
0.041295 
0.204203 
0.167157 
0.192345 
0.357744 
0.231512 
0.285309 
0.391673 
0.255458 
0.380379 
0.359371 
0.273222 
0.392404 
0.287360 
0.283215 
0.379115 
0.265817 
0.351476 
0.364540 
0.296341 
0.330342 
0.265232 
0.348914 
0.307490 
0.345459 
0.384264 
0.324147 
0.378814 
0.288036 
0.376519 
0.298552 
0.335863 
0.334456 
0.291852 
0.361699 
0.273208 
0.346654 
0.261274 
0.343054 
0.284807 
0.322084 
0.306150 
0.297735 
0.339527 
0.265253 
0.353813 
0.261824 
0.343489 
0.275075 
0.313127 
0.320616 
0.273802 
0.348794 
0.253259 
0.356888 
0.272100 
0.319001 
0.333850 
0.260382 
0.376794 
0.260219 
0.350709 
0.336509 
0.273855 
0.377929 
0.256482 
0.339753 
0.313503 
0.254176 
0.361776 
0.240963 
0.310259 
0.331155 
0.227144 
0.360556 
0.282401 
0.256985 
0.359177 
0.232244 
0.283345 
0.336909 
0.210732 
0.268302 
0.289655 
0.186146 
0.242396 
0.289422 
0.185084 
0.238630 
0.311169 
0.199638 
0.223673 
0.335397 
0.233815 
0.206217 
0.336250 
0.268286 
0.179903 
0.266408 
0.284551 
0.183901 
0.179962 
0.246776 
0.186599 
0.126009 
0.175574 
0.185757 
0.121093 
0.102026 
0.162528 
0.136841 
0.085360 
0.109881 
0.165642 
0.124765 
0.085124 
0.136958 
0.153355 
0.102976 
0.086785 
0.149929 
0.143357 
0.092410 
0.105281 
0.161614 
0.126776 
0.085368 
0.125838 
0.158960 
0.113915 
0.090376 
0.150841 
0.155088 
0.097754 
0.124749 
0.215296 
0.174058 
0.114679 
0.232821 
0.289628 
0.205194 
0.203739 
0.266689 
0.223193 
0.169661 
0.227014 
0.314838 
0.258079 
0.193494 
0.243518 
0.259699 
0.200756 
0.171249 
0.244207 
0.258476 
0.220642 
0.198649 
0.234959 
0.239954 
0.209138 
0.228236 
0.253835 
0.236234 
0.243444 
0.293119 
0.270404 
0.248211 
0.259426 
0.233767 
0.220884 
0.249938 
0.240168 
0.213718 
0.253581 
0.251392 
0.192126 
0.218424 
0.227047 
0.167502 
0.210148 
0.269187 
0.192862 
0.202169 
0.277019 
0.198253 
0.210400 
0.291360 
0.207532 
0.214113 
0.299693 
0.209201 
0.214904 
0.316603 
0.220692 
0.229338 
0.326298 
0.225219 
0.241409 
0.328135 
0.218633 
0.272369 
0.322999 
0.203110 
0.284154 
0.330170 
0.217372 
0.287654 
0.287120 
0.190794 
0.311514 
0.299418 
0.209008 
0.319205 
0.273516 
0.208038 
0.331098 
0.273175 
0.222560 
0.313550 
0.225944 
0.214334 
0.295155 
0.191382 
0.219183 
0.301121 
0.192095 
0.224713 
0.266063 
0.164217 
0.233420 
0.255285 
0.161686 
0.235122 
0.226776 
0.150090 
0.219593 
0.197172 
0.144300 
0.221563 
0.186724 
0.151643 
0.218941 
0.168159 
0.165131 
0.219454 
0.143904 
0.175179 
0.206795 
0.134736 
0.183442 
0.182799 
0.129064 
0.177954 
0.144907 
0.132453 
0.207436 
0.162403 
0.157378 
0.186068 
0.136829 
0.161577 
0.167278 
0.121979 
0.140795 
0.137088 
0.114617 
0.138359 
0.122280 
0.096852 
0.114457 
0.101489 
0.074790 
0.106371 
0.082267 
0.082439 
0.114095 
0.074974 
0.093265 
0.098792 
0.066692 
0.109371 
0.088235 
0.085667 
0.135392 
0.088166 
0.121017 
0.131188 
0.089870 
0.141149 
0.106134 
0.110489 
0.152765 
0.098126 
0.147580 
0.135860 
0.110627 
0.166279 
0.112313 
0.138947 
0.152495 
0.105451 
0.152879 
0.119012 
0.105056 
0.124408 
0.081183 
0.118013 
0.110690 
0.091911 
0.122574 
0.083719 
0.089044 
0.083297 
0.057169 
0.080017 
0.064451 
0.056207 
0.077675 
0.052072 
0.062832 
0.068126 
0.044820 
0.070309 
0.061713 
0.046339 
0.074050 
0.054036 
0.051722 
0.096644 
0.066956 
0.068194 
0.106495 
0.069147 
0.075400 
0.120897 
0.079591 
0.082520 
0.129212 
0.086615 
0.086286 
0.131739 
0.088711 
0.088571 
0.143643 
0.098138 
0.098721 
0.151580 
0.100654 
0.114156 
0.167739 
0.235971 
0.239847 
0.217327 
0.225209 
0.184926 
0.216476 
0.179138 
0.242471 
0.223271 
0.265297 
0.286501 
0.266364 
0.324247 
0.270133 
0.299755 
0.304815 
0.240653 
0.229338 
0.215346 
0.224927 
0.239916 
0.206863 
0.261322 
0.220469 
0.242897 
0.275230 
0.218641 
0.268549 
0.243083 
0.210564 
0.240479 
0.194143 
0.215110 
0.205773 
0.155740 
0.228643 
0.190365 
0.187656 
0.231077 
0.177401 
0.143417 
0.122464 
0.184300 
0.179158 
0.226802 
0.198634 
0.227490 
0.165154 
0.132668 
0.097103 
0.081936 
0.067742 
0.049736 
0.046711 
0.039034 
0.040235 
0.044483 
0.029738 
0.025556 
0.020092 
0.014390 
0.010818 
0.012826 
0.010261 
0.009064 
0.007811 
0.006188 
0.005160 
0.008468 
0.006832 
0.005165 
0.005179 
0.003654 
0.006229 
0.006036 
0.004114 
0.003045 
0.002576 
0.002675 
0.001865 
0.001375 
0.000991 
0.000723 
0.000514 
0.000412 
0.000391 
0.000277 
0.000203 
0.000147 
0.000106 
0.000077 
0.000056 
0.000044 
0.000010 
0.000092 
-0.000189 
0.001986 
0.003343 
0.006730 
0.007315 
0.023779 
0.064784 
0.072597 
0.053336 
0.041529 
0.048037 
0.062657 
0.059030 
0.044950 
0.036638 
0.032524 
0.033399 
0.038439 
0.028181 
0.029081 
0.038306 
0.031485 
0.052405 
0.070704 
0.043994 
0.064965 
0.103813 
0.064153 
0.108749 
0.112075 
0.108644 
0.169579 
0.108650 
0.196358 
0.188180 
0.150133 
0.257303 
0.178649 
0.202495 
0.247156 
0.154633 
0.261907 
0.251286 
0.184930 
0.294846 
0.234414 
0.190545 
0.290160 
0.231188 
0.212094 
0.319905 
0.264512 
0.223550 
0.322949 
0.258656 
0.203275 
0.321290 
0.304747 
0.217810 
0.299116 
0.342732 
0.240852 
0.251770 
0.354619 
0.295237 
0.219896 
0.339691 
0.336946 
0.219423 
0.267746 
0.358990 
0.259291 
0.193734 
0.327922 
0.308716 
0.190548 
0.226594 
0.333636 
0.236210 
0.160264 
0.279813 
0.296838 
0.180575 
0.193916 
0.312256 
0.241871 
0.167951 
0.271277 
0.308895 
0.203745 
0.157936 
0.160140 
0.132712 
0.092042 
0.070784 
0.165222 
0.168628 
0.102654 
0.119275 
0.211200 
0.163390 
0.106437 
0.129467 
0.202984 
0.152683 
0.100648 
0.122153 
0.200796 
0.152312 
0.101309 
0.114814 
0.183013 
0.140004 
0.093351 
0.101070 
0.161239 
0.123192 
0.083478 
0.081735 
0.138645 
0.111732 
0.075998 
0.066127 
0.113288 
0.094901 
0.065120 
0.050932 
0.086987 
0.080727 
0.054979 
0.040640 
0.066883 
0.067319 
0.045163 
0.034296 
0.060097 
0.059993 
0.037527 
0.039242 
0.068304 
0.052332 
0.037042 
0.027788 
0.026755 
0.021021 
0.014436 
0.012321 
0.015153 
0.011692 
0.007952 
0.007615 
0.008617 
0.006033 
0.004446 
0.003209 
0.002480 
0.001848 
0.001319 
0.000989 
0.001167 
0.000956 
0.000727 
0.001978 
0.007578 
0.009030 
0.006266 
0.004654 
0.003365 
0.002389 
0.002671 
0.004432 
0.005329 
0.004974 
0.006023 
0.017613 
0.022497 
0.016116 
0.011429 
0.011295 
0.014551 
0.019938 
0.033585 
0.031200 
0.034030 
0.035065 
0.026660 
0.025367 
0.040457 
0.037461 
0.027283 
0.028300 
0.048149 
0.049453 
0.057424 
0.071005 
0.068572 
0.084305 
0.085847 
0.061784 
0.068726 
0.108953 
0.106825 
0.098494 
0.085653 
0.076374 
0.076384 
0.069937 
0.091730 
0.107561 
0.095639 
0.112729 
0.119918 
0.119407 
0.117971 
0.115966 
0.147742 
0.167594 
0.138128 
0.116153 
0.101977 
0.095899 
0.105102 
0.106607 
0.117271 
0.118370 
0.122146 
0.163209 
0.127606 
0.176078 
0.156222 
0.209709 
0.186499 
0.202912 
0.178628 
0.215537 
0.236418 
0.220369 
0.235452 
0.216566 
0.248786 
0.230922 
0.261832 
0.253918 
0.303389 
0.291342 
0.327793 
0.293122 
0.279668 
0.299024 
0.290421 
0.316780 
0.309961 
0.310425 
0.280711 
0.311540 
0.284726 
0.305610 
0.281258 
0.289620 
0.270553 
0.271972 
0.282778 
0.286581 
0.276971 
0.253630 
0.290257 
0.271147 
0.283880 
0.251818 
0.273399 
0.252377 
0.268810 
0.246094 
0.269390 
0.256655 
0.262414 
0.256401 
0.255870 
0.252844 
0.258601 
0.257086 
0.273305 
0.249693 
0.254801 
0.243997 
0.260500 
0.245936 
0.249971 
0.243172 
0.258480 
0.238617 
0.264353 
0.229474 
0.262481 
0.219832 
0.268010 
0.224191 
0.304379 
0.254326 
0.309939 
0.298077 
0.296527 
0.293151 
0.254291 
0.263665 
0.198670 
0.213003 
0.162821 
0.143563 
0.131827 
0.097090 
0.114199 
0.082541 
0.087882 
0.084804 
0.057697 
0.073793 
0.057021 
0.052105 
0.078862 
0.050415 
0.079063 
0.094549 
0.060545 
0.094887 
0.085618 
0.060758 
0.086407 
0.067223 
0.054347 
0.077006 
0.055640 
0.049235 
0.052160 
0.036040 
0.026674 
0.043331 
0.040802 
0.033417 
0.032784 
0.030063 
0.031983 
0.028639 
0.019553 
0.020037 
0.019250 
0.013112 
0.009805 
0.007020 
0.005107 
0.003701 
0.002683 
0.001945 
0.001410 
0.001022 
0.000741 
0.000537 
0.000390 
0.000282 
0.000205 
0.000148 
0.000108 
0.000078 
0.000057 
0.000041 
0.000030 
0.000022 
0.000016 
0.000011 
0.000008 
0.000006 
0.000004 
0.000003 
0.000002 
0.000002 
0.000001 
0.000001 
0.000001 
0.000000 
0.000000 
-0.000000 
0.000003 
0.000018 
0.000026 
0.000021 
0.000015 
0.000011 
0.000008 
0.000006 
0.000004 
0.000003 
0.000003 
0.000003 
-0.000002 
-0.000000 
0.000060 
0.000900 
0.006220 
0.012195 
0.016227 
0.029489 
0.039770 
0.038447 
0.038462 
0.049576 
0.093971 
0.090584 
0.137259 
0.176313 
0.165652 
0.254730 
0.191981 
0.277855 
0.225408 
0.265304 
0.227641 
0.241170 
0.243690 
0.223335 
0.269055 
0.219320 
0.280446 
0.221380 
0.280983 
0.241911 
0.253807 
0.235244 
0.223935 
0.258042 
0.214248 
0.308474 
0.237677 
0.272152 
0.273401 
0.239462 
0.307852 
0.217400 
0.291647 
0.289065 
0.252732 
0.356060 
0.251735 
0.320919 
0.316837 
0.254424 
0.352770 
0.261018 
0.313436 
0.306346 
0.261469 
0.338956 
0.241716 
0.296257 
0.263475 
0.255151 
0.275344 
0.221827 
0.297528 
0.235168 
0.307333 
0.258734 
0.289627 
0.312529 
0.299945 
0.273698 
0.242012 
0.252878 
0.239301 
0.244020 
0.245825 
0.249569 
0.263482 
0.250372 
0.246045 
0.254453 
0.290538 
0.270083 
0.254302 
0.297375 
0.298221 
0.327860 
0.302152 
0.288956 
0.318255 
0.309765 
0.297760 
0.287895 
0.279382 
0.266634 
0.256947 
0.263015 
0.243925 
0.227605 
0.215095 
0.198460 
0.188395 
0.175116 
0.167560 
0.153234 
0.147323 
0.157658 
0.147398 
0.143856 
0.138810 
0.130198 
0.097143 
0.087384 
0.084809 
0.070785 
0.072083 
0.071023 
0.078502 
0.074384 
0.074650 
0.076941 
0.087235 
0.090684 
0.080317 
0.070279 
0.079313 
0.070921 
0.069547 
0.057919 
0.049067 
0.047533 
0.048998 
0.075863 
0.078527 
0.069189 
0.057446 
0.049686 
0.048341 
0.046129 
0.044341 
0.039622 
0.040019 
0.057870 
0.066603 
0.056441 
0.064272 
0.054201 
0.054021 
0.046655 
0.040680 
0.036991 
0.028816 
0.026432 
0.025337 
0.025156 
0.025902 
0.028919 
0.026043 
0.020555 
0.017827 
0.018381 
0.016481 
0.013645 
0.013288 
0.010713 
0.009729 
0.010486 
0.011957 
0.013572 
0.012881 
0.013942 
0.013831 
0.011351 
0.008087 
0.006710 
0.006747 
0.005772 
0.004933 
0.003546 
0.002580 
0.001869 
0.001355 
0.000982 
0.000712 
0.000516 
0.000374 
0.000271 
0.000197 
0.000143 
0.000103 
0.000075 
0.000054 
0.000039 
0.000029 
0.000021 
0.000015 
0.000011 
0.000008 
0.000006 
0.000009 
0.000240 
0.000592 
0.000759 
0.000910 
0.001068 
0.001200 
0.000184 
0.004899 
0.006713 
0.018990 
0.025876 
0.017866 
0.013590 
0.012485 
0.016716 
0.017627 
0.011016 
0.020441 
0.039130 
0.035268 
0.060666 
0.052496 
0.048646 
0.071947 
0.073796 
0.171067 
0.198168 
0.252573 
0.235427 
0.273344 
0.299037 
0.261241 
0.259715 
0.232116 
0.265186 
0.231228 
0.262578 
0.236171 
0.263568 
0.248594 
0.280406 
0.271399 
0.308410 
0.256007 
0.309269 
0.280464 
0.285128 
0.255527 
0.218597 
0.206334 
0.199797 
0.234651 
0.203075 
0.266190 
0.223768 
0.263590 
0.240967 
0.247889 
0.271584 
0.222825 
0.307071 
0.237116 
0.270459 
0.247205 
0.221236 
0.248832 
0.185226 
0.239638 
0.207620 
0.210623 
0.225432 
0.167390 
0.224935 
0.171038 
0.188842 
0.208787 
0.160524 
0.221285 
0.162077 
0.204158 
0.210167 
0.157434 
0.224353 
0.164033 
0.217026 
0.216848 
0.166372 
0.227229 
0.163999 
0.206271 
0.204716 
0.160867 
0.234743 
0.171186 
0.196024 
0.202208 
0.157983 
0.218742 
0.158891 
0.168155 
0.186702 
0.133749 
0.183203 
0.149931 
0.137858 
0.179772 
0.128095 
0.172676 
0.161759 
0.130159 
0.187775 
0.135354 
0.168739 
0.200966 
0.145220 
0.197256 
0.156175 
0.157016 
0.197241 
0.138916 
0.209309 
0.179917 
0.168980 
0.200916 
0.146900 
0.224310 
0.184702 
0.192761 
0.234768 
0.169783 
0.253551 
0.205943 
0.221055 
0.236343 
0.184855 
0.255259 
0.191456 
0.243443 
0.231060 
0.208525 
0.244853 
0.183280 
0.244166 
0.196242 
0.182323 
0.148780 
0.103139 
0.079851 
0.074645 
0.052663 
0.059072 
0.060893 
0.044340 
0.053283 
0.038822 
0.034329 
0.030526 
0.029809 
0.040226 
0.037360 
0.042686 
0.035487 
0.060468 
0.061675 
0.072714 
0.082155 
0.107629 
0.108645 
0.183029 
0.234752 
0.241204 
0.246407 
0.234057 
0.226392 
0.330685 
0.325063 
0.347219 
0.316708 
0.307524 
0.277321 
0.280441 
0.266865 
0.277063 
0.279725 
0.244277 
0.261152 
0.249535 
0.274015 
0.256293 
0.271215 
0.247789 
0.262701 
0.266167 
0.280615 
0.254090 
0.264269 
0.290962 
0.291781 
0.289991 
0.283932 
0.324160 
0.332109 
0.342778 
0.314089 
0.347503 
0.339569 
0.360676 
0.317989 
0.332950 
0.324882 
0.336770 
0.329015 
0.324606 
0.347732 
0.347306 
0.348822 
0.337221 
0.345981 
0.330761 
0.338307 
0.330204 
0.343978 
0.321756 
0.317988 
0.308970 
0.346253 
0.331043 
0.324256 
0.327547 
0.324214 
0.340797 
0.330166 
0.329807 
0.314140 
0.340156 
0.321796 
0.305379 
0.308969 
0.309380 
0.310084 
0.298638 
0.302552 
0.293794 
0.295222 
0.282053 
0.274167 
0.266729 
0.253927 
0.251290 
0.235556 
0.234337 
0.215212 
0.236684 
0.237599 
0.248517 
0.247651 
0.247431 
0.240867 
0.231922 
0.219507 
0.190576 
0.169769 
0.131776 
0.107194 
0.090060 
0.072610 
0.064620 
0.051786 
0.048068 
0.043761 
0.043229 
0.037406 
0.031757 
0.031190 
0.032509 
0.044644 
0.070086 
0.104221 
0.108171 
0.141495 
0.168569 
0.207121 
0.243841 
0.257560 
0.267067 
0.282753 
0.278959 
0.292637 
0.291941 
0.296314 
0.293329 
0.293057 
0.312641 
0.308837 
0.307275 
0.305665 
0.303410 
0.301308 
0.293367 
0.287352 
0.304558 
0.302812 
0.310109 
0.308773 
0.317784 
0.340426 
0.336104 
0.340610 
0.315938 
0.298246 
0.292451 
0.283094 
0.280202 
0.285030 
0.280095 
0.272224 
0.256572 
0.246642 
0.246818 
0.242081 
0.245311 
0.233234 
0.220278 
0.215400 
0.205731 
0.198450 
0.180805 
0.163699 
0.144523 
0.122763 
0.095631 
0.072253 
0.056637 
0.048058 
0.036072 
0.029801 
0.025707 
0.026484 
0.031247 
0.029519 
0.030369 
0.034008 
0.035247 
0.035765 
0.043753 
0.048288 
0.056923 
0.060427 
0.064584 
0.064680 
0.064468 
0.066194 
0.066021 
0.065502 
0.064008 
0.064381 
0.062499 
0.064210 
0.069675 
0.067402 
0.067575 
0.068578 
0.068486 
0.068983 
0.071213 
0.069013 
0.070325 
0.071935 
0.074288 
0.085264 
0.085817 
0.082264 
0.077702 
0.075329 
0.079193 
0.075720 
0.071912 
0.086341 
0.090686 
0.086968 
0.096603 
0.110278 
0.115030 
0.127428 
0.161194 
0.196239 
0.206953 
0.213231 
0.212532 
0.210381 
0.258669 
0.244858 
0.300618 
0.301928 
0.284767 
0.309867 
0.308365 
0.302056 
0.302405 
0.305977 
0.303090 
0.299890 
0.303354 
0.322449 
0.318931 
0.326880 
0.318635 
0.308051 
0.304386 
0.305380 
0.293517 
0.269814 
0.262314 
0.268811 
0.258481 
0.259297 
0.255546 
0.248639 
0.248705 
0.240404 
0.228538 
0.231420 
0.207908 
0.194459 
0.179089 
0.182883 
0.175896 
0.161848 
0.145105 
0.125681 
0.100963 
0.083923 
0.071749 
0.068555 
0.064266 
0.063909 
0.059302 
0.057261 
0.056502 
0.048662 
0.036717 
0.029837 
0.022180 
0.019190 
0.020825 
0.019864 
0.013978 
0.010905 
0.010143 
0.008862 
0.006722 
0.004925 
0.003694 
0.002648 
0.001929 
0.001397 
0.001013 
0.000734 
0.000532 
0.000386 
0.000280 
0.000203 
0.000147 
0.000107 
0.000077 
0.000056 
0.000041 
0.000029 
0.000021 
0.000015 
0.000011 
0.000008 
0.000006 
0.000004 
0.000003 
0.000002 
0.000002 
0.000001 
0.000001 
0.000001 
0.000000 
0.000000 
0.000001 
0.000000 
0.000078 
0.000288 
0.000687 
0.001075 
0.001411 
0.001960 
0.002215 
0.002036 
0.001999 
0.001923 
0.001533 
0.001225 
0.000922 
0.000582 
0.001254 
0.006538 
0.014914 
0.014184 
0.052056 
0.076360 
0.054422 
0.099401 
0.128704 
0.097140 
0.072478 
0.054643 
0.061019 
0.097946 
0.139614 
0.145342 
0.145636 
0.148599 
0.149297 
0.149395 
0.147006 
0.147456 
0.158776 
0.181919 
0.201284 
0.220920 
0.238954 
0.254258 
0.263609 
0.267381 
0.266882 
0.270862 
0.279067 
0.284754 
0.290077 
0.291089 
0.282210 
0.273499 
0.264028 
0.263191 
0.260986 
0.256612 
0.248943 
0.245504 
0.232421 
0.208214 
0.182549 
0.159451 
0.145938 
0.139532 
0.130389 
0.111410 
0.110046 
0.115552 
0.114156 
0.112075 
0.110985 
0.116126 
0.112583 
0.104957 
0.098614 
0.094336 
0.092480 
0.086180 
0.083309 
0.082022 
0.084139 
0.080881 
0.079330 
0.081325 
0.081067 
0.082132 
0.079943 
0.077987 
0.075445 
0.078444 
0.081721 
0.080166 
0.087252 
0.091396 
0.088251 
0.091784 
0.095829 
0.096666 
0.097033 
0.099392 
0.104090 
0.105435 
0.107203 
0.113165 
0.112802 
0.112157 
0.118236 
0.115647 
0.111161 
0.115362 
0.117723 
0.110448 
0.101409 
0.106059 
0.114685 
0.118202 
0.109697 
0.109316 
0.117945 
0.118804 
0.118974 
0.129117 
0.125167 
0.117519 
0.124188 
0.134750 
0.167258 
0.284748 
0.299814 
0.301479 
0.304336 
0.271203 
0.234290 
0.230613 
0.238347 
0.265332 
0.275152 
0.286039 
0.298957 
0.317552 
0.337744 
0.346835 
0.354088 
0.356862 
0.339336 
0.318192 
0.329247 
0.340069 
0.339617 
0.338775 
0.318817 
0.345259 
0.341319 
0.344490 
0.343426 
0.348553 
0.358299 
0.358678 
0.341289 
0.339494 
0.359152 
0.348701 
0.347269 
0.352081 
0.354634 
0.357722 
0.340306 
0.336583 
0.325264 
0.338197 
0.317663 
0.326871 
0.331048 
0.336836 
0.342296 
0.320846 
0.301465 
0.328565 
0.328214 
0.328212 
0.319996 
0.323309 
0.329614 
0.337806 
0.333776 
0.347668 
0.341562 
0.338001 
0.331397 
0.346606 
0.340807 
0.337776 
0.331258 
0.327655 
0.318651 
0.308191 
0.296584 
0.296906 
0.299495 
0.307062 
0.302332 
0.291276 
0.288574 
0.289406 
0.281037 
0.264711 
0.245052 
0.225270 
0.214571 
0.203756 
0.193967 
0.187141 
0.170923 
0.162721 
0.158973 
0.146007 
0.126835 
0.104016 
0.083657 
0.066416 
0.059319 
0.053048 
0.040804 
0.032554 
0.025948 
0.023216 
0.019991 
0.016700 
0.014951 
0.014858 
0.018571 
0.017833 
0.012795 
0.009393 
0.006781 
0.004917 
0.003567 
0.002586 
0.001875 
0.001359 
0.000985 
0.000714 
0.000518 
0.000375 
0.000272 
0.000197 
0.000143 
0.000104 
0.000075 
0.000055 
0.000040 
0.000029 
0.000021 
0.000015 
0.000011 
0.000008 
0.000006 
0.000004 
0.000003 
0.000002 
0.000002 
0.000001 
0.000001 
0.000001 
0.000000 
0.000000 
0.000000 
0.000000 
0.000000 
0.000000 
0.000000 
0.000000 
0.000000 
0.000000 
0.000000 
0.000000 
0.000000 
0.000000 
0.000000 
0.000000 
0.000000 
0.000000 
0.000000 
0.000000 
0.000000 
0.000000 
0.000000 
0.000000 
0.000000 
0.000000 
0.000000 
0.000000 
0.000000 
0.000000 
0.000000 
0.000000 
0.000000 
0.000000 
0.000000 
0.000000 
0.000000 
0.000000 
0.000000 
0.000000 
-0.000000 
0.000000 
0.000001 
-0.000000 
-0.000004 
0.000033 
0.000523 
0.003353 
0.007451 
0.009122 
0.006013 
0.010568 
0.083507 
0.072957 
0.113191 
0.176820 
0.201833 
0.254130 
0.259028 
0.261443 
0.281723 
0.272349 
0.273626 
0.279863 
0.280303 
0.278811 
0.272069 
0.277504 
0.283593 
0.287940 
0.290538 
0.291065 
0.284939 
0.277055 
0.273281 
0.283896 
0.273735 
0.272189 
0.284149 
0.279051 
0.276358 
0.286052 
0.287890 
0.287097 
0.309819 
0.310002 
0.322048 
0.333406 
0.307872 
0.304769 
0.306025 
0.301561 
0.300648 
0.296400 
0.276147 
0.252545 
0.241078 
0.231929 
0.205130 
0.170472 
0.134055 
0.096241 
0.070696 
0.052420 
0.040219 
0.032928 
0.027000 
0.020464 
0.020480 
0.016419 
0.014640 
0.013072 
0.011471 
0.008973 
0.007039 
0.006217 
0.005327 
0.004263 
0.004017 
0.004140 
0.003528 
0.003138 
0.002822 
0.002322 
0.001743 
0.001574 
0.001478 
0.001445 
0.001592 
0.001579 
0.001569 
0.001413 
0.001041 
0.000727 
0.000638 
0.000931 
0.000719 
0.000499 
0.000407 
0.000569 
0.000647 
0.000821 
0.000644 
0.000456 
0.000335 
0.000241 
0.000175 
0.000127 
0.000092 
0.000067 
0.000051 
0.000024 
0.000050 
0.000006 
0.000748 
0.003664 
0.005992 
0.012591 
0.090108 
0.164862 
0.163356 
0.142103 
0.149589 
0.139305 
0.192139 
0.143813 
0.105610 
0.076645 
0.057151 
0.053553 
0.057202 
0.062809 
0.059859 
0.052203 
0.056060 
0.051002 
0.057712 
0.076552 
0.070871 
0.069698 
0.056223 
0.043345 
0.035477 
0.026292 
0.020013 
0.016902 
0.014970 
0.010766 
0.007842 
0.005670 
0.004138 
0.002931 
0.002543 
0.004441 
0.005801 
0.005481 
0.004636 
0.004452 
0.004030 
0.003228 
0.002852 
0.002817 
0.003016 
0.003090 
0.002684 
0.002340 
0.002108 
0.001715 
0.001774 
0.001914 
0.001959 
0.002092 
0.002763 
0.003156 
0.003195 
0.003329 
0.003699 
0.004152 
0.004526 
0.004734 
0.004201 
0.003515 
0.003106 
0.002871 
0.002449 
0.002109 
0.001577 
0.001133 
0.000825 
0.000595 
0.000442 
0.000298 
0.000867 
0.001164 
0.000797 
0.000596 
0.000427 
0.000310 
0.000225 
0.000163 
0.000118 
0.000086 
0.000062 
0.000045 
0.000033 
0.000024 
0.000017 
0.000012 
0.000010 
0.000003 
0.000064 
0.000109 
0.000064 
0.000082 
-0.000032 
0.000546 
0.001853 
0.000754 
0.004617 
-0.005007 
0.057678 
0.148065 
0.124519 
0.133472 
0.218904 
0.246709 
0.250662 
0.258710 
0.267250 
0.278050 
0.291420 
0.308266 
0.347613 
0.367457 
0.357622 
0.352073 
0.344665 
0.345369 
0.348144 
0.342161 
0.332287 
0.281866 
0.240321 
0.217052 
0.225404 
0.246188 
0.211479 
0.165815 
0.168600 
0.197906 
0.217959 
0.185514 
0.166647 
0.171853 
0.173235 
0.182377 
0.192732 
0.202256 
0.186416 
0.178638 
0.167541 
0.154994 
0.166829 
0.149167 
0.163390 
0.158274 
0.165601 
0.175121 
0.163359 
0.174733 
0.182719 
0.188799 
0.186087 
0.185519 
0.184436 
0.190711 
0.188900 
0.183808 
0.180634 
0.175911 
0.179928 
0.185792 
0.193401 
0.200820 
0.208489 
0.209957 
0.210005 
0.209843 
0.209186 
0.211390 
0.213993 
0.220784 
0.222745 
0.226268 
0.233932 
0.241156 
0.249310 
0.246990 
0.258562 
0.261637 
0.256970 
0.251572 
0.247716 
0.247200 
0.226623 
0.251936 
0.260302 
0.247067 
0.249131 
0.242945 
0.228672 
0.221598 
0.218260 
0.213123 
0.196854 
0.185253 
0.187745 
0.174104 
0.176837 
0.184162 
0.175089 
0.180437 
0.186780 
0.195443 
0.197851 
0.194381 
0.186028 
0.172302 
0.178125 
0.180044 
0.173820 
0.174916 
0.177970 
0.179931 
0.179868 
0.175078 
0.173262 
0.164873 
0.158906 
0.157094 
0.165761 
0.153091 
0.150781 
0.152743 
0.144588 
0.150560 
0.150180 
0.128031 
0.140081 
0.139864 
0.133008 
0.147256 
0.148558 
0.130340 
0.115949 
0.125613 
0.124489 
0.122528 
0.140911 
0.129917 
0.124415 
0.144434 
0.148189 
0.138920 
0.144103 
0.145989 
0.137763 
0.141907 
0.153692 
0.158648 
0.143125 
0.144423 
0.171893 
0.157355 
0.153154 
0.160133 
0.145435 
0.142448 
0.166682 
0.168144 
0.157023 
0.168080 
0.160764 
0.160389 
0.170254 
0.171191 
0.181466 
0.181078 
0.182621 
0.195973 
0.186378 
0.180862 
0.189357 
0.181557 
0.171755 
0.179613 
0.197438 
0.194326 
0.173679 
0.196153 
0.202432 
0.209309 
0.193179 
0.186198 
0.210575 
0.205836 
0.204072 
0.216762 
0.189918 
0.185268 
0.213125 
0.191469 
0.162424 
0.199226 
0.209481 
0.184682 
0.198712 
0.205484 
0.203716 
0.205003 
0.191596 
0.207726 
0.202598 
0.181084 
0.186198 
0.205594 
0.192744 
0.208384 
0.204443 
0.183736 
0.226535 
0.212838 
0.199576 
0.224051 
0.220605 
0.200161 
0.208359 
0.220171 
0.172352 
0.224387 
0.217685 
0.196569 
0.213140 
0.175683 
0.209598 
0.203127 
0.177228 
0.195014 
0.187602 
0.179338 
0.182336 
0.190205 
0.179391 
0.162869 
0.176924 
0.176736 
0.170450 
0.182650 
0.169039 
0.160443 
0.184055 
0.167897 
0.173090 
0.183121 
0.163789 
0.167469 
0.186244 
0.163072 
0.157676 
0.164664 
0.165550 
0.165288 
0.166063 
0.165555 
0.149134 
0.136304 
0.140758 
0.144094 
0.145264 
0.146818 
0.151098 
0.143017 
0.143821 
0.153197 
0.136925 
0.133031 
0.146272 
0.143282 
0.132555 
0.150300 
0.149561 
0.130174 
0.145047 
0.159771 
0.158410 
0.150692 
0.165086 
0.166871 
0.149415 
0.149476 
0.136985 
0.123631 
0.135924 
0.134952 
0.141810 
0.155429 
0.149135 
0.125364 
0.126213 
0.132288 
0.136734 
0.145296 
0.152105 
0.133291 
0.118274 
0.131273 
0.140884 
0.157008 
0.181371 
0.146198 
0.129932 
0.134973 
0.128480 
0.133820 
0.141527 
0.131075 
0.128111 
0.125296 
0.155318 
0.154518 
0.146541 
0.150761 
0.137980 
0.143246 
0.159442 
0.151723 
0.147660 
0.148634 
0.146504 
0.142572 
0.149082 
0.145523 
0.125991 
0.112268 
0.119411 
0.139407 
0.149835 
0.138589 
0.126596 
0.122612 
0.126938 
0.144368 
0.136487 
0.128496 
0.135622 
0.155129 
0.134855 
0.119910 
0.134451 
0.123744 
0.115795 
0.115999 
0.113421 
0.105709 
0.102030 
0.113291 
0.115325 
0.103049 
0.093677 
0.110602 
0.095723 
0.092949 
0.092488 
0.106204 
0.096903 
0.089245 
0.091186 
0.097687 
0.098308 
0.105695 
0.091525 
0.089720 
0.096271 
0.086144 
0.084194 
0.082673 
0.074715 
0.076005 
0.083341 
0.116265 
0.108178 
0.103484 
0.096280 
0.112950 
0.116374 
0.102122 
0.109302 
0.126774 
0.130237 
0.131419 
0.119302 
0.127665 
0.155129 
0.174436 
0.161188 
0.131582 
0.112511 
0.112291 
0.160525 
0.185118 
0.183146 
0.152449 
0.187091 
0.159569 
0.134998 
0.166325 
0.135173 
0.129746 
0.122020 
0.125016 
0.147853 
0.203028 
0.186469 
0.167641 
0.217281 
0.192957 
0.213071 
0.257057 
0.260515 
0.301247 
0.286720 
0.326883 
0.313274 
0.265941 
0.280388 
0.325701 
0.301920 
0.319816 
0.322037 
0.255399 
0.211020 
0.206141 
0.196410 
0.183874 
0.197846 
0.182793 
0.172057 
0.139636 
0.108614 
0.089031 
0.069525 
0.051844 
0.064776 
0.064730 
0.061256 
0.057802 
0.040642 
0.061148 
0.062697 
0.042729 
0.050962 
0.055608 
0.055004 
0.052049 
0.062783 
0.052727 
0.039210 
0.030301 
0.030088 
0.030050 
0.030338 
0.032064 
0.028363 
0.019765 
0.019002 
0.017198 
0.012217 
0.009069 
0.011007 
0.010698 
0.008009 
0.006240 
0.006032 
0.005874 
0.004788 
0.004136 
0.003718 
0.003275 
0.002246 
0.001874 
0.002075 
0.002652 
0.002613 
0.001827 
0.001362 
0.000916 
0.000862 
0.000146 
0.003102 
0.010741 
0.012657 
0.011630 
0.013776 
0.017743 
0.024642 
0.029190 
0.024213 
0.041782 
0.048377 
0.064982 
0.104748 
0.089766 
0.084569 
0.082106 
0.076164 
0.090981 
0.092512 
0.076622 
0.097040 
0.119872 
0.128457 
0.116522 
0.088258 
0.118996 
0.141592 
0.124764 
0.117981 
0.156905 
0.156913 
0.142723 
0.175130 
0.172162 
0.188112 
0.229671 
0.219417 
0.172228 
0.165219 
0.157785 
0.142942 
0.125018 
0.104277 
0.122689 
0.115894 
0.113761 
0.125111 
0.102985 
0.124261 
0.190674 
0.213167 
0.173706 
0.159289 
0.243898 
0.275493 
0.216520 
0.217514 
0.253045 
0.235440 
0.187180 
0.179624 
0.214074 
0.227708 
0.238124 
0.224820 
0.207146 
0.188761 
0.174398 
0.215163 
0.252989 
0.233559 
0.218072 
0.242744 
0.222281 
0.182035 
0.208286 
0.224013 
0.227231 
0.189911 
0.178650 
0.164493 
0.198304 
0.225100 
0.175042 
0.159595 
0.219248 
0.237977 
0.247611 
0.250609 
0.255922 
0.194116 
0.176587 
0.226792 
0.239780 
0.203764 
0.207545 
0.240969 
0.214440 
0.179116 
0.165910 
0.196144 
0.218117 
0.244308 
0.233146 
0.197499 
0.158473 
0.173801 
0.151237 
0.170329 
0.198541 
0.155118 
0.157676 
0.154853 
0.158796 
0.208455 
0.175557 
0.169609 
0.203260 
0.167651 
0.149696 
0.134601 
0.115577 
0.105975 
0.135824 
0.193346 
0.172724 
0.163309 
0.137729 
0.125975 
0.111272 
0.107912 
0.118885 
0.107555 
0.099252 
0.096286 
0.077568 
0.085594 
0.098350 
0.098261 
0.086743 
0.080636 
0.081843 
0.088334 
0.090400 
0.094516 
0.075162 
0.063864 
0.073323 
0.089873 
0.076642 
0.060590 
0.052558 
0.050438 
0.056299 
0.062088 
0.068122 
0.074199 
0.056481 
0.043625 
0.049029 
0.072549 
0.065794 
0.063810 
0.050733 
0.054534 
0.058626 
0.047782 
0.061881 
0.056286 
0.050228 
0.049911 
0.042105 
0.034221 
0.025619 
0.037259 
0.055141 
0.051168 
0.039934 
0.028294 
0.033027 
0.038917 
0.032488 
0.029448 
0.035624 
0.030830 
0.039692 
0.047358 
0.038135 
0.030705 
0.036955 
0.036491 
0.026309 
0.025212 
0.024826 
0.017800 
0.019392 
0.018343 
0.016163 
0.016619 
0.018772 
0.018577 
0.021160 
0.022510 
0.015646 
0.011910 
0.009517 
0.010129 
0.010972 
0.007919 
0.011104 
0.015816 
0.014273 
0.013568 
0.012587 
0.013384 
0.013142 
0.013598 
0.014848 
0.012452 
0.014213 
0.013161 
0.010885 
0.012720 
0.009682 
0.008672 
0.010516 
0.012614 
0.016523 
0.016177 
0.012256 
0.009722 
0.008655 
0.009531 
0.007834 
0.006772 
0.007875 
0.006418 
0.004627 
0.003515 
0.004109 
0.004015 
0.003520 
0.004207 
0.004022 
0.004773 
0.005321 
0.004762 
0.003519 
0.002565 
0.002335 
0.001769 
0.001259 
0.000923 
0.000666 
0.000483 
0.000350 
0.000254 
0.000184 
0.000134 
0.000097 
0.000070 
0.000051 
0.000037 
0.000027 
0.000019 
0.000014 
0.000010 
0.000007 
0.000005 
0.000004 
0.000003 
0.000002 
0.000001 
0.000001 
0.000001 
0.000001 
0.000000 
0.000000 
0.000000 
0.000000 
0.000000 
0.000000 
0.000000 
0.000000 
0.000000 
0.000000 
0.000000 
0.000000 
0.000000 
0.000000 
0.000000 
0.000000 
0.000000 
0.000000 
0.000000 
0.000000 
0.000000 
0.000000 
0.000000 
0.000000 
0.000000 
0.000000 
0.000000 
0.000000 
0.000000 
0.000000 
0.000000 
0.000000 
0.000000 
0.000000 
0.000000 
0.000000 
0.000000 
0.000000 
0.000000 
0.000000 
0.000000 
0.000000 
0.000000 
0.000000 
0.000000 
0.000000 
0.000000 
0.000000 
0.000000 
0.000000 
0.000000 
0.000000 
0.000000 
0.000000 
0.000000 
0.000000 
0.000000 
0.000000 
0.000000 
0.000000 
0.000000 
0.000000 
0.000000 
0.000000 
0.000000 
0.000000 
0.000000 
0.000000 
0.000000 
0.000000 
0.000000 
0.000000 
0.000000 
0.000000 
0.000000 
0.000000 
0.000000 
0.000000 
0.000000 
0.000000 
0.000000 
0.000000 
0.000000 
0.000000 
0.000000 
0.000000 
0.000000 
0.000000 
0.000000 
0.000000 
0.000000 
0.000000 
0.000000 
0.000000 
0.000000 
0.000000 
0.000000 
0.000000 
0.000000 
0.000000 
0.000000 
0.000000 
0.000000 
0.000000 
0.000000 
0.000000 
0.000000 
