[ASCII 1000Hz, Channels: 1, Samples: 4608, Flags: 0]                          
0.000000 
0.000000 
0.000000 
0.000000 
0.000000 
0.000000 
0.000000 
0.000000 
0.000000 
0.000000 
0.000000 
0.000000 
0.000000 
0.000000 
0.000000 
0.000000 
0.000000 
0.000000 
0.000000 
0.000000 
0.000000 
0.000000 
0.000000 
0.000000 
0.000000 
0.000000 
0.000000 
0.000000 
0.000000 
0.000000 
0.000000 
0.000000 
0.000000 
0.000000 
0.000000 
0.000000 
0.000000 
0.000000 
0.000000 
0.000000 
0.000000 
0.000000 
0.000000 
0.000000 
0.000000 
0.000000 
0.000000 
-0.000000 
0.000000 
-0.000001 
0.000007 
-0.000032 
0.000124 
0.000859 
0.006492 
0.013445 
0.017837 
0.020319 
0.157982 
0.187911 
0.200947 
0.247896 
0.246180 
0.262352 
0.265422 
0.266983 
0.266859 
0.264783 
0.265978 
0.242737 
0.232421 
0.280079 
0.284432 
0.300086 
0.315790 
0.311358 
0.265778 
0.272722 
0.261433 
0.287074 
0.255465 
0.290023 
0.300065 
0.312409 
0.330138 
0.353659 
0.357378 
0.361915 
0.376238 
0.384645 
0.375923 
0.374980 
0.378797 
0.375937 
0.385932 
0.369005 
0.348595 
0.329065 
0.324504 
0.302363 
0.265232 
0.263366 
0.266140 
0.264624 
0.312090 
0.291934 
0.277246 
0.273380 
0.274081 
0.278986 
0.302534 
0.305458 
0.267552 
0.252814 
0.248572 
0.284434 
0.254848 
0.255479 
0.273994 
0.259727 
0.255365 
0.243915 
0.242533 
0.245677 
0.232580 
0.222760 
0.211216 
0.222500 
0.220098 
0.219334 
0.227141 
0.220464 
0.231770 
0.228885 
0.220536 
0.215626 
0.207010 
0.209058 
0.207485 
0.196664 
0.192090 
0.175250 
0.163591 
0.169709 
0.178434 
0.187406 
0.198153 
0.199673 
0.207726 
0.214341 
0.234509 
0.224241 
0.218685 
0.188434 
0.164593 
0.135733 
0.109935 
0.107490 
0.088118 
0.064259 
0.049408 
0.037351 
0.028117 
0.022694 
0.016300 
0.015106 
0.013309 
0.010377 
0.010476 
0.009795 
0.009492 
0.008342 
0.008761 
0.009706 
0.009250 
0.008929 
0.009404 
0.012199 
0.017011 
0.023470 
0.035919 
0.064568 
0.130472 
0.192739 
0.211288 
0.217180 
0.211819 
0.214541 
0.221804 
0.230147 
0.234031 
0.236711 
0.253889 
0.246711 
0.232549 
0.228285 
0.223481 
0.217156 
0.216330 
0.210121 
0.207610 
0.206546 
0.205036 
0.203645 
0.200039 
0.197817 
0.185371 
0.194862 
0.192189 
0.181658 
0.167368 
0.152055 
0.141932 
0.157275 
0.164222 
0.152081 
0.155629 
0.141395 
0.129070 
0.124125 
0.114882 
0.117409 
0.114199 
0.105267 
0.099045 
0.095903 
0.098707 
0.095337 
0.087157 
0.080875 
0.080649 
0.078512 
0.072478 
0.069618 
0.064445 
0.062435 
0.056198 
0.053083 
0.047582 
0.040907 
0.038563 
0.034575 
0.030523 
0.023058 
0.026855 
0.027821 
0.027172 
0.025378 
0.021824 
0.027493 
0.031763 
0.027100 
0.022699 
0.017394 
0.026261 
0.034782 
0.028458 
0.024565 
0.023511 
0.028696 
0.027675 
0.022580 
0.019598 
0.018719 
0.020309 
0.019631 
0.018375 
0.029585 
0.033225 
0.030041 
0.025746 
0.021364 
0.020713 
0.020873 
0.019855 
0.019822 
0.027537 
0.035034 
0.031842 
0.034454 
0.039103 
0.031354 
0.034534 
0.038856 
0.039962 
0.040778 
0.040733 
0.038165 
0.033884 
0.046763 
0.051890 
0.041461 
0.035029 
0.038373 
0.038596 
0.050218 
0.056006 
0.052508 
0.042487 
0.048623 
0.056846 
0.076018 
0.077380 
0.060780 
0.069800 
0.140310 
0.289947 
0.305995 
0.308881 
0.315501 
0.311772 
0.307186 
0.328561 
0.316929 
0.287269 
0.275593 
0.262596 
0.253679 
0.237706 
0.216673 
0.229894 
0.225270 
0.208262 
0.207904 
0.199251 
0.199096 
0.200573 
0.213774 
0.203894 
0.225571 
0.234172 
0.238761 
0.303087 
0.295171 
0.329343 
0.349124 
0.363066 
0.351591 
0.345777 
0.326450 
0.317264 
0.299908 
0.311011 
0.306118 
0.328409 
0.320057 
0.313083 
0.289323 
0.321154 
0.302384 
0.321954 
0.324195 
0.328205 
0.308801 
0.328732 
0.297084 
0.322850 
0.306805 
0.312552 
0.305651 
0.317178 
0.280479 
0.295288 
0.267393 
0.298146 
0.285574 
0.322457 
0.290911 
0.312798 
0.300151 
0.312644 
0.298892 
0.313837 
0.298512 
0.331583 
0.308404 
0.337081 
0.314639 
0.323897 
0.311024 
0.339803 
0.323384 
0.326692 
0.280912 
0.293626 
0.300782 
0.337216 
0.323245 
0.324610 
0.316267 
0.342893 
0.342058 
0.342434 
0.340306 
0.327808 
0.342208 
0.312569 
0.329637 
0.330142 
0.352590 
0.365057 
0.336437 
0.335284 
0.327301 
0.327483 
0.317505 
0.335473 
0.320297 
0.317929 
0.329196 
0.302885 
0.302950 
0.303568 
0.305697 
0.303685 
0.303259 
0.308764 
0.294082 
0.290542 
0.298192 
0.299498 
0.304529 
0.298806 
0.300051 
0.294741 
0.282905 
0.267570 
0.255994 
0.248377 
0.235386 
0.232141 
0.236262 
0.244218 
0.250067 
0.258466 
0.276090 
0.284999 
0.296890 
0.272018 
0.248283 
0.215833 
0.216059 
0.224393 
0.242597 
0.247144 
0.255054 
0.244498 
0.242146 
0.247383 
0.284463 
0.273203 
0.257865 
0.232195 
0.244688 
0.253791 
0.255614 
0.238537 
0.231005 
0.235331 
0.234152 
0.230198 
0.182937 
0.236365 
0.250923 
0.229082 
0.227628 
0.228127 
0.252822 
0.193229 
0.225084 
0.273254 
0.247360 
0.252737 
0.250422 
0.230065 
0.231214 
0.231287 
0.221205 
0.220934 
0.217635 
0.208583 
0.232732 
0.242920 
0.251369 
0.228040 
0.228627 
0.237072 
0.247044 
0.233725 
0.226034 
0.233644 
0.232102 
0.232575 
0.247957 
0.237429 
0.226431 
0.230737 
0.215311 
0.205294 
0.223419 
0.225208 
0.221747 
0.202859 
0.196808 
0.190734 
0.180456 
0.168401 
0.150670 
0.152083 
0.164918 
0.188742 
0.210631 
0.223279 
0.223733 
0.217284 
0.207161 
0.205069 
0.194840 
0.177095 
0.148147 
0.176781 
0.191277 
0.279875 
0.290356 
0.314162 
0.289759 
0.273959 
0.308371 
0.305832 
0.303962 
0.257461 
0.245093 
0.203116 
0.225836 
0.194751 
0.185468 
0.143055 
0.144110 
0.115094 
0.154569 
0.124729 
0.123491 
0.101240 
0.101620 
0.106254 
0.099545 
0.104645 
0.091405 
0.102994 
0.071899 
0.079277 
0.093530 
0.078180 
0.083037 
0.073270 
0.056054 
0.051669 
0.039943 
0.032035 
0.050419 
0.037657 
0.036251 
0.055407 
0.038891 
0.033805 
0.050478 
0.041732 
0.029953 
0.044048 
0.038859 
0.025695 
0.030020 
0.031450 
0.021585 
0.016684 
0.016600 
0.012395 
0.010705 
0.013252 
0.012649 
0.008826 
0.006665 
0.004713 
0.003578 
0.004810 
0.005207 
0.005605 
0.004142 
0.002956 
0.002293 
0.001782 
0.001269 
0.001063 
0.000887 
0.000661 
0.000475 
0.000373 
0.000564 
0.002383 
0.005058 
0.004986 
0.005136 
0.007260 
0.008897 
0.009406 
0.006864 
0.005488 
0.005397 
0.005215 
0.003967 
0.005721 
0.007145 
0.009799 
0.011594 
0.013693 
0.017762 
0.023945 
0.026496 
0.027612 
0.021814 
0.039514 
0.037835 
0.025887 
0.031350 
0.036333 
0.041339 
0.043788 
0.042311 
0.066837 
0.047650 
0.056389 
0.051902 
0.052211 
0.069736 
0.048155 
0.062833 
0.050133 
0.058239 
0.059983 
0.067497 
0.063016 
0.063477 
0.076877 
0.062494 
0.079968 
0.063582 
0.072768 
0.059071 
0.055213 
0.049186 
0.091377 
0.098163 
0.106295 
0.091849 
0.090754 
0.083919 
0.072008 
0.066160 
0.073154 
0.065047 
0.060624 
0.079432 
0.093998 
0.078478 
0.075261 
0.085176 
0.077842 
0.064056 
0.079842 
0.102576 
0.098705 
0.114635 
0.119838 
0.119307 
0.104480 
0.103222 
0.092263 
0.090921 
0.085013 
0.069294 
0.071302 
0.071865 
0.078066 
0.078423 
0.084093 
0.090220 
0.095235 
0.078336 
0.073133 
0.075104 
0.069358 
0.063816 
0.079793 
0.097412 
0.094463 
0.107490 
0.119261 
0.106124 
0.077068 
0.064104 
0.063028 
0.064552 
0.076305 
0.070805 
0.072256 
0.085258 
0.089057 
0.089364 
0.084026 
0.091461 
0.070940 
0.065818 
0.063874 
0.091660 
0.098180 
0.095489 
0.091389 
0.092360 
0.093967 
0.088579 
0.081265 
0.074364 
0.096374 
0.073776 
0.063220 
0.065443 
0.077729 
0.082146 
0.061825 
0.062480 
0.046280 
0.069143 
0.065637 
0.063451 
0.071159 
0.052943 
0.071442 
0.059657 
0.066286 
0.072948 
0.046445 
0.059474 
0.054962 
0.039531 
0.058446 
0.053370 
0.037332 
0.058070 
0.056072 
0.057748 
0.074205 
0.060949 
0.050998 
0.055913 
0.042557 
0.039440 
0.052218 
0.040944 
0.028663 
0.035142 
0.030975 
0.019373 
0.039563 
0.041335 
0.028637 
0.025028 
0.034591 
0.041690 
0.037075 
0.042038 
0.040536 
0.027149 
0.020457 
0.016007 
0.012907 
0.012341 
0.011658 
0.012338 
0.014213 
0.011690 
0.008300 
0.007589 
0.011939 
0.014261 
0.012595 
0.009057 
0.006934 
0.005771 
0.004935 
0.004278 
0.004333 
0.006427 
0.008564 
0.008792 
0.007927 
0.005467 
0.004446 
0.004959 
0.003958 
0.004776 
0.004421 
0.003901 
0.004078 
0.003999 
0.004652 
0.004001 
0.004474 
0.004190 
0.003709 
0.003315 
0.003077 
0.002241 
0.001775 
0.001811 
0.001731 
0.001441 
0.001521 
0.001393 
0.001116 
0.000797 
0.000582 
0.000421 
0.000305 
0.000221 
0.000160 
0.000116 
0.000084 
0.000061 
0.000044 
0.000032 
0.000023 
0.000017 
0.000012 
0.000009 
0.000006 
0.000005 
0.000003 
0.000002 
0.000002 
0.000001 
0.000001 
0.000001 
0.000000 
0.000000 
0.000000 
0.000000 
0.000000 
0.000000 
0.000000 
0.000000 
0.000000 
0.000000 
0.000000 
0.000000 
0.000000 
0.000000 
0.000000 
0.000000 
0.000000 
0.000000 
0.000000 
0.000000 
0.000000 
0.000000 
0.000000 
0.000000 
0.000000 
0.000000 
0.000000 
0.000000 
0.000000 
0.000000 
0.000000 
0.000000 
0.000000 
0.000000 
0.000000 
0.000000 
0.000000 
0.000000 
0.000000 
0.000000 
0.000000 
0.000000 
0.000000 
0.000000 
0.000000 
0.000000 
0.000000 
0.000000 
0.000000 
0.000000 
0.000000 
0.000000 
0.000000 
0.000000 
0.000000 
0.000000 
0.000000 
0.000000 
0.000000 
0.000000 
0.000000 
0.000000 
0.000000 
0.000000 
0.000000 
0.000000 
0.000000 
0.000000 
0.000000 
0.000000 
0.000000 
0.000000 
0.000000 
0.000000 
0.000000 
0.000000 
0.000000 
0.000000 
0.000000 
0.000000 
0.000000 
0.000000 
0.000000 
0.000000 
0.000000 
0.000000 
0.000000 
0.000000 
0.000000 
0.000000 
0.000000 
0.000000 
0.000000 
0.000000 
0.000000 
0.000000 
0.000000 
0.000000 
0.000000 
0.000000 
0.000000 
0.000000 
0.000000 
0.000000 
0.000000 
0.000000 
0.000000 
0.000000 
-0.000000 
-0.000000 
0.000000 
-0.000000 
0.000000 
-0.000000 
0.000012 
0.000169 
0.000470 
0.000676 
0.000758 
0.001002 
0.000940 
0.000655 
0.000485 
0.000349 
0.000253 
0.000184 
0.000133 
0.000096 
0.000072 
0.000047 
0.000039 
0.000031 
0.000086 
0.002839 
0.005747 
0.009040 
0.007028 
0.038575 
0.149990 
0.234888 
0.292228 
0.325043 
0.313284 
0.254370 
0.181962 
0.197880 
0.231876 
0.183879 
0.171054 
0.145466 
0.113460 
0.178367 
0.156442 
0.105185 
0.091538 
0.137713 
0.238879 
0.245888 
0.203155 
0.318077 
0.247878 
0.304413 
0.312514 
0.279445 
0.301116 
0.243012 
0.289328 
0.264843 
0.317303 
0.239649 
0.336481 
0.257806 
0.288770 
0.319394 
0.314743 
0.315337 
0.331939 
0.310294 
0.320570 
0.314357 
0.287526 
0.324822 
0.291047 
0.271510 
0.300251 
0.306525 
0.295158 
0.311348 
0.346665 
0.325383 
0.318107 
0.348363 
0.286130 
0.267566 
0.252847 
0.246179 
0.316469 
0.295750 
0.306237 
0.297672 
0.326382 
0.358951 
0.305390 
0.337317 
0.277002 
0.306538 
0.282698 
0.321931 
0.286833 
0.321631 
0.300260 
0.340175 
0.274744 
0.353996 
0.315260 
0.327095 
0.275884 
0.318754 
0.324704 
0.296057 
0.295296 
0.318961 
0.279182 
0.252861 
0.214759 
0.181522 
0.252235 
0.200046 
0.259835 
0.270794 
0.223266 
0.281775 
0.201897 
0.242411 
0.237946 
0.200798 
0.220926 
0.159761 
0.163697 
0.216768 
0.191854 
0.149703 
0.194876 
0.134348 
0.152291 
0.188749 
0.123139 
0.162840 
0.143671 
0.113580 
0.160871 
0.119671 
0.149542 
0.171040 
0.154341 
0.233728 
0.173393 
0.202899 
0.215832 
0.185411 
0.235712 
0.176354 
0.210169 
0.232395 
0.186797 
0.246645 
0.187095 
0.210871 
0.250410 
0.184182 
0.222005 
0.175064 
0.203355 
0.235022 
0.161975 
0.245473 
0.191474 
0.199955 
0.232686 
0.158572 
0.235398 
0.184285 
0.197231 
0.229739 
0.159926 
0.240511 
0.184122 
0.207094 
0.238306 
0.172690 
0.252304 
0.186853 
0.217252 
0.223942 
0.173976 
0.253138 
0.181077 
0.218813 
0.213018 
0.168655 
0.233668 
0.167399 
0.189999 
0.190720 
0.133171 
0.114927 
0.084339 
0.055356 
0.068257 
0.096475 
0.065932 
0.049418 
0.041880 
0.031587 
0.022547 
0.024726 
0.018557 
0.021018 
0.025305 
0.017861 
0.021119 
0.016397 
0.011782 
0.008641 
0.007389 
0.006116 
0.004906 
0.004736 
0.003433 
0.004538 
0.003586 
0.002908 
0.002350 
0.002400 
0.003192 
0.002308 
0.003383 
0.002909 
0.002087 
0.001880 
0.002096 
0.001648 
0.001542 
0.001162 
0.004297 
0.010872 
0.014253 
0.011469 
0.041019 
0.064367 
0.052615 
0.038803 
0.028482 
0.030113 
0.053207 
0.057258 
0.074298 
0.083194 
0.088813 
0.062185 
0.050857 
0.038346 
0.034800 
0.072424 
0.052398 
0.152573 
0.159372 
0.223877 
0.289009 
0.269172 
0.313501 
0.281358 
0.333724 
0.281948 
0.306430 
0.252757 
0.283872 
0.238925 
0.285861 
0.231858 
0.263121 
0.215232 
0.253216 
0.213014 
0.252999 
0.210051 
0.245898 
0.224412 
0.243189 
0.220102 
0.248420 
0.232933 
0.276009 
0.245205 
0.286955 
0.248055 
0.290765 
0.264467 
0.319202 
0.297697 
0.332853 
0.316950 
0.336929 
0.310884 
0.318821 
0.307956 
0.301021 
0.297270 
0.277550 
0.277742 
0.265759 
0.270440 
0.248028 
0.279156 
0.245295 
0.276833 
0.232426 
0.276274 
0.250115 
0.263317 
0.245888 
0.226055 
0.258608 
0.192844 
0.219719 
0.162647 
0.196330 
0.174800 
0.159924 
0.160627 
0.130015 
0.174687 
0.129913 
0.176773 
0.147291 
0.169167 
0.189946 
0.164630 
0.239767 
0.173600 
0.240492 
0.191533 
0.217279 
0.245959 
0.201183 
0.261601 
0.196272 
0.245408 
0.247184 
0.240377 
0.280080 
0.252434 
0.261291 
0.270990 
0.224880 
0.249026 
0.244548 
0.211601 
0.242096 
0.212239 
0.231084 
0.248357 
0.217042 
0.247229 
0.226007 
0.235769 
0.253128 
0.224559 
0.252588 
0.238634 
0.236499 
0.258129 
0.230321 
0.250687 
0.236638 
0.230014 
0.230235 
0.198914 
0.158228 
0.167917 
0.198213 
0.171526 
0.141593 
0.142257 
0.158778 
0.146171 
0.143359 
0.118443 
0.127462 
0.118807 
0.130029 
0.112370 
0.101003 
0.093285 
0.078795 
0.065635 
0.046742 
0.034991 
0.026171 
0.037822 
0.030533 
0.025247 
0.022893 
0.019258 
0.015335 
0.011854 
0.009759 
0.006996 
0.007311 
0.005835 
0.006014 
0.004773 
0.004333 
0.003621 
0.002934 
0.002314 
0.001626 
0.001196 
0.000862 
0.000626 
0.000454 
0.000329 
0.000239 
0.000173 
0.000125 
0.000091 
0.000066 
0.000048 
0.000035 
0.000025 
0.000018 
0.000013 
0.000010 
0.000007 
0.000005 
0.000004 
0.000003 
0.000002 
0.000001 
0.000001 
0.000001 
0.000001 
0.000000 
0.000000 
-0.000000 
0.000002 
-0.000003 
0.000207 
0.000297 
0.000198 
0.000141 
0.000126 
0.000077 
0.000396 
0.002602 
0.004309 
0.012266 
0.061201 
0.083160 
0.076676 
0.066432 
0.084546 
0.072097 
0.051408 
0.044586 
0.068916 
0.077436 
0.064354 
0.092384 
0.077605 
0.058159 
0.066264 
0.053846 
0.060784 
0.058875 
0.056377 
0.038219 
0.106695 
0.115744 
0.221709 
0.246094 
0.311251 
0.305281 
0.345581 
0.324800 
0.343906 
0.311694 
0.337308 
0.296314 
0.317723 
0.294957 
0.299629 
0.278998 
0.280766 
0.280176 
0.279186 
0.282427 
0.263298 
0.267282 
0.238039 
0.244541 
0.230693 
0.249723 
0.232032 
0.233262 
0.217853 
0.204097 
0.211557 
0.198548 
0.203131 
0.185936 
0.184591 
0.175309 
0.178662 
0.191762 
0.186162 
0.189731 
0.175901 
0.186380 
0.178089 
0.204888 
0.187888 
0.203001 
0.182947 
0.200819 
0.180357 
0.206588 
0.179897 
0.192904 
0.156327 
0.175337 
0.156726 
0.121861 
0.122949 
0.102662 
0.081303 
0.067580 
0.046164 
0.047502 
0.039811 
0.048438 
0.055188 
0.046094 
0.071290 
0.053350 
0.112287 
0.115887 
0.172653 
0.182620 
0.161508 
0.167152 
0.175013 
0.171246 
0.197413 
0.188134 
0.216519 
0.209188 
0.211330 
0.208400 
0.211970 
0.229907 
0.221361 
0.231539 
0.214060 
0.229938 
0.226282 
0.220741 
0.249766 
0.245563 
0.281183 
0.301077 
0.326209 
0.355958 
0.351207 
0.376305 
0.361944 
0.352268 
0.359736 
0.345606 
0.337824 
0.335053 
0.342129 
0.347941 
0.359544 
0.368601 
0.374975 
0.365550 
0.375325 
0.375280 
0.384285 
0.370792 
0.369288 
0.364502 
0.355192 
0.337606 
0.333224 
0.310450 
0.266867 
0.222957 
0.186525 
0.160381 
0.185917 
0.226643 
0.228498 
0.204657 
0.175019 
0.154596 
0.154614 
0.170886 
0.159126 
0.130868 
0.145283 
0.171540 
0.153109 
0.143632 
0.161870 
0.158688 
0.138345 
0.145938 
0.151235 
0.140455 
0.139646 
0.136245 
0.136614 
0.153860 
0.133094 
0.135664 
0.143293 
0.155365 
0.153449 
0.144923 
0.159527 
0.160201 
0.163847 
0.175857 
0.165633 
0.171848 
0.170986 
0.160051 
0.162332 
0.171100 
0.166706 
0.162312 
0.157463 
0.134717 
0.125119 
0.115636 
0.113324 
0.093942 
0.082702 
0.075014 
0.065165 
0.061969 
0.052221 
0.043824 
0.036529 
0.037297 
0.044398 
0.046335 
0.047505 
0.048440 
0.048082 
0.049799 
0.053188 
0.057030 
0.061715 
0.062734 
0.064860 
0.068564 
0.071802 
0.074576 
0.080719 
0.079806 
0.084422 
0.087079 
0.087965 
0.082926 
0.084557 
0.099533 
0.099270 
0.099514 
0.111968 
0.118988 
0.117138 
0.132201 
0.134203 
0.147100 
0.159138 
0.146991 
0.163176 
0.179086 
0.195062 
0.212650 
0.212262 
0.219259 
0.239019 
0.256765 
0.245233 
0.249800 
0.241085 
0.239438 
0.228434 
0.206676 
0.228734 
0.228164 
0.241973 
0.247169 
0.266712 
0.239535 
0.244330 
0.223430 
0.230787 
0.231152 
0.233939 
0.255469 
0.259563 
0.264997 
0.250259 
0.269281 
0.245068 
0.259266 
0.239527 
0.270087 
0.244890 
0.267257 
0.248231 
0.263854 
0.242072 
0.242481 
0.231046 
0.225271 
0.231408 
0.260980 
0.245864 
0.261458 
0.233324 
0.256999 
0.235533 
0.272065 
0.242038 
0.260254 
0.237218 
0.281644 
0.250104 
0.306399 
0.256089 
0.322324 
0.276401 
0.301437 
0.264717 
0.272594 
0.287733 
0.253965 
0.300551 
0.246853 
0.311432 
0.237371 
0.295327 
0.248489 
0.262943 
0.279012 
0.236316 
0.285498 
0.213282 
0.287589 
0.231397 
0.253679 
0.257258 
0.206555 
0.257762 
0.179992 
0.245929 
0.215375 
0.193440 
0.231066 
0.167226 
0.231905 
0.181046 
0.198166 
0.214059 
0.166424 
0.220592 
0.154930 
0.192650 
0.184106 
0.148395 
0.195063 
0.135902 
0.159138 
0.137678 
0.113075 
0.138742 
0.095865 
0.091470 
0.085613 
0.058030 
0.067297 
0.062841 
0.044047 
0.061895 
0.050737 
0.040327 
0.045846 
0.032115 
0.030277 
0.025643 
0.017777 
0.013000 
0.010725 
0.008772 
0.006959 
0.005612 
0.003937 
0.002898 
0.002089 
0.001517 
0.001099 
0.000797 
0.000578 
0.000419 
0.000304 
0.000220 
0.000160 
0.000116 
0.000084 
0.000061 
0.000044 
0.000032 
0.000023 
0.000017 
0.000012 
0.000009 
0.000006 
0.000005 
0.000003 
0.000002 
0.000002 
0.000001 
0.000001 
0.000001 
0.000000 
0.000000 
0.000000 
0.000000 
0.000000 
0.000000 
0.000000 
0.000000 
0.000000 
0.000000 
0.000000 
0.000000 
0.000000 
0.000000 
0.000000 
0.000000 
0.000000 
0.000000 
0.000000 
0.000000 
0.000000 
0.000000 
0.000000 
0.000000 
0.000000 
0.000000 
0.000000 
0.000000 
0.000000 
0.000000 
0.000000 
0.000000 
0.000000 
0.000000 
0.000000 
0.000000 
0.000000 
0.000000 
0.000000 
0.000000 
0.000000 
0.000000 
0.000000 
0.000000 
0.000000 
0.000000 
0.000000 
0.000000 
0.000000 
0.000000 
0.000000 
0.000000 
0.000000 
0.000000 
0.000000 
0.000000 
0.000000 
0.000000 
0.000000 
0.000000 
0.000000 
-0.000000 
-0.000000 
0.000001 
-0.000006 
0.000020 
-0.000049 
0.000415 
0.001169 
0.000960 
0.001156 
0.003844 
0.001360 
0.013780 
0.057171 
0.066540 
0.112181 
0.195560 
0.223406 
0.252879 
0.271419 
0.281685 
0.319618 
0.310671 
0.308057 
0.293376 
0.275614 
0.278194 
0.280854 
0.275202 
0.256895 
0.249641 
0.246152 
0.240712 
0.231890 
0.235197 
0.254077 
0.248107 
0.254584 
0.248198 
0.233039 
0.203621 
0.187526 
0.204046 
0.201377 
0.191873 
0.204557 
0.198233 
0.195745 
0.194976 
0.196004 
0.192329 
0.190539 
0.209235 
0.201650 
0.206784 
0.198115 
0.194103 
0.184878 
0.198479 
0.213309 
0.221011 
0.227161 
0.227824 
0.226825 
0.223913 
0.233903 
0.238238 
0.236452 
0.230027 
0.239962 
0.241341 
0.248933 
0.244183 
0.260226 
0.260112 
0.269462 
0.250754 
0.248508 
0.241498 
0.255499 
0.266947 
0.259261 
0.233158 
0.211579 
0.172154 
0.143967 
0.107767 
0.095322 
0.079197 
0.074680 
0.079313 
0.094572 
0.099785 
0.101827 
0.134778 
0.138706 
0.164016 
0.169889 
0.203865 
0.213465 
0.244375 
0.252869 
0.276600 
0.297466 
0.304314 
0.317710 
0.313307 
0.317206 
0.302666 
0.294707 
0.272808 
0.268947 
0.254355 
0.256462 
0.251572 
0.257197 
0.256521 
0.281088 
0.276556 
0.302381 
0.294395 
0.320374 
0.289160 
0.309600 
0.277752 
0.334164 
0.296915 
0.321523 
0.287334 
0.303422 
0.279213 
0.287455 
0.272809 
0.275996 
0.283566 
0.293985 
0.308407 
0.307048 
0.323488 
0.324679 
0.347751 
0.353293 
0.372490 
0.361278 
0.361832 
0.331554 
0.304012 
0.242875 
0.174311 
0.116737 
0.152553 
0.189605 
0.180463 
0.174606 
0.139624 
0.165944 
0.155188 
0.180810 
0.136222 
0.184616 
0.150149 
0.169230 
0.170113 
0.155896 
0.180404 
0.162366 
0.227493 
0.180107 
0.272166 
0.221360 
0.267881 
0.273462 
0.227260 
0.251074 
0.173377 
0.203253 
0.155630 
0.158104 
0.155438 
0.117518 
0.173634 
0.119983 
0.161402 
0.169528 
0.134349 
0.194262 
0.133795 
0.152433 
0.145876 
0.115775 
0.178562 
0.122308 
0.157456 
0.169335 
0.121984 
0.185035 
0.132174 
0.160518 
0.180371 
0.126648 
0.175775 
0.128429 
0.133616 
0.160920 
0.111032 
0.174311 
0.139559 
0.148350 
0.193764 
0.129668 
0.196349 
0.172918 
0.171153 
0.264708 
0.190310 
0.242445 
0.223476 
0.221220 
0.287228 
0.213400 
0.300365 
0.258002 
0.242383 
0.281728 
0.210588 
0.313415 
0.250946 
0.265903 
0.286801 
0.224953 
0.292134 
0.219494 
0.269211 
0.242344 
0.225149 
0.269765 
0.207804 
0.280109 
0.217944 
0.258401 
0.241573 
0.236358 
0.257607 
0.227334 
0.263490 
0.222881 
0.253993 
0.210478 
0.246648 
0.191974 
0.221753 
0.199544 
0.228213 
0.236552 
0.254327 
0.239401 
0.243076 
0.208999 
0.196143 
0.191346 
0.178099 
0.200202 
0.203239 
0.217576 
0.224905 
0.224770 
0.222325 
0.225804 
0.229448 
0.231536 
0.245471 
0.235431 
0.242411 
0.254107 
0.250153 
0.250861 
0.256458 
0.251889 
0.249643 
0.246759 
0.249544 
0.249114 
0.250173 
0.238976 
0.220725 
0.217463 
0.203836 
0.209839 
0.218491 
0.222996 
0.223417 
0.218317 
0.229416 
0.225306 
0.215984 
0.209889 
0.207842 
0.232006 
0.247103 
0.239200 
0.251357 
0.251042 
0.241843 
0.240945 
0.240125 
0.242635 
0.238408 
0.234637 
0.229669 
0.230282 
0.232329 
0.223332 
0.230520 
0.236090 
0.241298 
0.239687 
0.238304 
0.240314 
0.246762 
0.242908 
0.232930 
0.233372 
0.234997 
0.243139 
0.245585 
0.247805 
0.242757 
0.234285 
0.235478 
0.242416 
0.243948 
0.250671 
0.247344 
0.245124 
0.256917 
0.263720 
0.269222 
0.261149 
0.270994 
0.285038 
0.283515 
0.271985 
0.264279 
0.272392 
0.266451 
0.260445 
0.267591 
0.258852 
0.253377 
0.270609 
0.275720 
0.271095 
0.268878 
0.257606 
0.250156 
0.251728 
0.259046 
0.259377 
0.259175 
0.251442 
0.243947 
0.244268 
0.237474 
0.231477 
0.233581 
0.235958 
0.236808 
0.234714 
0.241505 
0.237284 
0.249800 
0.246819 
0.225371 
0.234307 
0.234780 
0.234541 
0.239698 
0.244713 
0.250142 
0.258524 
0.264836 
0.251867 
0.249437 
0.240982 
0.241292 
0.251327 
0.242635 
0.232519 
0.233835 
0.220431 
0.212945 
0.211163 
0.203907 
0.213254 
0.214804 
0.216813 
0.218588 
0.225314 
0.218215 
0.200385 
0.202819 
0.191624 
0.206984 
0.209974 
0.216444 
0.208315 
0.221989 
0.210763 
0.216371 
0.229134 
0.229506 
0.243151 
0.224826 
0.229432 
0.224589 
0.229450 
0.207882 
0.227971 
0.200630 
0.203758 
0.192454 
0.217649 
0.215391 
0.245876 
0.214038 
0.230198 
0.219799 
0.237771 
0.209166 
0.237096 
0.205696 
0.231055 
0.206399 
0.236214 
0.211657 
0.234471 
0.203262 
0.228140 
0.208508 
0.245216 
0.207507 
0.260207 
0.223419 
0.242879 
0.217634 
0.250266 
0.223254 
0.239430 
0.217851 
0.240854 
0.214677 
0.225734 
0.210847 
0.220127 
0.214911 
0.222273 
0.213068 
0.224291 
0.227730 
0.232566 
0.231828 
0.225634 
0.212102 
0.219008 
0.222111 
0.216455 
0.206668 
0.224913 
0.224815 
0.221052 
0.204359 
0.222339 
0.215163 
0.230096 
0.225031 
0.233853 
0.216867 
0.244705 
0.237375 
0.272907 
0.254468 
0.307486 
0.288768 
0.291694 
0.293961 
0.299318 
0.296268 
0.286774 
0.278849 
0.248212 
0.259786 
0.267988 
0.290457 
0.253060 
0.251019 
0.270140 
0.264455 
0.270643 
0.280837 
0.286751 
0.276058 
0.271979 
0.293496 
0.285085 
0.289831 
0.283140 
0.274157 
0.285099 
0.283082 
0.291318 
0.285744 
0.290103 
0.293977 
0.279213 
0.272496 
0.292223 
0.282738 
0.301291 
0.303968 
0.300624 
0.299751 
0.289885 
0.278134 
0.284173 
0.262187 
0.260597 
0.253957 
0.250087 
0.258922 
0.270812 
0.250242 
0.248057 
0.245995 
0.266272 
0.281204 
0.279010 
0.289605 
0.283753 
0.266067 
0.261765 
0.254554 
0.242721 
0.242085 
0.234466 
0.224734 
0.216767 
0.210377 
0.200277 
0.186515 
0.189246 
0.199953 
0.214050 
0.222339 
0.234219 
0.239567 
0.249517 
0.251015 
0.244947 
0.232492 
0.197804 
0.164212 
0.147371 
0.135504 
0.143388 
0.165034 
0.180090 
0.181554 
0.176350 
0.193624 
0.205121 
0.203835 
0.200389 
0.190268 
0.173278 
0.161585 
0.145424 
0.135898 
0.134939 
0.125424 
0.129771 
0.140200 
0.138879 
0.130849 
0.135181 
0.136613 
0.137560 
0.135245 
0.131185 
0.132798 
0.128644 
0.117677 
0.105066 
0.098587 
0.099571 
0.085045 
0.081979 
0.079630 
0.067258 
0.060140 
0.049361 
0.037143 
0.031085 
0.028459 
0.029377 
0.029928 
0.029539 
0.031252 
0.026326 
0.022829 
0.023511 
0.026482 
0.024944 
0.017642 
0.019975 
0.022001 
0.021355 
0.023193 
0.020596 
0.017449 
0.016291 
0.017257 
0.015827 
0.013867 
0.012891 
0.012670 
0.014600 
0.016136 
0.012368 
0.009975 
0.010756 
0.009680 
0.009417 
0.009378 
0.010059 
0.009295 
0.008833 
0.007741 
0.005868 
0.006296 
0.006562 
0.005891 
0.004676 
0.004065 
0.003534 
0.003124 
0.004129 
0.003846 
0.003042 
0.003435 
0.003249 
0.002931 
0.002255 
0.001765 
0.001867 
0.001297 
0.001149 
0.001627 
0.001440 
0.001232 
0.000889 
0.000646 
0.000466 
0.000342 
0.000239 
0.000218 
0.000703 
0.001525 
0.001504 
0.001040 
0.000777 
0.000556 
0.000405 
0.000293 
0.000213 
0.000154 
0.000112 
0.000081 
0.000059 
0.000043 
0.000031 
0.000022 
0.000016 
0.000012 
0.000009 
0.000006 
0.000004 
0.000003 
0.000002 
0.000002 
0.000001 
0.000001 
0.000001 
0.000000 
0.000000 
0.000000 
0.000000 
0.000000 
0.000000 
0.000000 
0.000000 
0.000000 
0.000000 
0.000000 
0.000000 
0.000000 
0.000000 
0.000000 
0.000000 
0.000000 
0.000000 
0.000000 
0.000000 
0.000000 
0.000000 
0.000000 
0.000000 
0.000000 
0.000000 
0.000000 
0.000000 
0.000000 
0.000000 
0.000000 
0.000000 
0.000000 
0.000000 
0.000000 
0.000000 
0.000000 
0.000000 
0.000000 
0.000000 
0.000000 
0.000000 
0.000000 
0.000000 
0.000000 
0.000000 
0.000000 
0.000000 
0.000000 
0.000000 
0.000000 
0.000000 
0.000000 
0.000000 
0.000000 
0.000000 
0.000000 
0.000000 
0.000000 
0.000000 
0.000000 
0.000000 
0.000000 
0.000000 
0.000000 
0.000000 
0.000000 
0.000000 
0.000000 
0.000000 
0.000000 
0.000000 
0.000000 
0.000000 
0.000000 
0.000000 
0.000000 
0.000000 
0.000000 
0.000000 
0.000000 
0.000000 
0.000000 
0.000000 
0.000000 
0.000000 
0.000000 
0.000000 
0.000000 
0.000000 
0.000000 
0.000000 
0.000000 
0.000000 
0.000000 
0.000000 
0.000000 
0.000000 
0.000000 
0.000000 
0.000000 
0.000000 
0.000000 
0.000000 
0.000000 
0.000000 
0.000000 
0.000000 
0.000000 
0.000000 
0.000000 
0.000000 
0.000000 
0.000000 
0.000000 
0.000000 
0.000000 
0.000000 
0.000000 
0.000000 
0.000000 
0.000000 
0.000000 
0.000000 
0.000000 
0.000000 
0.000000 
0.000000 
0.000000 
0.000000 
0.000000 
0.000000 
0.000000 
0.000000 
0.000000 
0.000000 
0.000000 
0.000000 
0.000000 
0.000000 
0.000000 
0.000000 
0.000000 
0.000000 
0.000000 
0.000000 
0.000000 
0.000000 
0.000000 
0.000000 
0.000000 
0.000000 
0.000000 
0.000000 
0.000000 
0.000000 
0.000000 
0.000000 
0.000000 
0.000000 
0.000000 
0.000000 
0.000000 
0.000000 
0.000000 
0.000000 
0.000000 
0.000000 
0.000000 
0.000000 
0.000000 
0.000000 
0.000000 
0.000000 
0.000000 
0.000000 
0.000000 
0.000000 
0.000000 
0.000000 
0.000000 
0.000000 
0.000000 
0.000000 
0.000000 
0.000000 
0.000000 
0.000000 
0.000000 
0.000000 
0.000000 
0.000000 
0.000000 
0.000000 
0.000000 
0.000000 
0.000000 
0.000000 
0.000000 
0.000000 
0.000000 
0.000000 
0.000000 
0.000000 
0.000000 
0.000000 
0.000000 
0.000000 
0.000000 
0.000000 
0.000000 
0.000000 
0.000000 
0.000000 
0.000000 
0.000000 
0.000000 
0.000000 
0.000000 
0.000000 
0.000000 
0.000000 
0.000000 
0.000000 
0.000000 
0.000000 
0.000000 
0.000000 
0.000000 
0.000000 
0.000000 
0.000000 
0.000000 
0.000000 
0.000000 
0.000000 
0.000000 
0.000000 
0.000000 
0.000000 
0.000000 
0.000000 
0.000000 
0.000000 
0.000000 
0.000000 
0.000000 
0.000000 
0.000000 
0.000000 
0.000000 
0.000000 
0.000000 
0.000000 
0.000000 
0.000000 
0.000000 
0.000000 
0.000000 
0.000000 
0.000000 
0.000000 
0.000000 
0.000000 
0.000000 
0.000000 
0.000000 
0.000000 
0.000000 
0.000000 
0.000000 
0.000000 
0.000000 
0.000000 
0.000000 
0.000000 
0.000000 
0.000000 
0.000000 
0.000000 
0.000000 
0.000000 
0.000000 
0.000000 
0.000000 
0.000000 
0.000000 
0.000000 
-0.000000 
-0.000000 
0.000000 
-0.000001 
0.000002 
-0.000005 
0.000020 
0.000097 
0.000030 
0.000614 
0.000996 
0.000676 
0.000513 
0.000724 
0.000678 
0.000461 
0.000345 
0.000248 
0.000180 
0.000131 
0.000155 
0.000087 
0.000322 
0.001287 
0.002782 
0.001347 
0.007357 
-0.000282 
0.084377 
0.170188 
0.126483 
0.103596 
0.134833 
0.149464 
0.115443 
0.102332 
0.107872 
0.093466 
0.112125 
0.189308 
0.176012 
0.156595 
0.139138 
0.135154 
0.162720 
0.127498 
0.118963 
0.113511 
0.106582 
0.096830 
0.100158 
0.119043 
0.182509 
0.159000 
0.163765 
0.150832 
0.142751 
0.136186 
0.148490 
0.171996 
0.219903 
0.154870 
0.226914 
0.232880 
0.183125 
0.298744 
0.265588 
0.207486 
0.318303 
0.260622 
0.199926 
0.298452 
0.252608 
0.200886 
0.333511 
0.279368 
0.218161 
0.346519 
0.288172 
0.213438 
0.333949 
0.315267 
0.223397 
0.293813 
0.275259 
0.219060 
0.387991 
0.345384 
0.245925 
0.349046 
0.308576 
0.234038 
0.383034 
0.342121 
0.235797 
0.333906 
0.310815 
0.218920 
0.356029 
0.334169 
0.227628 
0.336741 
0.330462 
0.217642 
0.303360 
0.310122 
0.199107 
0.296665 
0.348368 
0.222310 
0.303320 
0.371474 
0.236290 
0.279458 
0.377828 
0.252663 
0.252756 
0.351025 
0.255089 
0.207555 
0.307910 
0.257932 
0.174888 
0.272457 
0.287247 
0.183374 
0.206604 
0.250960 
0.171724 
0.141862 
0.166390 
0.125738 
0.090316 
0.084738 
0.065998 
0.046613 
0.034296 
0.024699 
0.017936 
0.013020 
0.009393 
0.006957 
0.006064 
0.004489 
0.003246 
0.002461 
0.001599 
0.004536 
0.005105 
0.002909 
0.006638 
0.007844 
0.005104 
0.004018 
0.003791 
0.002887 
0.002055 
0.001506 
0.001086 
0.000789 
0.000572 
0.000414 
0.000300 
0.000218 
0.000158 
0.000114 
0.000083 
0.000060 
0.000044 
0.000032 
0.000023 
0.000017 
0.000012 
0.000009 
0.000006 
0.000005 
0.000003 
0.000002 
0.000002 
0.000001 
0.000001 
0.000001 
0.000000 
0.000000 
0.000000 
0.000000 
0.000000 
0.000000 
0.000000 
0.000000 
0.000000 
0.000000 
0.000000 
0.000000 
0.000000 
0.000000 
-0.000000 
0.000000 
-0.000000 
-0.000000 
0.000003 
-0.000001 
0.000339 
0.000476 
0.000314 
0.000239 
0.000170 
0.000125 
0.000080 
0.000084 
0.000205 
-0.000838 
0.004692 
-0.007069 
0.074478 
0.211199 
0.224266 
0.246009 
0.177548 
0.123740 
0.167703 
0.147785 
0.194768 
0.265889 
0.234653 
0.261368 
0.257230 
0.315446 
0.256876 
0.250966 
0.303852 
0.245217 
0.231008 
0.257280 
0.329071 
0.274242 
0.250843 
0.211099 
0.296315 
0.250526 
0.246704 
0.284708 
0.315102 
0.273529 
0.312055 
0.310362 
0.224274 
0.326710 
0.321894 
0.294517 
0.256539 
0.302021 
0.379025 
0.313641 
0.290342 
0.285965 
0.193214 
0.242456 
0.351198 
0.325621 
0.241812 
0.168239 
0.196700 
0.271224 
0.233161 
0.292528 
0.264465 
0.213654 
0.256332 
0.279087 
0.274283 
0.305761 
0.255592 
0.260076 
0.227322 
0.303045 
0.250233 
0.243178 
0.265990 
0.226409 
0.317060 
0.247465 
0.319314 
0.275344 
0.291682 
0.272045 
0.296589 
0.338451 
0.302128 
0.366194 
0.281065 
0.342515 
0.297127 
0.336870 
0.303129 
0.349637 
0.337877 
0.331888 
0.314915 
0.294974 
0.323626 
0.272235 
0.335192 
0.277768 
0.326452 
0.258943 
0.332116 
0.291517 
0.334645 
0.289347 
0.314064 
0.296325 
0.322159 
0.311784 
0.316771 
0.314839 
0.298121 
0.307228 
0.332846 
0.336442 
0.340762 
0.358846 
0.337781 
0.329276 
0.324143 
0.333423 
0.341185 
0.329523 
0.332304 
0.363382 
0.353705 
0.350480 
0.338693 
0.331950 
0.342404 
0.343273 
0.333209 
0.321847 
0.325734 
0.319114 
0.337731 
0.308221 
0.331375 
0.305338 
0.331003 
0.316982 
0.332027 
0.330003 
0.344232 
0.327816 
0.321204 
0.342069 
0.315657 
0.298303 
0.289340 
0.284430 
0.269504 
0.276139 
0.248596 
0.262660 
0.229383 
0.255009 
0.231182 
0.274161 
0.237603 
0.229307 
0.241630 
0.221556 
0.267287 
0.235969 
0.239425 
0.250664 
0.240544 
0.264389 
0.229472 
0.258587 
0.251377 
0.237800 
0.267063 
0.239480 
0.260138 
0.246524 
0.246194 
0.268077 
0.256469 
0.280059 
0.278223 
0.298451 
0.307692 
0.349051 
0.358669 
0.359925 
0.371017 
0.351467 
0.324308 
0.296149 
0.274017 
0.233159 
0.182878 
0.153455 
0.177848 
0.188923 
0.162432 
0.162598 
0.166391 
0.144011 
0.153168 
0.165410 
0.161485 
0.164921 
0.154292 
0.146794 
0.131958 
0.143613 
0.143165 
0.162006 
0.158716 
0.155489 
0.171837 
0.170467 
0.177154 
0.168957 
0.172529 
0.163146 
0.161783 
0.162503 
0.154041 
0.130222 
0.111676 
0.115947 
0.095483 
0.082906 
0.079063 
0.081969 
0.066008 
0.059059 
0.059619 
0.062778 
0.049405 
0.051742 
0.056511 
0.059770 
0.064252 
0.061511 
0.061317 
0.063741 
0.062164 
0.068824 
0.058882 
0.057936 
0.069894 
0.063729 
0.054600 
0.053200 
0.046456 
0.040622 
0.043223 
0.054128 
0.054411 
0.051640 
0.053203 
0.064351 
0.074730 
0.067541 
0.058152 
0.047820 
0.051373 
0.047942 
0.046393 
0.049261 
0.051898 
0.056176 
0.059209 
0.058561 
0.051891 
0.054568 
0.050783 
0.049630 
0.055409 
0.066917 
0.070301 
0.061130 
0.058277 
0.058393 
0.057818 
0.055620 
0.062720 
0.070474 
0.062569 
0.057800 
0.073304 
0.073305 
0.057213 
0.058252 
0.076557 
0.062121 
0.073065 
0.076146 
0.057995 
0.055284 
0.063003 
0.063771 
0.063118 
0.074648 
0.066470 
0.066975 
0.061522 
0.068270 
0.075096 
0.067685 
0.061768 
0.057747 
0.076333 
0.106373 
0.090438 
0.070343 
0.062006 
0.060540 
0.059648 
0.060122 
0.055524 
0.060818 
0.062410 
0.067711 
0.055039 
0.091332 
0.094580 
0.071115 
0.061841 
0.046654 
0.042136 
0.040242 
0.027464 
0.030791 
0.055885 
0.048403 
0.035400 
0.025723 
0.018498 
0.014936 
0.011907 
0.008434 
0.006195 
0.004501 
0.003986 
0.003533 
0.002775 
0.002433 
0.002003 
0.001501 
0.001386 
0.001270 
0.001477 
0.001976 
0.001930 
0.001709 
0.001905 
0.001940 
0.002002 
0.001997 
0.001817 
0.001565 
0.001830 
0.001638 
0.001187 
0.000909 
0.000933 
0.001031 
0.000771 
0.000518 
0.000623 
0.000819 
0.000572 
0.000423 
0.000305 
0.000221 
0.000160 
0.000117 
0.000086 
0.000051 
0.000074 
0.000032 
0.001471 
0.006419 
0.010271 
0.033677 
0.081723 
0.107215 
0.103943 
0.110391 
0.115961 
0.088017 
0.068066 
0.070706 
0.060158 
0.057283 
0.051735 
0.105530 
0.139471 
0.104851 
0.070141 
0.147660 
0.195366 
0.131073 
0.098744 
0.071355 
0.059304 
0.071936 
0.080817 
0.078387 
0.099920 
0.084944 
0.061484 
0.058749 
0.050700 
0.052997 
0.050564 
0.047412 
0.055011 
0.053999 
0.063885 
0.081607 
0.096969 
0.123018 
0.122811 
0.107276 
0.095296 
0.089446 
0.089057 
0.089042 
0.098624 
0.094292 
0.088885 
0.084556 
0.082400 
0.083534 
0.079142 
0.069899 
0.071152 
0.064208 
0.053353 
0.045835 
0.035789 
0.029386 
0.023731 
0.017706 
0.012838 
0.009310 
0.006746 
0.004891 
0.003553 
0.002546 
0.002332 
0.001905 
0.002233 
0.004046 
0.004103 
0.004096 
0.003935 
0.003213 
0.002706 
0.002052 
0.001483 
0.001078 
0.000780 
0.000566 
0.000410 
0.000297 
0.000216 
0.000157 
0.000113 
0.000081 
0.000066 
0.000035 
0.000622 
0.000873 
0.000578 
0.000439 
0.000313 
0.000228 
0.000165 
0.000120 
0.000090 
0.000049 
0.000082 
-0.000040 
0.001154 
0.005372 
0.008980 
0.011590 
0.019447 
0.025950 
0.057994 
0.058816 
0.109089 
0.139784 
0.087864 
0.096028 
0.159771 
0.218171 
0.243628 
0.269291 
0.290282 
0.308845 
0.375520 
0.380847 
0.352936 
0.353441 
0.339762 
0.362824 
0.371185 
0.335991 
0.301117 
0.283239 
0.255638 
0.232295 
0.223258 
0.256265 
0.279084 
0.261934 
0.280594 
0.286100 
0.273168 
0.252078 
0.275733 
0.298842 
0.304740 
0.308380 
0.301178 
0.294049 
0.306840 
0.307303 
0.297670 
0.311022 
0.313029 
0.326855 
0.318793 
0.293523 
0.273618 
0.275683 
0.270029 
0.263418 
0.249222 
0.238052 
0.239681 
0.227213 
0.226715 
0.233333 
0.225249 
0.200661 
0.209440 
0.221597 
0.207734 
0.192023 
0.185853 
0.142128 
0.108493 
0.098238 
0.091728 
0.086738 
0.072212 
0.057170 
0.044760 
0.045421 
0.044645 
0.041544 
0.038110 
0.029149 
0.023605 
0.019294 
0.021994 
0.022211 
0.016841 
0.013028 
0.009791 
0.009630 
0.010138 
0.007819 
0.007373 
0.007234 
0.005388 
0.005565 
0.005487 
0.004853 
0.004966 
0.004880 
0.005185 
0.004484 
0.003417 
0.002639 
0.001944 
0.001416 
0.001028 
0.000745 
0.000540 
0.000392 
0.000284 
0.000206 
0.000149 
0.000108 
0.000078 
0.000057 
0.000041 
0.000030 
0.000022 
0.000016 
0.000011 
0.000013 
0.000008 
-0.000067 
0.000507 
-0.000185 
0.018350 
0.028627 
0.027513 
0.043171 
0.044288 
0.041696 
0.033208 
0.024778 
0.021893 
0.018925 
0.018478 
0.019786 
0.053972 
0.105959 
0.163782 
0.175378 
0.176425 
0.191336 
0.208015 
0.215155 
0.199999 
0.206892 
0.205121 
0.201074 
0.215447 
0.216537 
0.217188 
0.225818 
0.229046 
0.226438 
0.220943 
0.219826 
0.225346 
0.228286 
0.229071 
0.223101 
0.215045 
0.217338 
0.199468 
0.192683 
0.184951 
0.196699 
0.216008 
0.248177 
0.239173 
0.214897 
0.167082 
0.132526 
0.111394 
0.118047 
0.116099 
0.115005 
0.107007 
0.105703 
0.105574 
0.096475 
0.095567 
0.098148 
0.102856 
0.109122 
0.110159 
0.105561 
0.100891 
0.096426 
0.106457 
0.108625 
0.111928 
0.109723 
0.117037 
0.122171 
0.132948 
0.136836 
0.144069 
0.145552 
0.146195 
0.144561 
0.143721 
0.149638 
0.150426 
0.142568 
0.133693 
0.143753 
0.148556 
0.142957 
0.163143 
0.170843 
0.165417 
0.160054 
0.168868 
0.171495 
0.187552 
0.193212 
0.186490 
0.204314 
0.211682 
0.228694 
0.248861 
0.259796 
0.251691 
0.258406 
0.269699 
0.267209 
0.275125 
0.272777 
0.277522 
0.286696 
0.283239 
0.273757 
0.263666 
0.274058 
0.279340 
0.284042 
0.275158 
0.301259 
0.295123 
0.285184 
0.291729 
0.288782 
0.279627 
0.270320 
0.277264 
0.287537 
0.297014 
0.298801 
0.288400 
0.296446 
0.299738 
0.289544 
0.282108 
0.257014 
0.260676 
0.249853 
0.245485 
0.251904 
0.244107 
0.236763 
0.237036 
0.223128 
0.229031 
0.236243 
0.235361 
0.251433 
0.260328 
0.265354 
0.263012 
0.267905 
0.268793 
0.267821 
0.278364 
0.291290 
0.283980 
0.277913 
0.285374 
0.289142 
0.289439 
0.282062 
0.282646 
0.294706 
0.299976 
0.304159 
0.299924 
0.299585 
0.289152 
0.275017 
0.277523 
0.302730 
0.325286 
0.310537 
0.277563 
0.235815 
0.193079 
0.146649 
0.108593 
0.079912 
0.062645 
0.060686 
0.058850 
0.058836 
0.056235 
0.048009 
0.036753 
0.026501 
0.019261 
0.013946 
0.010116 
0.007334 
0.005317 
0.003855 
0.002794 
0.002026 
0.001469 
0.001065 
0.000772 
0.000560 
0.000406 
0.000294 
0.000213 
0.000155 
0.000112 
0.000081 
0.000059 
0.000043 
0.000031 
0.000022 
0.000016 
0.000012 
0.000009 
0.000006 
0.000004 
0.000003 
0.000002 
0.000002 
0.000001 
0.000001 
0.000001 
0.000000 
0.000000 
0.000000 
0.000000 
0.000000 
0.000000 
0.000000 
0.000000 
0.000000 
0.000000 
0.000000 
0.000000 
0.000000 
0.000000 
0.000000 
0.000000 
0.000000 
0.000000 
0.000000 
0.000000 
0.000000 
0.000000 
0.000000 
0.000000 
0.000000 
0.000000 
0.000000 
0.000000 
0.000000 
0.000000 
0.000000 
-0.000000 
0.000000 
-0.000000 
0.000000 
-0.000000 
0.000002 
0.000064 
0.000070 
0.000046 
0.000035 
0.000025 
0.000018 
0.000013 
0.000010 
0.000007 
0.000005 
0.000004 
0.000003 
0.000002 
0.000001 
0.000003 
-0.000004 
0.000004 
0.000011 
0.000053 
0.002956 
0.003439 
0.002267 
0.001595 
0.002406 
0.005327 
0.013016 
0.016150 
0.014912 
0.015677 
0.018599 
0.022676 
0.029621 
0.024381 
0.025230 
0.048805 
0.054710 
0.056516 
0.057654 
0.085652 
0.093127 
0.083927 
0.076392 
0.066507 
0.071503 
0.077865 
0.075090 
0.068568 
0.072665 
0.076809 
0.073313 
0.081347 
0.156298 
0.224663 
0.246546 
0.266077 
0.278463 
0.288054 
0.287840 
0.283350 
0.295575 
0.306014 
0.311305 
0.313807 
0.311473 
0.303792 
0.308913 
0.303784 
0.284372 
0.300340 
0.317073 
0.309211 
0.305048 
0.315176 
0.315790 
0.321887 
0.329173 
0.342773 
0.331545 
0.330769 
0.342977 
0.332412 
0.338454 
0.328754 
0.330561 
0.323150 
0.311241 
0.292217 
0.278287 
0.275804 
0.269674 
0.262837 
0.270990 
0.272526 
0.274870 
0.277035 
0.258666 
0.241259 
0.226650 
0.227784 
0.231555 
0.237262 
0.249697 
0.262070 
0.269529 
0.283508 
0.295407 
0.293073 
0.297722 
0.305606 
0.324152 
0.325145 
0.308198 
0.296466 
0.291134 
0.278451 
0.246519 
0.213902 
0.180555 
0.144072 
0.109477 
0.080009 
0.059148 
0.048806 
0.046084 
0.046527 
0.046831 
0.045204 
0.041726 
0.035735 
0.032149 
0.028478 
0.020889 
0.016137 
0.011651 
0.008455 
0.006131 
0.004444 
0.003222 
0.002336 
0.001693 
0.001228 
0.000890 
0.000645 
0.000468 
0.000339 
0.000246 
0.000178 
0.000129 
0.000094 
0.000068 
0.000049 
0.000036 
0.000026 
0.000019 
0.000014 
0.000010 
0.000007 
0.000005 
0.000004 
0.000003 
0.000002 
0.000001 
0.000001 
0.000001 
0.000001 
0.000000 
0.000000 
0.000000 
0.000000 
0.000000 
0.000000 
0.000000 
0.000000 
0.000000 
0.000000 
0.000000 
0.000000 
0.000000 
0.000000 
0.000000 
0.000000 
0.000000 
0.000000 
0.000000 
0.000000 
0.000000 
0.000000 
0.000000 
0.000000 
0.000000 
0.000000 
0.000000 
0.000000 
0.000000 
0.000000 
0.000000 
0.000000 
0.000000 
0.000000 
0.000000 
0.000000 
0.000000 
0.000000 
0.000000 
0.000000 
0.000000 
0.000000 
0.000000 
0.000000 
0.000000 
0.000000 
0.000000 
0.000000 
0.000000 
0.000000 
0.000000 
0.000000 
0.000000 
0.000000 
0.000000 
0.000000 
0.000000 
-0.000000 
0.000000 
-0.000000 
-0.000000 
0.000000 
-0.000000 
0.000004 
0.000004 
0.000003 
0.000002 
0.000002 
0.000001 
0.000001 
0.000001 
0.000000 
0.000000 
0.000000 
0.000000 
0.000000 
0.000000 
0.000000 
0.000000 
0.000000 
0.000000 
0.000000 
0.000000 
-0.000000 
0.000001 
-0.000003 
0.000007 
0.000035 
-0.000161 
0.001412 
0.000254 
0.022386 
0.061757 
0.037964 
0.105891 
0.215873 
0.288828 
0.295541 
0.292229 
0.306203 
0.314041 
0.330937 
0.340624 
0.320107 
0.296272 
0.281169 
0.259435 
0.240230 
0.231933 
0.216700 
0.204971 
0.197114 
0.199557 
0.203496 
0.203854 
0.209011 
0.209037 
0.249863 
0.260396 
0.259271 
0.263044 
0.257923 
0.249474 
0.245312 
0.247122 
0.251301 
0.253279 
0.247920 
0.239567 
0.240928 
0.235407 
0.237114 
0.248867 
0.243265 
0.244216 
0.240013 
0.236548 
0.241779 
0.244735 
0.243210 
0.241879 
0.241309 
0.248426 
0.267420 
0.270516 
0.265028 
0.261519 
0.266133 
0.271279 
0.293060 
0.290784 
0.280605 
0.286400 
0.282638 
0.276545 
0.285156 
0.298431 
0.322385 
0.306907 
0.283648 
0.264237 
0.287996 
0.305836 
0.296088 
0.290624 
0.289044 
0.289117 
0.288431 
0.285485 
0.289108 
0.287948 
0.288619 
0.290930 
0.288540 
0.291740 
0.294493 
0.286372 
0.277226 
0.279251 
0.269490 
0.253343 
0.257447 
0.258326 
0.262618 
0.261118 
0.270630 
0.272688 
0.271318 
0.287837 
0.277797 
0.275501 
0.287518 
0.295838 
0.304310 
0.292580 
0.289545 
0.288990 
0.300578 
0.290396 
0.277477 
0.299036 
0.286254 
0.296441 
0.281952 
0.286158 
0.285817 
0.271723 
0.293396 
0.274004 
0.273813 
0.265197 
0.276929 
0.267458 
0.267440 
0.279027 
0.281859 
0.297969 
0.275439 
0.307608 
0.287735 
0.297981 
0.304500 
0.307159 
0.313435 
0.309962 
0.307995 
0.286802 
0.310383 
0.300097 
0.325403 
0.328618 
0.335261 
0.340035 
0.336856 
0.337249 
0.312958 
0.319229 
0.309423 
0.323914 
0.327496 
0.319138 
0.310947 
0.271451 
0.270792 
0.270307 
0.298367 
0.285737 
0.264685 
0.260704 
0.268134 
0.262608 
0.230626 
0.233190 
0.229276 
0.262307 
0.238959 
0.265911 
0.273589 
0.263916 
0.271659 
0.251261 
0.235678 
0.210152 
0.235496 
0.246905 
0.248184 
0.269057 
0.303965 
0.315841 
0.313636 
0.291920 
0.259313 
0.267948 
0.239023 
0.253073 
0.253199 
0.222421 
0.219111 
0.199325 
0.234324 
0.227327 
0.247987 
0.247452 
0.221194 
0.209653 
0.194188 
0.220700 
0.203498 
0.179781 
0.171559 
0.167892 
0.214595 
0.250746 
0.253051 
0.241698 
0.266745 
0.232963 
0.239362 
0.236356 
0.246470 
0.244038 
0.238015 
0.205613 
0.170995 
0.176790 
0.177665 
0.222639 
0.208896 
0.144184 
0.156405 
0.199468 
0.209674 
0.193163 
0.156300 
0.131027 
0.160875 
0.159137 
0.144571 
0.132024 
0.138274 
0.156251 
0.194313 
0.164630 
0.138777 
0.137375 
0.127513 
0.125521 
0.109742 
0.114607 
0.101165 
0.107903 
0.098180 
0.108910 
0.096487 
0.093789 
0.083999 
0.068227 
0.052413 
0.062195 
0.065740 
0.069738 
0.066756 
0.066505 
0.080760 
0.070669 
0.076299 
0.071005 
0.126006 
0.107905 
0.078040 
0.075593 
0.093455 
0.099490 
0.082020 
0.059889 
0.055660 
0.052053 
0.048896 
0.056311 
0.045621 
0.036004 
0.034464 
0.031666 
0.037603 
0.029383 
0.021936 
0.022395 
0.018718 
0.017790 
0.018319 
0.014670 
0.016559 
0.023586 
0.023004 
0.030705 
0.026052 
0.020443 
0.017867 
0.018879 
0.017269 
0.015565 
0.011825 
0.009214 
0.007997 
0.005748 
0.004225 
0.003818 
0.003564 
0.003194 
0.003537 
0.002807 
0.002151 
0.002427 
0.002373 
0.001835 
0.001391 
0.001736 
0.002005 
0.001887 
0.002647 
0.002816 
0.002427 
0.001961 
0.001414 
0.001071 
0.000804 
0.000576 
0.000422 
0.000311 
0.000232 
0.000183 
0.000136 
0.000098 
0.000071 
0.000051 
0.000037 
0.000027 
0.000020 
0.000014 
0.000010 
0.000007 
0.000005 
0.000004 
0.000003 
0.000002 
0.000001 
0.000001 
0.000001 
0.000001 
0.000000 
0.000000 
0.000000 
0.000000 
0.000000 
0.000000 
0.000000 
0.000000 
0.000000 
0.000000 
0.000000 
0.000000 
0.000000 
0.000000 
0.000000 
0.000000 
0.000000 
0.000000 
0.000000 
0.000000 
0.000000 
0.000000 
0.000000 
0.000000 
0.000000 
0.000000 
0.000000 
0.000000 
0.000000 
0.000000 
0.000000 
0.000000 
0.000000 
0.000000 
0.000000 
0.000000 
0.000000 
0.000000 
0.000000 
0.000000 
0.000000 
0.000000 
0.000000 
0.000000 
0.000000 
0.000000 
0.000000 
0.000000 
0.000000 
0.000000 
0.000000 
0.000000 
0.000000 
0.000000 
0.000000 
0.000000 
0.000000 
0.000000 
0.000000 
0.000000 
0.000000 
0.000000 
0.000000 
0.000000 
0.000000 
0.000000 
0.000000 
0.000000 
0.000000 
0.000000 
0.000000 
0.000000 
0.000000 
0.000000 
0.000000 
0.000000 
0.000000 
0.000000 
0.000000 
0.000000 
0.000000 
0.000000 
0.000000 
0.000000 
0.000000 
0.000000 
0.000000 
0.000000 
0.000000 
0.000000 
0.000000 
0.000000 
0.000000 
0.000000 
0.000000 
0.000000 
0.000000 
0.000000 
0.000000 
0.000000 
0.000000 
0.000000 
0.000000 
0.000000 
0.000000 
0.000000 
0.000000 
0.000000 
0.000000 
0.000000 
0.000000 
0.000000 
0.000000 
0.000000 
0.000000 
0.000000 
0.000000 
0.000000 
0.000000 
0.000000 
0.000000 
0.000000 
0.000000 
0.000000 
0.000000 
0.000000 
0.000000 
