[ASCII 1000Hz, Channels: 1, Samples: 4500, Flags: 0]                          
0.000000 
0.000000 
0.000000 
0.000000 
0.000000 
0.000000 
0.000000 
0.000000 
0.000000 
0.000000 
0.000000 
0.000000 
0.000000 
0.000000 
0.000000 
0.000000 
0.000000 
0.000000 
0.000000 
0.000000 
0.000000 
0.000000 
0.000000 
0.000000 
0.000000 
0.000000 
0.000000 
0.000000 
0.000000 
0.000000 
0.000000 
0.000000 
0.000000 
0.000000 
0.000000 
0.000000 
0.000000 
0.000000 
0.000000 
0.000000 
0.000000 
0.000000 
0.000000 
0.000000 
0.000000 
0.000000 
0.000000 
0.000000 
0.000000 
0.000000 
0.000000 
0.000000 
0.000000 
0.000000 
0.000000 
0.000000 
0.000000 
0.000000 
0.000000 
0.000000 
0.000000 
0.000000 
0.000000 
0.000000 
0.000000 
0.000000 
0.000000 
0.000000 
0.000000 
0.000000 
0.000000 
0.000000 
0.000000 
0.000000 
0.000000 
0.000000 
0.000000 
0.000000 
0.000000 
0.000000 
0.000000 
0.000000 
0.000000 
0.000000 
0.000000 
0.000000 
0.000000 
0.000000 
0.000000 
0.000000 
0.000000 
-0.000000 
0.000000 
-0.000000 
0.000000 
-0.000000 
0.000002 
0.000005 
0.000003 
0.000002 
0.000002 
0.000001 
0.000001 
0.000001 
0.000000 
0.000000 
0.000000 
0.000000 
0.000000 
0.000000 
0.000000 
0.000000 
0.000000 
0.000000 
0.000000 
0.000000 
0.000000 
0.000000 
0.000000 
0.000000 
0.000000 
0.000000 
0.000000 
0.000000 
0.000000 
0.000000 
-0.000000 
0.000000 
-0.000001 
0.000011 
0.000042 
0.000086 
0.000121 
0.000178 
0.000375 
0.000556 
0.000616 
0.000961 
0.001463 
0.001720 
0.002052 
0.003517 
0.003033 
0.002207 
0.001409 
0.002601 
0.004430 
0.004691 
0.006427 
0.006024 
0.006173 
0.010060 
0.012040 
0.011578 
0.010661 
0.013132 
0.010504 
0.007430 
0.006852 
0.006959 
0.010773 
0.014239 
0.021467 
0.022758 
0.018284 
0.019798 
0.022858 
0.030018 
0.027177 
0.024985 
0.029005 
0.053788 
0.065002 
0.060055 
0.056540 
0.075059 
0.068575 
0.050897 
0.041971 
0.040449 
0.065650 
0.076730 
0.061945 
0.119303 
0.178294 
0.146666 
0.145121 
0.138498 
0.113671 
0.098313 
0.141500 
0.258965 
0.222092 
0.183149 
0.235892 
0.215264 
0.160719 
0.166539 
0.214420 
0.190580 
0.165128 
0.168318 
0.214064 
0.179064 
0.157358 
0.200552 
0.205911 
0.170787 
0.181007 
0.198504 
0.149161 
0.175296 
0.170370 
0.116592 
0.143161 
0.182406 
0.147899 
0.179079 
0.232610 
0.185158 
0.229629 
0.283208 
0.232267 
0.209810 
0.251005 
0.211815 
0.238854 
0.268093 
0.203814 
0.256722 
0.283707 
0.206452 
0.187482 
0.148250 
0.177008 
0.281719 
0.244721 
0.247108 
0.282102 
0.216264 
0.195181 
0.166830 
0.169283 
0.178724 
0.150125 
0.164177 
0.198401 
0.158299 
0.182582 
0.180278 
0.156747 
0.155692 
0.124389 
0.154463 
0.125527 
0.110411 
0.138338 
0.097488 
0.072993 
0.060637 
0.060807 
0.040642 
0.048143 
0.081635 
0.075025 
0.050166 
0.062487 
0.059955 
0.040315 
0.033192 
0.023472 
0.020147 
0.020835 
0.016915 
0.013018 
0.013521 
0.015911 
0.011046 
0.008580 
0.007823 
0.005890 
0.003965 
0.005060 
0.005688 
0.003869 
0.003030 
0.003267 
0.003694 
0.002984 
0.002325 
0.002860 
0.003343 
0.002392 
0.002001 
0.001470 
0.001243 
0.001528 
0.001106 
0.000806 
0.000620 
0.002477 
0.006224 
0.012160 
0.017702 
0.037950 
0.077355 
0.106434 
0.120319 
0.090233 
0.082623 
0.122716 
0.110306 
0.104335 
0.103565 
0.090036 
0.071739 
0.071909 
0.074216 
0.058917 
0.169935 
0.199912 
0.156663 
0.214696 
0.178179 
0.139745 
0.221235 
0.208926 
0.177859 
0.244731 
0.251825 
0.192505 
0.195437 
0.161293 
0.119451 
0.179984 
0.179730 
0.144321 
0.201076 
0.185741 
0.212670 
0.183127 
0.163539 
0.186861 
0.159911 
0.159860 
0.158665 
0.131399 
0.181591 
0.166994 
0.145827 
0.172066 
0.128371 
0.167243 
0.203735 
0.186790 
0.211681 
0.172171 
0.159304 
0.140565 
0.111736 
0.139933 
0.124887 
0.153722 
0.188084 
0.152422 
0.189987 
0.148757 
0.133338 
0.161766 
0.115266 
0.133097 
0.125565 
0.103557 
0.173390 
0.152109 
0.128641 
0.186375 
0.162600 
0.140781 
0.142267 
0.128675 
0.135589 
0.144966 
0.130135 
0.114734 
0.142646 
0.160060 
0.150323 
0.168577 
0.215172 
0.197355 
0.159124 
0.151088 
0.166829 
0.133733 
0.169687 
0.195976 
0.158055 
0.188993 
0.172892 
0.171805 
0.161993 
0.152231 
0.142556 
0.139078 
0.135622 
0.128508 
0.158258 
0.186698 
0.190949 
0.206722 
0.187712 
0.159801 
0.133449 
0.150124 
0.168277 
0.137551 
0.135794 
0.114214 
0.114892 
0.119812 
0.108001 
0.134280 
0.152032 
0.138990 
0.150030 
0.138691 
0.169578 
0.212056 
0.168471 
0.170450 
0.189753 
0.163436 
0.200422 
0.154825 
0.155938 
0.175387 
0.152961 
0.154219 
0.167100 
0.183789 
0.148302 
0.119532 
0.123646 
0.149295 
0.177486 
0.148512 
0.140505 
0.133726 
0.135329 
0.128113 
0.127108 
0.131428 
0.102255 
0.149015 
0.155390 
0.126961 
0.109259 
0.089546 
0.094260 
0.103606 
0.084760 
0.100316 
0.085333 
0.091990 
0.087215 
0.086797 
0.110054 
0.089632 
0.098730 
0.085984 
0.088489 
0.092579 
0.067614 
0.089168 
0.079457 
0.071089 
0.075881 
0.053691 
0.072268 
0.064160 
0.048760 
0.074750 
0.059027 
0.048444 
0.062931 
0.048079 
0.045123 
0.057318 
0.044486 
0.037320 
0.059910 
0.053396 
0.037896 
0.064627 
0.060679 
0.044782 
0.075875 
0.061492 
0.061224 
0.103927 
0.073764 
0.093787 
0.106949 
0.075076 
0.111659 
0.100398 
0.075214 
0.108560 
0.086977 
0.094449 
0.103438 
0.081978 
0.133645 
0.101945 
0.115067 
0.133211 
0.101495 
0.154090 
0.110956 
0.137068 
0.136508 
0.116453 
0.153051 
0.114229 
0.151607 
0.115888 
0.133155 
0.118814 
0.119070 
0.130832 
0.110710 
0.144054 
0.109623 
0.139581 
0.109278 
0.137488 
0.119164 
0.128270 
0.141874 
0.131937 
0.175325 
0.144045 
0.190096 
0.152794 
0.184368 
0.160017 
0.180947 
0.182977 
0.196612 
0.209816 
0.206674 
0.218683 
0.222239 
0.240929 
0.227094 
0.226316 
0.217666 
0.227073 
0.220890 
0.232787 
0.208597 
0.208773 
0.190526 
0.198783 
0.184435 
0.192945 
0.184375 
0.198930 
0.181333 
0.178381 
0.193408 
0.192167 
0.178137 
0.176923 
0.188172 
0.154522 
0.177909 
0.173495 
0.219202 
0.200544 
0.231498 
0.214438 
0.217253 
0.231718 
0.218346 
0.228269 
0.228921 
0.226762 
0.227272 
0.220897 
0.214607 
0.194387 
0.205799 
0.195861 
0.179742 
0.175849 
0.142555 
0.132056 
0.135557 
0.124637 
0.118617 
0.115455 
0.109716 
0.109227 
0.100984 
0.096382 
0.106004 
0.097187 
0.116052 
0.104821 
0.124118 
0.110028 
0.106037 
0.104233 
0.089301 
0.108346 
0.095253 
0.121193 
0.111839 
0.126545 
0.143306 
0.142642 
0.148953 
0.147121 
0.152893 
0.153635 
0.174122 
0.167817 
0.181491 
0.168725 
0.171929 
0.179151 
0.169164 
0.195514 
0.184980 
0.200311 
0.193943 
0.190663 
0.224343 
0.212135 
0.208394 
0.243360 
0.208105 
0.199611 
0.237046 
0.180377 
0.238106 
0.226068 
0.220230 
0.248911 
0.208460 
0.258029 
0.241202 
0.199885 
0.268856 
0.226578 
0.195772 
0.243802 
0.215487 
0.201245 
0.239587 
0.201178 
0.205604 
0.244491 
0.182718 
0.190591 
0.243373 
0.193132 
0.204797 
0.251651 
0.197847 
0.198653 
0.249842 
0.189755 
0.200875 
0.258937 
0.206646 
0.202034 
0.251857 
0.199676 
0.219228 
0.265188 
0.198612 
0.212150 
0.256559 
0.188974 
0.243472 
0.239558 
0.203249 
0.277463 
0.237916 
0.211287 
0.236736 
0.243748 
0.247275 
0.229112 
0.234331 
0.237014 
0.231361 
0.223634 
0.207803 
0.201421 
0.220835 
0.205395 
0.188109 
0.207235 
0.203902 
0.198430 
0.183430 
0.177128 
0.210723 
0.182117 
0.188940 
0.184328 
0.169508 
0.219190 
0.176332 
0.183490 
0.172323 
0.138636 
0.201034 
0.171963 
0.125961 
0.152738 
0.140091 
0.136798 
0.141027 
0.097997 
0.108038 
0.147804 
0.106577 
0.124699 
0.167701 
0.113056 
0.116891 
0.140610 
0.099163 
0.125632 
0.203531 
0.170647 
0.157325 
0.143177 
0.104895 
0.141321 
0.141712 
0.098104 
0.148069 
0.160009 
0.119484 
0.136664 
0.159236 
0.127427 
0.094652 
0.122717 
0.111234 
0.081368 
0.137516 
0.129425 
0.082696 
0.098482 
0.152766 
0.133818 
0.121405 
0.150164 
0.181695 
0.141983 
0.129984 
0.124941 
0.090400 
0.066715 
0.087178 
0.104169 
0.098244 
0.091119 
0.107614 
0.080951 
0.052725 
0.078774 
0.114758 
0.094230 
0.082641 
0.081789 
0.091585 
0.066832 
0.058017 
0.102616 
0.110742 
0.086107 
0.071152 
0.086869 
0.074812 
0.052651 
0.040774 
0.065157 
0.070850 
0.049398 
0.039978 
0.041995 
0.048075 
0.035928 
0.031700 
0.035136 
0.044609 
0.042710 
0.028554 
0.024550 
0.028237 
0.024848 
0.023149 
0.022398 
0.022755 
0.022042 
0.019962 
0.017123 
0.012494 
0.011547 
0.011841 
0.012729 
0.012143 
0.008977 
0.008586 
0.007827 
0.005655 
0.004141 
0.003718 
0.004241 
0.003492 
0.002485 
0.001882 
0.001450 
0.001053 
0.001167 
0.001169 
0.001173 
0.000977 
0.000677 
0.000503 
0.000356 
0.000275 
0.000158 
0.000337 
0.000860 
0.000704 
0.000508 
0.000355 
0.001097 
0.001970 
0.001775 
0.002324 
0.002575 
0.002970 
0.003241 
0.006621 
0.006596 
0.008876 
0.011249 
0.008459 
0.011222 
0.013343 
0.016242 
0.015007 
0.014309 
0.017057 
0.013834 
0.016238 
0.020498 
0.016436 
0.013592 
0.018964 
0.016135 
0.012929 
0.012041 
0.016086 
0.013362 
0.014103 
0.025282 
0.022536 
0.021982 
0.031064 
0.031653 
0.038935 
0.042802 
0.035455 
0.026799 
0.026436 
0.022445 
0.020375 
0.020014 
0.015793 
0.017511 
0.025423 
0.027493 
0.032325 
0.029505 
0.022350 
0.024858 
0.032320 
0.026261 
0.020845 
0.023892 
0.029647 
0.033152 
0.031184 
0.025578 
0.023887 
0.023592 
0.024713 
0.022426 
0.025476 
0.029019 
0.026986 
0.024022 
0.022941 
0.020959 
0.019367 
0.019804 
0.017188 
0.018769 
0.015767 
0.023847 
0.026885 
0.024208 
0.025002 
0.022918 
0.019946 
0.023553 
0.025386 
0.023936 
0.021765 
0.018438 
0.017956 
0.016817 
0.021396 
0.022305 
0.021646 
0.023035 
0.022891 
0.019776 
0.018100 
0.019198 
0.022337 
0.023922 
0.026093 
0.027995 
0.020515 
0.018151 
0.021026 
0.022188 
0.023929 
0.023482 
0.017090 
0.022187 
0.026874 
0.024106 
0.020511 
0.019248 
0.019378 
0.023890 
0.020406 
0.014591 
0.013826 
0.024701 
0.026558 
0.024810 
0.021387 
0.020683 
0.018371 
0.015466 
0.016370 
0.019058 
0.018277 
0.019833 
0.019807 
0.017528 
0.014430 
0.012569 
0.016349 
0.019193 
0.016490 
0.016160 
0.015807 
0.015258 
0.023469 
0.028019 
0.023012 
0.018817 
0.013809 
0.013003 
0.014040 
0.014063 
0.013153 
0.020792 
0.022532 
0.018008 
0.013757 
0.010116 
0.007677 
0.005819 
0.004364 
0.003995 
0.003874 
0.003672 
0.002913 
0.002060 
0.001523 
0.001356 
0.001028 
0.000895 
0.001231 
0.001110 
0.000792 
0.000607 
0.000541 
0.000451 
0.000313 
0.000389 
0.000454 
0.000444 
0.000385 
0.000267 
0.000209 
0.000332 
0.000386 
0.000401 
0.000365 
0.000252 
0.000187 
0.000134 
0.000097 
0.000072 
0.000049 
0.000103 
0.000195 
0.000214 
0.000201 
0.000191 
0.000302 
0.000326 
0.000227 
0.000167 
0.000125 
0.000216 
0.000223 
0.000279 
0.000261 
0.000188 
0.000137 
0.000101 
0.000094 
0.000094 
0.000085 
0.000078 
0.000068 
0.000135 
0.000248 
0.000383 
0.000329 
0.000230 
0.000171 
0.000121 
0.000098 
0.000138 
0.000166 
0.000143 
0.000090 
0.000220 
0.000371 
0.000273 
0.000199 
0.000145 
0.000104 
0.000076 
0.000055 
0.000040 
0.000029 
0.000023 
0.000019 
0.000014 
0.000010 
0.000007 
0.000005 
0.000005 
0.000000 
0.000018 
0.000049 
0.000090 
0.000104 
0.000096 
0.000110 
0.000033 
0.000248 
0.000713 
0.001291 
0.002918 
0.008808 
0.009653 
0.118100 
0.205183 
0.153184 
0.179057 
0.246769 
0.200340 
0.131388 
0.187057 
0.246464 
0.186289 
0.130454 
0.208721 
0.257310 
0.179071 
0.164108 
0.267141 
0.249941 
0.166868 
0.211580 
0.297818 
0.219770 
0.184760 
0.260382 
0.227513 
0.154041 
0.224940 
0.262071 
0.174156 
0.189476 
0.265171 
0.203749 
0.162357 
0.244574 
0.217416 
0.147545 
0.153999 
0.149298 
0.093956 
0.116873 
0.159959 
0.110425 
0.093300 
0.162413 
0.141283 
0.099383 
0.149276 
0.130157 
0.091872 
0.130206 
0.107663 
0.079137 
0.135044 
0.118592 
0.080903 
0.117205 
0.105963 
0.072684 
0.118275 
0.112411 
0.073039 
0.105316 
0.101418 
0.065809 
0.109805 
0.114982 
0.070730 
0.097248 
0.116966 
0.075805 
0.113212 
0.129531 
0.085453 
0.087422 
0.115764 
0.084387 
0.077325 
0.127716 
0.117796 
0.087299 
0.122515 
0.136642 
0.096127 
0.090870 
0.110884 
0.084629 
0.073767 
0.111050 
0.110353 
0.120599 
0.142521 
0.131042 
0.125501 
0.112059 
0.141705 
0.129037 
0.105422 
0.145638 
0.175333 
0.134045 
0.096188 
0.093912 
0.116928 
0.149902 
0.161416 
0.128496 
0.098788 
0.088292 
0.111103 
0.137176 
0.107412 
0.086721 
0.089755 
0.100775 
0.094136 
0.073045 
0.065375 
0.099183 
0.102118 
0.096088 
0.090044 
0.076744 
0.066833 
0.073171 
0.077254 
0.077377 
0.059505 
0.073120 
0.121465 
0.132406 
0.114916 
0.094948 
0.087130 
0.094246 
0.098314 
0.085911 
0.067403 
0.061538 
0.050926 
0.052818 
0.053293 
0.047553 
0.058412 
0.058480 
0.051452 
0.048884 
0.046934 
0.051112 
0.057500 
0.059196 
0.072483 
0.068263 
0.053697 
0.056353 
0.056888 
0.052323 
0.067342 
0.065788 
0.051331 
0.045702 
0.047654 
0.056944 
0.062413 
0.077435 
0.088246 
0.087284 
0.096436 
0.085151 
0.081040 
0.064848 
0.047079 
0.069801 
0.095865 
0.086826 
0.075766 
0.070674 
0.057104 
0.050531 
0.052896 
0.071457 
0.069659 
0.051252 
0.049885 
0.047208 
0.054668 
0.048777 
0.055080 
0.047172 
0.044976 
0.057693 
0.076790 
0.075782 
0.068315 
0.081400 
0.092558 
0.094830 
0.104432 
0.104025 
0.097840 
0.099785 
0.089717 
0.089289 
0.095685 
0.085575 
0.077943 
0.069353 
0.119510 
0.122805 
0.098446 
0.101008 
0.085764 
0.076753 
0.078256 
0.073942 
0.068539 
0.061367 
0.082038 
0.071669 
0.125167 
0.145251 
0.107010 
0.169035 
0.131714 
0.166940 
0.183950 
0.155024 
0.199245 
0.144870 
0.168924 
0.129208 
0.168708 
0.167912 
0.144491 
0.168011 
0.127384 
0.168053 
0.142615 
0.183127 
0.158155 
0.187295 
0.198841 
0.150714 
0.170712 
0.162061 
0.188251 
0.177029 
0.190655 
0.169094 
0.182094 
0.204967 
0.194555 
0.197511 
0.193631 
0.195724 
0.191934 
0.197545 
0.185372 
0.187756 
0.197891 
0.189389 
0.176667 
0.163563 
0.170609 
0.169220 
0.176750 
0.166598 
0.183477 
0.197116 
0.170824 
0.212274 
0.182934 
0.191443 
0.195553 
0.158414 
0.186598 
0.158911 
0.156688 
0.164388 
0.122853 
0.138145 
0.141265 
0.098879 
0.097398 
0.081030 
0.054819 
0.056900 
0.053587 
0.034760 
0.058473 
0.058626 
0.037110 
0.070976 
0.071888 
0.044228 
0.073875 
0.080900 
0.048857 
0.069801 
0.085086 
0.051620 
0.066294 
0.089881 
0.057178 
0.060650 
0.086755 
0.058359 
0.055384 
0.086837 
0.062117 
0.052311 
0.084106 
0.064281 
0.050858 
0.081462 
0.064076 
0.048005 
0.076272 
0.062500 
0.047179 
0.076920 
0.061831 
0.047883 
0.072450 
0.056104 
0.049681 
0.077199 
0.055065 
0.054710 
0.073593 
0.048076 
0.068514 
0.089743 
0.059808 
0.088460 
0.085497 
0.068313 
0.103723 
0.085298 
0.071824 
0.100415 
0.079001 
0.086010 
0.103427 
0.076741 
0.093050 
0.084619 
0.071561 
0.104288 
0.085235 
0.084808 
0.105533 
0.079079 
0.101839 
0.103878 
0.082939 
0.109434 
0.089896 
0.089433 
0.117521 
0.089054 
0.117800 
0.124578 
0.098871 
0.137540 
0.114342 
0.106442 
0.122954 
0.088866 
0.129325 
0.136872 
0.106231 
0.153905 
0.125981 
0.118032 
0.162018 
0.133288 
0.142763 
0.186542 
0.146800 
0.169344 
0.206995 
0.160097 
0.178661 
0.217287 
0.183422 
0.164703 
0.215772 
0.185654 
0.155236 
0.200958 
0.173381 
0.166502 
0.188261 
0.155664 
0.170173 
0.192352 
0.149379 
0.175615 
0.219533 
0.176936 
0.206322 
0.231115 
0.159076 
0.214231 
0.288590 
0.191015 
0.213092 
0.272892 
0.184121 
0.204915 
0.257860 
0.175006 
0.195290 
0.243237 
0.181101 
0.195660 
0.234082 
0.170659 
0.207019 
0.242552 
0.172932 
0.212652 
0.241315 
0.181094 
0.218959 
0.243180 
0.190710 
0.221866 
0.232681 
0.183269 
0.228029 
0.237622 
0.195241 
0.229662 
0.231951 
0.196733 
0.237902 
0.239109 
0.182531 
0.225165 
0.233550 
0.191180 
0.234906 
0.237988 
0.188480 
0.231971 
0.232812 
0.178859 
0.215897 
0.217345 
0.168839 
0.218289 
0.221902 
0.148676 
0.210921 
0.214462 
0.137466 
0.173946 
0.162197 
0.156188 
0.136372 
0.092125 
0.075071 
0.068508 
0.049737 
0.037072 
0.036464 
0.026692 
0.021674 
0.032053 
0.027481 
0.020009 
0.021766 
0.024447 
0.020561 
0.013566 
0.016428 
0.017613 
0.010573 
0.015412 
0.017815 
0.011470 
0.009974 
0.009748 
0.007166 
0.005579 
0.004557 
0.003139 
0.002550 
0.006126 
0.005453 
0.003565 
0.003459 
0.003193 
0.002190 
0.001662 
0.001304 
0.000952 
0.000680 
0.000534 
0.000474 
0.000338 
0.000247 
0.000179 
0.000130 
0.000094 
0.000068 
0.000049 
0.000036 
0.000026 
0.000019 
0.000014 
0.000010 
0.000007 
0.000005 
0.000004 
0.000003 
0.000002 
0.000001 
0.000001 
0.000001 
0.000001 
0.000000 
0.000000 
0.000000 
0.000000 
0.000000 
0.000000 
0.000000 
0.000000 
0.000000 
0.000000 
0.000000 
0.000000 
0.000000 
0.000000 
-0.000000 
0.000001 
-0.000001 
0.000029 
0.000140 
0.000319 
0.000660 
0.001529 
0.002433 
0.025155 
0.055721 
0.059095 
0.068816 
0.055583 
0.071022 
0.081952 
0.073161 
0.148997 
0.162066 
0.200161 
0.251747 
0.206557 
0.211596 
0.199033 
0.227627 
0.196164 
0.195162 
0.189245 
0.212635 
0.216326 
0.235845 
0.210424 
0.219713 
0.198478 
0.213671 
0.193605 
0.229123 
0.205996 
0.248665 
0.222080 
0.216904 
0.195248 
0.233027 
0.209888 
0.230017 
0.200278 
0.206881 
0.204731 
0.202642 
0.238933 
0.212462 
0.247457 
0.210453 
0.246280 
0.214959 
0.233315 
0.227092 
0.240947 
0.268894 
0.235171 
0.280854 
0.233655 
0.267446 
0.242999 
0.263879 
0.267754 
0.235936 
0.278945 
0.234639 
0.269963 
0.239607 
0.261764 
0.262667 
0.234289 
0.278485 
0.229357 
0.271801 
0.226073 
0.246980 
0.267876 
0.234404 
0.284383 
0.234094 
0.270589 
0.248561 
0.245036 
0.283224 
0.232378 
0.277416 
0.239886 
0.252621 
0.278428 
0.242293 
0.274101 
0.228525 
0.260073 
0.273028 
0.256295 
0.286846 
0.232326 
0.266544 
0.239447 
0.242711 
0.284316 
0.236682 
0.282160 
0.252477 
0.253391 
0.294969 
0.247521 
0.286047 
0.251630 
0.250764 
0.268176 
0.218595 
0.261908 
0.227174 
0.223690 
0.256518 
0.203275 
0.230158 
0.223862 
0.187370 
0.219793 
0.191334 
0.177483 
0.200647 
0.165248 
0.184642 
0.183831 
0.150557 
0.202963 
0.185351 
0.162768 
0.204572 
0.184734 
0.179183 
0.202139 
0.183882 
0.174672 
0.183038 
0.191623 
0.166375 
0.175525 
0.182695 
0.140595 
0.173012 
0.190395 
0.139168 
0.162635 
0.176685 
0.123579 
0.136343 
0.174538 
0.119690 
0.100311 
0.133163 
0.103105 
0.071450 
0.102303 
0.094097 
0.059509 
0.063542 
0.073888 
0.049110 
0.041038 
0.059738 
0.048098 
0.031797 
0.032792 
0.041404 
0.029595 
0.020940 
0.018967 
0.020612 
0.015804 
0.010547 
0.011546 
0.018718 
0.013694 
0.009947 
0.008100 
0.006462 
0.005227 
0.003485 
0.003585 
0.005061 
0.003548 
0.002640 
0.001808 
0.002458 
0.002493 
0.001512 
0.001943 
0.002301 
0.001567 
0.001084 
0.001378 
0.001582 
0.001112 
0.000855 
0.000606 
0.000443 
0.000320 
0.000232 
0.000168 
0.000122 
0.000089 
0.000064 
0.000047 
0.000034 
0.000025 
0.000019 
0.000004 
0.000036 
-0.000034 
0.000697 
0.002019 
0.001955 
0.003332 
0.002662 
0.041163 
0.054891 
0.043399 
0.048502 
0.055597 
0.062338 
0.056049 
0.046113 
0.036871 
0.029077 
0.023563 
0.021190 
0.016439 
0.017917 
0.021117 
0.022446 
0.020580 
0.026033 
0.026377 
0.025952 
0.028414 
0.026697 
0.029439 
0.025019 
0.028587 
0.043859 
0.041616 
0.032577 
0.027910 
0.028729 
0.031711 
0.037334 
0.031784 
0.060268 
0.057475 
0.039253 
0.077688 
0.091585 
0.060488 
0.063243 
0.118991 
0.111446 
0.078019 
0.101425 
0.111687 
0.081134 
0.093849 
0.131777 
0.101544 
0.083669 
0.136153 
0.131571 
0.087819 
0.100808 
0.093449 
0.059221 
0.079564 
0.100182 
0.066167 
0.061409 
0.104757 
0.103454 
0.066905 
0.103199 
0.115935 
0.076725 
0.075499 
0.099757 
0.087516 
0.070165 
0.096885 
0.088988 
0.059012 
0.069776 
0.108649 
0.082967 
0.060870 
0.086275 
0.080590 
0.050059 
0.066351 
0.098532 
0.069342 
0.053510 
0.081997 
0.075229 
0.047422 
0.059001 
0.078123 
0.055870 
0.039177 
0.045127 
0.047323 
0.033009 
0.022942 
0.034723 
0.051680 
0.037293 
0.025745 
0.034837 
0.036778 
0.024166 
0.020332 
0.030560 
0.026415 
0.016955 
0.032967 
0.036556 
0.023080 
0.022240 
0.043073 
0.036260 
0.022517 
0.041010 
0.048950 
0.029688 
0.033060 
0.059131 
0.044512 
0.031227 
0.055236 
0.061137 
0.036181 
0.053712 
0.077199 
0.051294 
0.046396 
0.080085 
0.076868 
0.048823 
0.075360 
0.105869 
0.071250 
0.060694 
0.108121 
0.099450 
0.063602 
0.079519 
0.130961 
0.112450 
0.084024 
0.109294 
0.129635 
0.112686 
0.103865 
0.139754 
0.138291 
0.117694 
0.125615 
0.143286 
0.144566 
0.116587 
0.132304 
0.132582 
0.114078 
0.112157 
0.135360 
0.140962 
0.113224 
0.128523 
0.170454 
0.154814 
0.111972 
0.140209 
0.173678 
0.135719 
0.131710 
0.189202 
0.177491 
0.133787 
0.177244 
0.194422 
0.144896 
0.160870 
0.204961 
0.165388 
0.150162 
0.188958 
0.157069 
0.140751 
0.199665 
0.178209 
0.138009 
0.169022 
0.175909 
0.134781 
0.159902 
0.154018 
0.115479 
0.140049 
0.145158 
0.107420 
0.108254 
0.100096 
0.070991 
0.084952 
0.088280 
0.057526 
0.060382 
0.075037 
0.052221 
0.041226 
0.060945 
0.055613 
0.036307 
0.040276 
0.047495 
0.032582 
0.027561 
0.037624 
0.029402 
0.019778 
0.027653 
0.035079 
0.022650 
0.027357 
0.042957 
0.028416 
0.034480 
0.051008 
0.034407 
0.048034 
0.056191 
0.045513 
0.069925 
0.069071 
0.061908 
0.097500 
0.085759 
0.088249 
0.123750 
0.088039 
0.112957 
0.149102 
0.103066 
0.161538 
0.177958 
0.131777 
0.193358 
0.170266 
0.147563 
0.198957 
0.147289 
0.158080 
0.191626 
0.134263 
0.173886 
0.162689 
0.125690 
0.196013 
0.151339 
0.139520 
0.188826 
0.121631 
0.151352 
0.175685 
0.111712 
0.167558 
0.162151 
0.107877 
0.177557 
0.151113 
0.109804 
0.171853 
0.137794 
0.097606 
0.109256 
0.089517 
0.059804 
0.064790 
0.070157 
0.047738 
0.036994 
0.053664 
0.046104 
0.031128 
0.025122 
0.038265 
0.033533 
0.023741 
0.015843 
0.021542 
0.029610 
0.020135 
0.014986 
0.011028 
0.009020 
0.006629 
0.004700 
0.008460 
0.009063 
0.006110 
0.004576 
0.003463 
0.002797 
0.001937 
0.001669 
0.004217 
0.003921 
0.002663 
0.001961 
0.002254 
0.002105 
0.001432 
0.001072 
0.000767 
0.000558 
0.000405 
0.000293 
0.000213 
0.000154 
0.000112 
0.000081 
0.000059 
0.000043 
0.000031 
0.000022 
0.000016 
0.000012 
0.000009 
0.000003 
0.000015 
0.000026 
0.000997 
0.003203 
0.004255 
0.004458 
0.007178 
0.023584 
0.026698 
0.034540 
0.060463 
0.065305 
0.057986 
0.043536 
0.039230 
0.046553 
0.038319 
0.031683 
0.025441 
0.064389 
0.087337 
0.068275 
0.150298 
0.157043 
0.100992 
0.116119 
0.186989 
0.138801 
0.091838 
0.148756 
0.165029 
0.127769 
0.110524 
0.162379 
0.141670 
0.098070 
0.080946 
0.132787 
0.113871 
0.078221 
0.057692 
0.104363 
0.100559 
0.069770 
0.045641 
0.076786 
0.117663 
0.081230 
0.060197 
0.043830 
0.051785 
0.044586 
0.030795 
0.022843 
0.017349 
0.013263 
0.009513 
0.006929 
0.005017 
0.003640 
0.002737 
0.003958 
0.005564 
0.004249 
0.002810 
0.003114 
0.004737 
0.003439 
0.002362 
0.003377 
0.003519 
0.002377 
0.001716 
0.001698 
0.001760 
0.001204 
0.000894 
0.000708 
0.000553 
0.000371 
0.000359 
0.000665 
0.000552 
0.000341 
0.000442 
0.000803 
0.000599 
0.000392 
0.000462 
0.000807 
0.000592 
0.000415 
0.000350 
0.000425 
0.000439 
0.000552 
0.000451 
0.000919 
0.001100 
0.000772 
0.000589 
0.000452 
0.000279 
0.002614 
0.000397 
0.037844 
0.099807 
0.090818 
0.074730 
0.083844 
0.075582 
0.056347 
0.040789 
0.040237 
0.048104 
0.044083 
0.039434 
0.027311 
0.025569 
0.038368 
0.044141 
0.043781 
0.039488 
0.031290 
0.035277 
0.031477 
0.030281 
0.030343 
0.034600 
0.040232 
0.034079 
0.020874 
0.082926 
0.111915 
0.069060 
0.069311 
0.162787 
0.142790 
0.089000 
0.106872 
0.166161 
0.120357 
0.079160 
0.121439 
0.150795 
0.100680 
0.075596 
0.139569 
0.140817 
0.090064 
0.084540 
0.132869 
0.114581 
0.074731 
0.080600 
0.126783 
0.093329 
0.066532 
0.053267 
0.083883 
0.075634 
0.052716 
0.036536 
0.047506 
0.062838 
0.046035 
0.031967 
0.032833 
0.043378 
0.034064 
0.021903 
0.039578 
0.056344 
0.041573 
0.028081 
0.054584 
0.086150 
0.062254 
0.049639 
0.088979 
0.091601 
0.063772 
0.056603 
0.114610 
0.114930 
0.082546 
0.073202 
0.139504 
0.123705 
0.082001 
0.079052 
0.130154 
0.123244 
0.091892 
0.076006 
0.133496 
0.129204 
0.089120 
0.086890 
0.143558 
0.145674 
0.111096 
0.096891 
0.150483 
0.140146 
0.096819 
0.097535 
0.165787 
0.149340 
0.113306 
0.106388 
0.165799 
0.150543 
0.119048 
0.108162 
0.157923 
0.141074 
0.097945 
0.091206 
0.146367 
0.129949 
0.090845 
0.097813 
0.144560 
0.152681 
0.121892 
0.138298 
0.183955 
0.148209 
0.113121 
0.121255 
0.147182 
0.130104 
0.109856 
0.138374 
0.134521 
0.114529 
0.105700 
0.157956 
0.126176 
0.087484 
0.127469 
0.144410 
0.100297 
0.087757 
0.141657 
0.126177 
0.083042 
0.135373 
0.189277 
0.138591 
0.103037 
0.153973 
0.147755 
0.092114 
0.122598 
0.196388 
0.159371 
0.112269 
0.164729 
0.168747 
0.109472 
0.111739 
0.174343 
0.135688 
0.088285 
0.140654 
0.161652 
0.103288 
0.093592 
0.145031 
0.116028 
0.079819 
0.066447 
0.066005 
0.048657 
0.034357 
0.030941 
0.058435 
0.071664 
0.048050 
0.064682 
0.083573 
0.057046 
0.060428 
0.112923 
0.090810 
0.060336 
0.129759 
0.148005 
0.091901 
0.097506 
0.166899 
0.131782 
0.086301 
0.137537 
0.161051 
0.097607 
0.120063 
0.217691 
0.164805 
0.119398 
0.200907 
0.191596 
0.121855 
0.194323 
0.221456 
0.136342 
0.165231 
0.213385 
0.134751 
0.146396 
0.241190 
0.175007 
0.137264 
0.198900 
0.159232 
0.118951 
0.185718 
0.164005 
0.106949 
0.207940 
0.208328 
0.136085 
0.210658 
0.209070 
0.135155 
0.170622 
0.183246 
0.112924 
0.167398 
0.214969 
0.136163 
0.163122 
0.208545 
0.138801 
0.137511 
0.205385 
0.156755 
0.129014 
0.179393 
0.142755 
0.104831 
0.164895 
0.156916 
0.103506 
0.152151 
0.186095 
0.134076 
0.132501 
0.163806 
0.133409 
0.102433 
0.154421 
0.170251 
0.112831 
0.120979 
0.165238 
0.122590 
0.088085 
0.140396 
0.145735 
0.092004 
0.117016 
0.146403 
0.115490 
0.085731 
0.132956 
0.149668 
0.107712 
0.091573 
0.101002 
0.082239 
0.063966 
0.097552 
0.103468 
0.069920 
0.060467 
0.096676 
0.084280 
0.055636 
0.071308 
0.094767 
0.081861 
0.066955 
0.096508 
0.095139 
0.064482 
0.057884 
0.077893 
0.070210 
0.045635 
0.065873 
0.098364 
0.079446 
0.060884 
0.073096 
0.066910 
0.044865 
0.049306 
0.072981 
0.057227 
0.041624 
0.055575 
0.063136 
0.042843 
0.035377 
0.064035 
0.058270 
0.039408 
0.053888 
0.059112 
0.039751 
0.035192 
0.052536 
0.040798 
0.033311 
0.071257 
0.075309 
0.047102 
0.048310 
0.056727 
0.037032 
0.034376 
0.054227 
0.040053 
0.033199 
0.057209 
0.050906 
0.047335 
0.064730 
0.057989 
0.038608 
0.043090 
0.038512 
0.025144 
0.036474 
0.035830 
0.026113 
0.040566 
0.037252 
0.025489 
0.027793 
0.023145 
0.018474 
0.033270 
0.030401 
0.021315 
0.022281 
0.016478 
0.015616 
0.023445 
0.016122 
0.019847 
0.023145 
0.015375 
0.016878 
0.015235 
0.012566 
0.014967 
0.011279 
0.010217 
0.011431 
0.008403 
0.008071 
0.006579 
0.006789 
0.005560 
0.004132 
0.004512 
0.003249 
0.003608 
0.003692 
0.003164 
0.002830 
0.001937 
0.001441 
0.001039 
0.000958 
0.000936 
0.000689 
0.000497 
0.000362 
0.000261 
0.000190 
0.000138 
0.000100 
0.000072 
0.000052 
0.000038 
0.000028 
0.000020 
0.000014 
0.000010 
0.000008 
0.000006 
0.000004 
0.000003 
0.000002 
0.000000 
0.000003 
0.000017 
0.000193 
0.000767 
0.001245 
0.001237 
0.001206 
0.001822 
0.002652 
0.003068 
0.002626 
0.002902 
0.002402 
0.003925 
0.006852 
0.008752 
0.010117 
0.009090 
0.010496 
0.011247 
0.009544 
0.009549 
0.009319 
0.008089 
0.007563 
0.008309 
0.010046 
0.009408 
0.009736 
0.011417 
0.013601 
0.012962 
0.014515 
0.016019 
0.015598 
0.019360 
0.017855 
0.026046 
0.030822 
0.031686 
0.032259 
0.027800 
0.038041 
0.035017 
0.032925 
0.028438 
0.023341 
0.027496 
0.028596 
0.036725 
0.028537 
0.020146 
0.025711 
0.048646 
0.067170 
0.066005 
0.048787 
0.037955 
0.031030 
0.048309 
0.064157 
0.060288 
0.052201 
0.043206 
0.040138 
0.036732 
0.034499 
0.024775 
0.022527 
0.025535 
0.023607 
0.028047 
0.022479 
0.020196 
0.020273 
0.023356 
0.020548 
0.018369 
0.021640 
0.020417 
0.017295 
0.022658 
0.024483 
0.020234 
0.017212 
0.017743 
0.019539 
0.019491 
0.015629 
0.015041 
0.019486 
0.017941 
0.016961 
0.016810 
0.013937 
0.012059 
0.015597 
0.012974 
0.012231 
0.014791 
0.018071 
0.021733 
0.019094 
0.019298 
0.021382 
0.018583 
0.022660 
0.023078 
0.030351 
0.026863 
0.020554 
0.021723 
0.020554 
0.023728 
0.027642 
0.028459 
0.025128 
0.020788 
0.019016 
0.017167 
0.017956 
0.013841 
0.011930 
0.015238 
0.022036 
0.020033 
0.016255 
0.018256 
0.017182 
0.013611 
0.017084 
0.023051 
0.023952 
0.033350 
0.042329 
0.043651 
0.047747 
0.036578 
0.026492 
0.040565 
0.054660 
0.072867 
0.104521 
0.144287 
0.285343 
0.262607 
0.262038 
0.268026 
0.266706 
0.255223 
0.261889 
0.261786 
0.232938 
0.250431 
0.274284 
0.292943 
0.295077 
0.278577 
0.290349 
0.285957 
0.291951 
0.279608 
0.283534 
0.300748 
0.289138 
0.269487 
0.258625 
0.261512 
0.242374 
0.231177 
0.213805 
0.231585 
0.207436 
0.219702 
0.220683 
0.225797 
0.257630 
0.234452 
0.223548 
0.186830 
0.203684 
0.196024 
0.194211 
0.213770 
0.217270 
0.219234 
0.203211 
0.212303 
0.194042 
0.209952 
0.210895 
0.208673 
0.217339 
0.185676 
0.214898 
0.199935 
0.209735 
0.207005 
0.215849 
0.223807 
0.194967 
0.216624 
0.185999 
0.224578 
0.220651 
0.216948 
0.215220 
0.197158 
0.220989 
0.172692 
0.213152 
0.183474 
0.195750 
0.189898 
0.166824 
0.188845 
0.156370 
0.196373 
0.180460 
0.184856 
0.189985 
0.185149 
0.200173 
0.196524 
0.208389 
0.193336 
0.189047 
0.190352 
0.178791 
0.178591 
0.169959 
0.190136 
0.218138 
0.189842 
0.217076 
0.210972 
0.183250 
0.222351 
0.188857 
0.221083 
0.218424 
0.212260 
0.241582 
0.212763 
0.239860 
0.236932 
0.222759 
0.252710 
0.219063 
0.232468 
0.257099 
0.231714 
0.237526 
0.211933 
0.196156 
0.165982 
0.160453 
0.199921 
0.194766 
0.207407 
0.174110 
0.171603 
0.170383 
0.165258 
0.155587 
0.154162 
0.179391 
0.148094 
0.145601 
0.141410 
0.148851 
0.157066 
0.178216 
0.167357 
0.168916 
0.150990 
0.159082 
0.132162 
0.130872 
0.113768 
0.117698 
0.108682 
0.094471 
0.083275 
0.057565 
0.043099 
0.029624 
0.028326 
0.030971 
0.022273 
0.023987 
0.019142 
0.014391 
0.012922 
0.009705 
0.013843 
0.012541 
0.008604 
0.008559 
0.007133 
0.006600 
0.004839 
0.003910 
0.006080 
0.005053 
0.003651 
0.002693 
0.001933 
0.001417 
0.000992 
0.000857 
0.000889 
0.000888 
0.001159 
0.000988 
0.001629 
0.001330 
0.001053 
0.000842 
0.000656 
0.000542 
0.000528 
0.000542 
0.000471 
0.000399 
0.000424 
0.000611 
0.000513 
0.000636 
0.000533 
0.000539 
0.000418 
0.000375 
0.000295 
0.000301 
0.000242 
0.000225 
0.000183 
0.000190 
0.000059 
0.000539 
0.001142 
0.000792 
0.000587 
0.000424 
0.000307 
0.000223 
0.000161 
0.000117 
0.000085 
0.000062 
0.000047 
0.000036 
0.000039 
0.000148 
0.000601 
0.000660 
0.001684 
0.005301 
0.001778 
0.042100 
0.130125 
0.132856 
0.103810 
0.080769 
0.060405 
0.054397 
0.042020 
0.030661 
0.034854 
0.044377 
0.068150 
0.075993 
0.097602 
0.116593 
0.121940 
0.127712 
0.139112 
0.142024 
0.159227 
0.166370 
0.187666 
0.207681 
0.197621 
0.214236 
0.204945 
0.210265 
0.207019 
0.225378 
0.221095 
0.224141 
0.236164 
0.226947 
0.252438 
0.247159 
0.266231 
0.249410 
0.244440 
0.244377 
0.238687 
0.245767 
0.241883 
0.246926 
0.229784 
0.250248 
0.249079 
0.252970 
0.243024 
0.235960 
0.249834 
0.240166 
0.243241 
0.235361 
0.253496 
0.245678 
0.259393 
0.260665 
0.264036 
0.251793 
0.245599 
0.253827 
0.245146 
0.243986 
0.228720 
0.243085 
0.229790 
0.238903 
0.226437 
0.241199 
0.244647 
0.244897 
0.244189 
0.240744 
0.252970 
0.252193 
0.265689 
0.252513 
0.248718 
0.241877 
0.262152 
0.250069 
0.266185 
0.248652 
0.246930 
0.254224 
0.250227 
0.247169 
0.241565 
0.261716 
0.248802 
0.229726 
0.223651 
0.238706 
0.233551 
0.238456 
0.241971 
0.251310 
0.243013 
0.259211 
0.258719 
0.248376 
0.266048 
0.257047 
0.263798 
0.254728 
0.263207 
0.262329 
0.256428 
0.251393 
0.263778 
0.261225 
0.240804 
0.239840 
0.238658 
0.249845 
0.228568 
0.236359 
0.224909 
0.234880 
0.224953 
0.241034 
0.244574 
0.240250 
0.213566 
0.207476 
0.204872 
0.200265 
0.197606 
0.192248 
0.196548 
0.189846 
0.179027 
0.179903 
0.175283 
0.168703 
0.163598 
0.169848 
0.167228 
0.157136 
0.129642 
0.117149 
0.101489 
0.082207 
0.070416 
0.058991 
0.065057 
0.057828 
0.063261 
0.058196 
0.063740 
0.057703 
0.057060 
0.055123 
0.053272 
0.054968 
0.052418 
0.053345 
0.049855 
0.054011 
0.049772 
0.052807 
0.050798 
0.053197 
0.052900 
0.052099 
0.054549 
0.051418 
0.054297 
0.050132 
0.052093 
0.048849 
0.051062 
0.072414 
0.079576 
0.076047 
0.089254 
0.085328 
0.088644 
0.110098 
0.131304 
0.169845 
0.185519 
0.220240 
0.249586 
0.251624 
0.255860 
0.257851 
0.257453 
0.254866 
0.256537 
0.251629 
0.249324 
0.250143 
0.236800 
0.227102 
0.220765 
0.219635 
0.208895 
0.199225 
0.194333 
0.193781 
0.204827 
0.196481 
0.204975 
0.199525 
0.201583 
0.203625 
0.209691 
0.205206 
0.205807 
0.203099 
0.206017 
0.214165 
0.206787 
0.208528 
0.197466 
0.198399 
0.192937 
0.200828 
0.192496 
0.194785 
0.196630 
0.194170 
0.188489 
0.174334 
0.183542 
0.179981 
0.182388 
0.164859 
0.172884 
0.165000 
0.165322 
0.154869 
0.149001 
0.148217 
0.141996 
0.140121 
0.127983 
0.114264 
0.101310 
0.083029 
0.085023 
0.086116 
0.080238 
0.079127 
0.080494 
0.077358 
0.080306 
0.072625 
0.080354 
0.073026 
0.077012 
0.069505 
0.074122 
0.067730 
0.073169 
0.068240 
0.072343 
0.067193 
0.059471 
0.071213 
0.076915 
0.085212 
0.085572 
0.092361 
0.098862 
0.120017 
0.138697 
0.210864 
0.228895 
0.238714 
0.245918 
0.221658 
0.220018 
0.237599 
0.254634 
0.249242 
0.258669 
0.256884 
0.255263 
0.260275 
0.270178 
0.265753 
0.259923 
0.281851 
0.288750 
0.288824 
0.273684 
0.281198 
0.287819 
0.292225 
0.280438 
0.292845 
0.286917 
0.289398 
0.283059 
0.285915 
0.280959 
0.263442 
0.263400 
0.267840 
0.265823 
0.250301 
0.243951 
0.240389 
0.219364 
0.203612 
0.206200 
0.190962 
0.182140 
0.173658 
0.166139 
0.156468 
0.158790 
0.148191 
0.141414 
0.138959 
0.137991 
0.150789 
0.136131 
0.129391 
0.134844 
0.129500 
0.120454 
0.124487 
0.133314 
0.122565 
0.108827 
0.107665 
0.096555 
0.087683 
0.072009 
0.060847 
0.052217 
0.048714 
0.036436 
0.028355 
0.024302 
0.022919 
0.018531 
0.016977 
0.014199 
0.012477 
0.012584 
0.012193 
0.013262 
0.011098 
0.009435 
0.006852 
0.005266 
0.003967 
0.003057 
0.003018 
0.002588 
0.002688 
0.002470 
0.002432 
0.002159 
0.002119 
0.001708 
0.001360 
0.001278 
0.001162 
0.001114 
0.000975 
0.000877 
0.000838 
0.000681 
0.000475 
0.000352 
0.000253 
0.000181 
0.000142 
0.000153 
0.001487 
0.004277 
0.007988 
0.006213 
0.021711 
0.057661 
0.049041 
0.069660 
0.072880 
0.055016 
0.049938 
0.047092 
0.057057 
0.070923 
0.092450 
0.106159 
0.151615 
0.185478 
0.232090 
0.269056 
0.288541 
0.284181 
0.286258 
0.291116 
0.271517 
0.260099 
0.250514 
0.233124 
0.215949 
0.197804 
0.195889 
0.191402 
0.186569 
0.189383 
0.182673 
0.175415 
0.177088 
0.188869 
0.199326 
0.195088 
0.189417 
0.194481 
0.199590 
0.211349 
0.209073 
0.217864 
0.227778 
0.245313 
0.242755 
0.225798 
0.231039 
0.223889 
0.219398 
0.204506 
0.192855 
0.203069 
0.200961 
0.191939 
0.188653 
0.188211 
0.180863 
0.166967 
0.160643 
0.147396 
0.138732 
0.126422 
0.106089 
0.075781 
0.056076 
0.041799 
0.032016 
0.024728 
0.019409 
0.017465 
0.015598 
0.020767 
0.022442 
0.022469 
0.021476 
0.021052 
0.023211 
0.021997 
0.023123 
0.022516 
0.022591 
0.023763 
0.024417 
0.019738 
0.020537 
0.026437 
0.028255 
0.026625 
0.026103 
0.026288 
0.029879 
0.029813 
0.028606 
0.027477 
0.027724 
0.031721 
0.030490 
0.029311 
0.029960 
0.030139 
0.033868 
0.034528 
0.035988 
0.036688 
0.035575 
0.037007 
0.034667 
0.033640 
0.035707 
0.036833 
0.042335 
0.043948 
0.047366 
0.054934 
0.081897 
0.101477 
0.137820 
0.173608 
0.232145 
0.253439 
0.258909 
0.239489 
0.220052 
0.270775 
0.262617 
0.229684 
0.241924 
0.249834 
0.239032 
0.251987 
0.266005 
0.254254 
0.256512 
0.262970 
0.260619 
0.252642 
0.247538 
0.248650 
0.241545 
0.247989 
0.259084 
0.246012 
0.239400 
0.233089 
0.230305 
0.234192 
0.228711 
0.225957 
0.227780 
0.227924 
0.222118 
0.228432 
0.224152 
0.228097 
0.231060 
0.220510 
0.217313 
0.223836 
0.216540 
0.213723 
0.216292 
0.205997 
0.199621 
0.188560 
0.174494 
0.171602 
0.160704 
0.154142 
0.145012 
0.130912 
0.117181 
0.116183 
0.110588 
0.104575 
0.094973 
0.090409 
0.081741 
0.068624 
0.060177 
0.053077 
0.042892 
0.040528 
0.037578 
0.034025 
0.030013 
0.031139 
0.028575 
0.030494 
0.026715 
0.026294 
0.021414 
0.021309 
0.018642 
0.017032 
0.014456 
0.013215 
0.016569 
0.018506 
0.018869 
0.017651 
0.018440 
0.018437 
0.021575 
0.022404 
0.026607 
0.029832 
0.034028 
0.041592 
0.044457 
0.055171 
0.059435 
0.069224 
0.075869 
0.081644 
0.105577 
0.110871 
0.112659 
0.142258 
0.168312 
0.179439 
0.185644 
0.207366 
0.193624 
0.186681 
0.175232 
0.168210 
0.165509 
0.159004 
0.144827 
0.147054 
0.141802 
0.142205 
0.146942 
0.149173 
0.146667 
0.145708 
0.151924 
0.144231 
0.142166 
0.143914 
0.139573 
0.138184 
0.146158 
0.155053 
0.169020 
0.145918 
0.147901 
0.160423 
0.163580 
0.166779 
0.171454 
0.161659 
0.158393 
0.162813 
0.161040 
0.154132 
0.163523 
0.167322 
0.171876 
0.165185 
0.170401 
0.152685 
0.171107 
0.156333 
0.157980 
0.143818 
0.171198 
0.163510 
0.174134 
0.151891 
0.178714 
0.172500 
0.180317 
0.157988 
0.174298 
0.167785 
0.192376 
0.203757 
0.189679 
0.191161 
0.190410 
0.198251 
0.179912 
0.175728 
0.176542 
0.180081 
0.165253 
0.168107 
0.168545 
0.179561 
0.180106 
0.162858 
0.163251 
0.146540 
0.170645 
0.141972 
0.163601 
0.136280 
0.144806 
0.133747 
0.123598 
0.117773 
0.114685 
0.137975 
0.113624 
0.135084 
0.106158 
0.133695 
0.102965 
0.138274 
0.118951 
0.127151 
0.116960 
0.114259 
0.137347 
0.105254 
0.135491 
0.101095 
0.130881 
0.111821 
0.109991 
0.122418 
0.092315 
0.122484 
0.088060 
0.115846 
0.112123 
0.098141 
0.126491 
0.087056 
0.116328 
0.097433 
0.094989 
0.116184 
0.082556 
0.117524 
0.091410 
0.095120 
0.112333 
0.080902 
0.119388 
0.090448 
0.099319 
0.120650 
0.084954 
0.125721 
0.097565 
0.108356 
0.123971 
0.090603 
0.138213 
0.103796 
0.114134 
0.129376 
0.095908 
0.139025 
0.101820 
0.123368 
0.131250 
0.100314 
0.142745 
0.103308 
0.131272 
0.122037 
0.105652 
0.136884 
0.094293 
0.133419 
0.113304 
0.109567 
0.130088 
0.091119 
0.114266 
0.091959 
0.072268 
0.063493 
0.041677 
0.058776 
0.058294 
0.039744 
0.048034 
0.035810 
0.043692 
0.063086 
0.047530 
0.083006 
0.079662 
0.072529 
0.103985 
0.076559 
0.115538 
0.141679 
0.160521 
0.223041 
0.193589 
0.223491 
0.205115 
0.214484 
0.208180 
0.218973 
0.233215 
0.229286 
0.239452 
0.219581 
0.257969 
0.242659 
0.266181 
0.255460 
0.269662 
0.256453 
0.284456 
0.265699 
0.266445 
0.246782 
0.240886 
0.212278 
0.215196 
0.207802 
0.203053 
0.193411 
0.198124 
0.189354 
0.190804 
0.214727 
0.191789 
0.212030 
0.194770 
0.195316 
0.187358 
0.194976 
0.187252 
0.192078 
0.177528 
0.205647 
0.183701 
0.194228 
0.173241 
0.185123 
0.175039 
0.193640 
0.192022 
0.179198 
0.167238 
0.169662 
0.162196 
0.180668 
0.177841 
0.188721 
0.171058 
0.175927 
0.164113 
0.169906 
0.150750 
0.153726 
0.137962 
0.141353 
0.130836 
0.163945 
0.161966 
0.155346 
0.144702 
0.143270 
0.133352 
0.141041 
0.133166 
0.122136 
0.114929 
0.116881 
0.113849 
0.113381 
0.108147 
0.108973 
0.101987 
0.092556 
0.080027 
0.062676 
0.052489 
0.041341 
0.046947 
0.043096 
0.050435 
0.050394 
0.053934 
0.054829 
0.051726 
0.053304 
0.048956 
0.051018 
0.048527 
0.053549 
0.052055 
0.061285 
0.053335 
0.058440 
0.054593 
0.065310 
0.056683 
0.062672 
0.056339 
0.065634 
0.056612 
0.065589 
0.055467 
0.065534 
0.054999 
0.063705 
0.052957 
0.061415 
0.050876 
0.060229 
0.049090 
0.056810 
0.046001 
0.056308 
0.045820 
0.051723 
0.042046 
0.049549 
0.040935 
0.045691 
0.040496 
0.040998 
0.038240 
0.035361 
0.035552 
0.030552 
0.034163 
0.026542 
0.031768 
0.023709 
0.027705 
0.022188 
0.024078 
0.021635 
0.019892 
0.018944 
0.014809 
0.011424 
0.012809 
0.026678 
0.019718 
0.036179 
0.036994 
0.045046 
0.052376 
0.083406 
0.125705 
0.131674 
0.157905 
0.183171 
0.182136 
0.182078 
0.150264 
0.147397 
0.186401 
0.167123 
0.162618 
0.160416 
0.197360 
0.169396 
0.180619 
0.163057 
0.191243 
0.183153 
0.206286 
0.197876 
0.203511 
0.187312 
0.205129 
0.198554 
0.222141 
0.204045 
0.216949 
0.231477 
0.222361 
0.236321 
0.222414 
0.221234 
0.192576 
0.204931 
0.195066 
0.216207 
0.199100 
0.188822 
0.172942 
0.164960 
0.170927 
0.172329 
0.176082 
0.143846 
0.191971 
0.194838 
0.198236 
0.217833 
0.195141 
0.180466 
0.166695 
0.202217 
0.197928 
0.202757 
0.222745 
0.200971 
0.213073 
0.190604 
0.208231 
0.190776 
0.176082 
0.188769 
0.152691 
0.141606 
0.130489 
0.131427 
0.142512 
0.125448 
0.133164 
0.108367 
0.119145 
0.125880 
0.102117 
0.112057 
0.098969 
0.090252 
0.095515 
0.088107 
0.115811 
0.096925 
0.101544 
0.112949 
0.090711 
0.108965 
0.100630 
0.080497 
0.096788 
0.074881 
0.083983 
0.092300 
0.069972 
0.087216 
0.072223 
0.069526 
0.087103 
0.066595 
0.088605 
0.085753 
0.070963 
0.083654 
0.064055 
0.077579 
0.085005 
0.061431 
0.080443 
0.074463 
0.063501 
0.098365 
0.079050 
0.071048 
0.098590 
0.079406 
0.080409 
0.106833 
0.084988 
0.086662 
0.113323 
0.094175 
0.085089 
0.108324 
0.097685 
0.083462 
0.094241 
0.091191 
0.077035 
0.096085 
0.112933 
0.086778 
0.083604 
0.094140 
0.076325 
0.072486 
0.091943 
0.080905 
0.073900 
0.096899 
0.088656 
0.072283 
0.086315 
0.088380 
0.060545 
0.069480 
0.090237 
0.063282 
0.069060 
0.092057 
0.067936 
0.060569 
0.081446 
0.064150 
0.055083 
0.081307 
0.071645 
0.054942 
0.080326 
0.080006 
0.054818 
0.065967 
0.074915 
0.050727 
0.054681 
0.070978 
0.053462 
0.048778 
0.076229 
0.068176 
0.050516 
0.070851 
0.087763 
0.071302 
0.061566 
0.091237 
0.094330 
0.073886 
0.085354 
0.116256 
0.101975 
0.075566 
0.103101 
0.120977 
0.098539 
0.086978 
0.132044 
0.134368 
0.103486 
0.110795 
0.160982 
0.141206 
0.106699 
0.140749 
0.177998 
0.158708 
0.125334 
0.180240 
0.210069 
0.169473 
0.145731 
0.204229 
0.208368 
0.162789 
0.157413 
0.210041 
0.192219 
0.145401 
0.162736 
0.202462 
0.170047 
0.133096 
0.179945 
0.174735 
0.121051 
0.163106 
0.214251 
0.154809 
0.137869 
0.212028 
0.190075 
0.145839 
0.210496 
0.225197 
0.170631 
0.196150 
0.222198 
0.160873 
0.180017 
0.236792 
0.165765 
0.170256 
0.246756 
0.170696 
0.173157 
0.238470 
0.164395 
0.197481 
0.230529 
0.163056 
0.230530 
0.219711 
0.197281 
0.268040 
0.211999 
0.238689 
0.249836 
0.215166 
0.296570 
0.232893 
0.222423 
0.210395 
0.192868 
0.214395 
0.199229 
0.231923 
0.192784 
0.237002 
0.201769 
0.235787 
0.219761 
0.242819 
0.229582 
0.244778 
0.238348 
0.238434 
0.234437 
0.246792 
0.253877 
0.239633 
0.241491 
0.248730 
0.282135 
0.284510 
0.291020 
0.270171 
0.273162 
0.266512 
0.276082 
0.284470 
0.280134 
0.269633 
0.253696 
0.259847 
0.253798 
0.267411 
0.244228 
0.261380 
0.253112 
0.260974 
0.249589 
0.245955 
0.229449 
0.223119 
0.222743 
0.220852 
0.211129 
0.213807 
0.218037 
0.222135 
0.204029 
0.204377 
0.203582 
0.189760 
0.203571 
0.206333 
0.197179 
0.179818 
0.196625 
0.188864 
0.174436 
0.178249 
0.170558 
0.170624 
0.162964 
0.159086 
0.160954 
0.154820 
0.147929 
0.135318 
0.122816 
0.120042 
0.110290 
0.092846 
0.096238 
0.091290 
0.084180 
0.080963 
0.082979 
0.091272 
0.088370 
0.081613 
0.086043 
0.080883 
0.093918 
0.097041 
0.113309 
0.115538 
0.115363 
0.113309 
0.095992 
0.086603 
0.093941 
0.081621 
0.072034 
0.055462 
0.044143 
0.034419 
0.038724 
0.039081 
0.027603 
0.021235 
0.017453 
0.017782 
0.032427 
0.031463 
0.033024 
0.034334 
0.028214 
0.025416 
0.022064 
0.018951 
0.020542 
0.019360 
0.019423 
0.017850 
0.014083 
0.015302 
0.013131 
0.009501 
0.011570 
0.012916 
0.012453 
0.016808 
0.021693 
0.020604 
0.018511 
0.015099 
0.016360 
0.014393 
0.010584 
0.008266 
0.006489 
0.005703 
0.007780 
0.008177 
0.007839 
0.013905 
0.013084 
0.011409 
0.012743 
0.013292 
0.011218 
0.008760 
0.006855 
0.008569 
0.009466 
0.007529 
0.007866 
0.005584 
0.004327 
0.004487 
0.005576 
0.005393 
0.003816 
0.003500 
0.003563 
0.002875 
0.002957 
0.003342 
0.002358 
0.002038 
0.001572 
0.001617 
0.001879 
0.001499 
0.001104 
0.000827 
0.001275 
0.001100 
0.000747 
0.000577 
0.000475 
0.000413 
0.000385 
0.000315 
0.000443 
0.000443 
0.000334 
0.000265 
0.000229 
0.000172 
0.000133 
0.000143 
0.000124 
0.000108 
0.000079 
0.000057 
0.000042 
0.000030 
0.000027 
0.000028 
0.000027 
0.000027 
0.000031 
0.000031 
0.000029 
0.000024 
0.000017 
0.000013 
0.000009 
0.000007 
0.000005 
0.000003 
0.000003 
0.000002 
0.000001 
0.000001 
0.000001 
0.000001 
0.000000 
0.000000 
0.000000 
0.000000 
0.000000 
0.000000 
0.000000 
0.000000 
0.000000 
-0.000000 
0.000000 
-0.000000 
0.000002 
0.000005 
0.000003 
0.000002 
0.000002 
0.000001 
0.000001 
0.000001 
0.000000 
0.000000 
0.000000 
0.000000 
0.000000 
0.000000 
0.000000 
0.000000 
0.000000 
0.000000 
0.000000 
0.000000 
0.000000 
0.000000 
0.000000 
0.000000 
0.000000 
-0.000000 
0.000000 
-0.000000 
0.000001 
0.000003 
0.000002 
0.000001 
0.000001 
0.000001 
0.000000 
0.000000 
0.000000 
0.000000 
0.000000 
0.000000 
0.000000 
0.000000 
0.000000 
0.000000 
0.000000 
0.000000 
0.000000 
0.000000 
0.000000 
0.000000 
0.000000 
0.000000 
0.000000 
0.000000 
0.000000 
0.000000 
0.000000 
0.000000 
0.000000 
0.000000 
0.000000 
0.000000 
0.000000 
0.000000 
0.000000 
0.000000 
0.000000 
0.000000 
0.000000 
0.000000 
0.000000 
0.000000 
0.000000 
0.000000 
