[ASCII 1000Hz, Channels: 1, Samples: 4356, Flags: 0]                          
0.000000 
0.000000 
0.000000 
0.000000 
0.000000 
0.000000 
0.000000 
0.000000 
0.000000 
0.000000 
0.000000 
0.000000 
0.000000 
0.000000 
0.000000 
0.000000 
0.000000 
0.000000 
0.000000 
0.000000 
0.000000 
0.000000 
0.000000 
0.000000 
0.000000 
0.000000 
0.000000 
0.000000 
0.000000 
0.000000 
0.000000 
0.000000 
0.000000 
0.000000 
0.000000 
0.000000 
0.000000 
0.000000 
0.000000 
0.000000 
0.000000 
0.000000 
0.000000 
0.000000 
0.000000 
0.000000 
0.000000 
0.000000 
0.000000 
0.000000 
0.000000 
0.000000 
0.000000 
0.000000 
0.000000 
0.000000 
0.000000 
0.000000 
0.000000 
0.000000 
0.000000 
0.000000 
0.000000 
0.000000 
0.000000 
0.000000 
0.000000 
0.000000 
0.000000 
0.000000 
0.000000 
0.000000 
0.000000 
0.000000 
0.000000 
0.000000 
0.000000 
0.000000 
0.000000 
0.000000 
0.000000 
0.000000 
0.000000 
-0.000000 
-0.000000 
0.000000 
-0.000000 
0.000000 
-0.000000 
0.000002 
0.000005 
0.000003 
0.000002 
0.000002 
0.000001 
0.000001 
0.000001 
0.000000 
0.000000 
0.000000 
0.000000 
0.000000 
0.000000 
0.000000 
0.000000 
0.000000 
0.000000 
0.000000 
0.000000 
-0.000000 
0.000000 
-0.000000 
0.000000 
0.000002 
0.000002 
0.000001 
0.000001 
0.000001 
0.000001 
0.000000 
0.000000 
0.000000 
0.000000 
0.000000 
0.000000 
0.000000 
0.000000 
0.000000 
0.000000 
0.000000 
0.000000 
0.000000 
0.000000 
0.000000 
0.000000 
0.000000 
0.000000 
-0.000000 
0.000000 
0.000000 
-0.000001 
0.000002 
-0.000005 
0.000058 
0.000229 
0.000428 
0.001497 
0.003160 
0.004052 
0.004299 
0.005793 
0.007126 
0.007498 
0.010604 
0.014363 
0.015840 
0.023336 
0.025418 
0.020341 
0.020617 
0.023357 
0.030319 
0.026893 
0.045239 
0.063397 
0.063070 
0.053423 
0.054431 
0.052892 
0.061951 
0.054620 
0.054440 
0.089272 
0.080487 
0.061006 
0.069639 
0.087866 
0.105276 
0.139453 
0.117671 
0.116307 
0.124074 
0.144906 
0.126418 
0.139294 
0.149891 
0.129926 
0.145463 
0.117418 
0.106903 
0.143605 
0.187929 
0.189640 
0.153665 
0.128717 
0.202062 
0.166511 
0.175623 
0.219517 
0.157506 
0.171886 
0.207875 
0.177237 
0.186334 
0.221777 
0.170959 
0.143847 
0.193878 
0.189880 
0.197813 
0.236079 
0.261670 
0.274047 
0.287368 
0.252082 
0.238241 
0.229750 
0.265464 
0.226175 
0.233384 
0.227425 
0.200758 
0.230370 
0.194040 
0.231767 
0.216102 
0.200993 
0.227883 
0.195187 
0.237188 
0.226445 
0.213917 
0.252690 
0.207330 
0.198680 
0.156293 
0.166624 
0.188858 
0.185897 
0.202857 
0.205627 
0.207704 
0.206440 
0.190716 
0.206077 
0.188438 
0.221435 
0.219650 
0.219825 
0.220644 
0.205082 
0.203357 
0.174871 
0.186625 
0.184442 
0.167865 
0.169848 
0.141983 
0.169734 
0.140510 
0.151303 
0.135579 
0.107971 
0.123749 
0.089624 
0.087638 
0.072593 
0.055721 
0.078945 
0.079953 
0.070714 
0.071495 
0.061193 
0.046993 
0.052818 
0.056445 
0.047476 
0.060687 
0.071757 
0.060313 
0.081961 
0.092070 
0.087993 
0.106125 
0.084100 
0.066846 
0.064738 
0.076075 
0.103245 
0.107327 
0.109327 
0.094024 
0.091944 
0.078439 
0.091972 
0.092136 
0.081357 
0.067087 
0.074376 
0.067659 
0.092856 
0.121284 
0.102804 
0.087895 
0.072141 
0.088987 
0.120544 
0.110336 
0.098904 
0.101097 
0.092293 
0.083467 
0.065872 
0.083074 
0.109047 
0.120088 
0.138599 
0.144556 
0.136347 
0.135718 
0.120029 
0.102923 
0.103909 
0.104960 
0.106113 
0.131638 
0.128408 
0.107555 
0.098194 
0.099870 
0.105198 
0.091585 
0.098234 
0.103649 
0.084902 
0.105790 
0.083059 
0.101215 
0.096275 
0.105224 
0.110811 
0.121453 
0.138785 
0.112669 
0.105645 
0.085171 
0.112931 
0.110145 
0.123028 
0.116740 
0.114302 
0.124369 
0.100658 
0.132786 
0.119663 
0.134639 
0.121546 
0.140623 
0.149672 
0.152274 
0.168450 
0.139381 
0.153214 
0.130739 
0.128487 
0.105277 
0.131483 
0.123787 
0.156998 
0.148207 
0.149234 
0.127776 
0.120544 
0.127719 
0.128833 
0.143679 
0.123896 
0.159249 
0.128031 
0.169559 
0.142548 
0.158345 
0.134795 
0.128669 
0.108752 
0.093109 
0.106023 
0.081625 
0.094385 
0.071812 
0.085003 
0.069947 
0.089232 
0.077216 
0.074588 
0.070466 
0.069557 
0.070662 
0.075347 
0.094147 
0.086770 
0.100796 
0.096278 
0.113828 
0.099677 
0.121697 
0.105800 
0.120276 
0.105433 
0.128077 
0.106060 
0.129764 
0.117264 
0.132260 
0.113937 
0.129812 
0.112916 
0.138044 
0.120514 
0.137054 
0.119601 
0.144699 
0.123273 
0.140480 
0.121131 
0.153667 
0.132706 
0.151974 
0.138954 
0.159858 
0.154731 
0.182170 
0.229040 
0.249301 
0.270845 
0.283994 
0.284525 
0.299684 
0.310979 
0.293541 
0.287693 
0.280443 
0.269885 
0.277546 
0.268160 
0.242520 
0.259636 
0.281878 
0.272181 
0.241704 
0.240850 
0.244002 
0.244997 
0.224558 
0.221531 
0.223403 
0.230164 
0.211486 
0.203196 
0.208922 
0.211089 
0.210355 
0.214341 
0.213564 
0.207331 
0.211914 
0.210655 
0.210334 
0.200315 
0.200614 
0.213894 
0.217698 
0.212282 
0.209642 
0.210414 
0.196319 
0.191696 
0.185976 
0.202816 
0.200947 
0.196349 
0.183488 
0.163845 
0.153299 
0.131965 
0.099216 
0.077022 
0.061818 
0.053850 
0.038050 
0.042426 
0.045527 
0.038483 
0.041135 
0.031974 
0.029976 
0.023365 
0.021392 
0.017070 
0.015322 
0.012487 
0.011372 
0.009792 
0.009423 
0.007751 
0.006703 
0.006556 
0.005348 
0.004388 
0.003804 
0.003566 
0.003988 
0.003598 
0.003301 
0.002662 
0.002361 
0.002224 
0.001599 
0.001496 
0.001393 
0.001064 
0.000766 
0.000558 
0.000403 
0.000293 
0.000212 
0.000154 
0.000112 
0.000081 
0.000059 
0.000042 
0.000031 
0.000022 
0.000016 
0.000013 
0.000018 
0.000218 
0.000717 
0.000987 
0.001192 
0.002293 
0.002629 
0.015527 
0.019156 
0.014162 
0.018386 
0.028738 
0.030034 
0.023856 
0.023876 
0.033780 
0.027460 
0.021068 
0.020479 
0.018860 
0.019821 
0.062533 
0.049340 
0.100360 
0.105604 
0.086670 
0.122439 
0.085288 
0.134904 
0.128419 
0.150580 
0.160314 
0.144139 
0.134266 
0.129269 
0.136003 
0.119060 
0.114254 
0.098195 
0.107860 
0.104367 
0.127634 
0.117481 
0.116759 
0.104094 
0.129157 
0.136862 
0.130585 
0.118446 
0.098620 
0.089805 
0.107296 
0.132977 
0.114385 
0.123558 
0.126563 
0.111491 
0.118267 
0.101221 
0.124725 
0.133126 
0.137567 
0.156049 
0.124342 
0.136546 
0.130510 
0.108679 
0.124644 
0.100090 
0.099863 
0.086299 
0.096684 
0.113278 
0.084844 
0.124911 
0.149026 
0.115001 
0.102041 
0.078148 
0.058865 
0.105815 
0.103670 
0.084698 
0.093218 
0.065743 
0.056826 
0.063076 
0.051714 
0.035308 
0.047127 
0.061420 
0.043719 
0.032950 
0.056171 
0.062788 
0.041735 
0.040464 
0.051669 
0.038151 
0.029896 
0.055324 
0.058470 
0.041831 
0.037624 
0.056706 
0.048840 
0.032810 
0.035573 
0.061944 
0.052998 
0.038431 
0.052755 
0.063602 
0.045555 
0.043511 
0.070503 
0.078766 
0.058443 
0.058894 
0.069856 
0.057106 
0.054968 
0.077708 
0.081292 
0.063227 
0.090228 
0.097143 
0.071185 
0.083096 
0.115654 
0.105790 
0.088603 
0.127209 
0.118132 
0.089289 
0.105198 
0.133460 
0.089641 
0.095834 
0.188216 
0.176925 
0.129870 
0.147720 
0.176874 
0.133433 
0.151029 
0.225723 
0.196458 
0.139020 
0.104241 
0.133156 
0.131020 
0.187709 
0.260236 
0.206554 
0.156776 
0.168525 
0.153611 
0.105468 
0.151345 
0.203161 
0.152842 
0.117680 
0.130356 
0.121775 
0.088510 
0.140768 
0.174075 
0.128204 
0.160006 
0.203404 
0.154962 
0.167478 
0.206938 
0.169270 
0.137503 
0.157911 
0.148729 
0.112366 
0.128811 
0.154242 
0.134603 
0.173068 
0.175396 
0.133123 
0.160485 
0.191204 
0.145644 
0.164869 
0.208581 
0.208535 
0.219212 
0.176138 
0.142392 
0.160829 
0.153558 
0.167767 
0.187054 
0.186261 
0.175123 
0.174147 
0.146604 
0.152677 
0.162334 
0.140145 
0.160037 
0.189972 
0.169712 
0.183275 
0.165629 
0.135100 
0.143429 
0.142732 
0.179506 
0.171113 
0.197088 
0.210729 
0.197811 
0.199244 
0.161368 
0.165223 
0.155390 
0.118656 
0.142011 
0.170094 
0.151913 
0.136987 
0.160008 
0.156562 
0.134102 
0.139594 
0.118844 
0.129047 
0.120202 
0.108733 
0.145105 
0.099446 
0.118073 
0.145977 
0.106093 
0.119188 
0.103699 
0.099668 
0.128182 
0.092383 
0.122513 
0.123117 
0.109139 
0.130293 
0.091024 
0.144557 
0.140882 
0.104674 
0.131437 
0.106042 
0.142194 
0.129167 
0.109892 
0.141365 
0.095643 
0.127970 
0.124612 
0.105124 
0.137171 
0.097257 
0.132867 
0.121218 
0.104083 
0.133373 
0.088891 
0.116517 
0.104649 
0.088531 
0.124173 
0.085876 
0.087263 
0.080698 
0.055706 
0.065690 
0.050413 
0.042133 
0.050784 
0.034318 
0.033536 
0.036694 
0.024166 
0.025526 
0.025255 
0.017433 
0.017353 
0.023048 
0.017011 
0.016177 
0.022071 
0.015586 
0.018450 
0.019406 
0.014875 
0.017971 
0.014896 
0.016855 
0.017649 
0.017475 
0.022576 
0.016535 
0.026248 
0.024532 
0.019966 
0.029785 
0.018173 
0.032216 
0.043636 
0.029090 
0.053858 
0.042334 
0.046737 
0.073361 
0.044834 
0.081932 
0.081334 
0.065391 
0.109586 
0.071671 
0.111884 
0.118677 
0.102833 
0.183771 
0.126646 
0.202426 
0.186892 
0.192443 
0.222323 
0.178933 
0.245287 
0.190116 
0.254365 
0.220708 
0.240806 
0.247087 
0.237169 
0.279485 
0.228582 
0.284868 
0.236631 
0.272331 
0.236309 
0.278306 
0.274001 
0.261352 
0.289605 
0.253633 
0.301325 
0.248387 
0.304363 
0.260302 
0.295201 
0.269913 
0.273952 
0.266323 
0.254147 
0.273150 
0.245251 
0.267913 
0.223671 
0.250211 
0.215722 
0.228093 
0.209183 
0.201613 
0.216079 
0.195248 
0.230087 
0.198950 
0.229091 
0.203379 
0.208113 
0.237035 
0.200296 
0.214141 
0.178152 
0.232455 
0.231620 
0.216377 
0.226675 
0.203727 
0.257111 
0.217504 
0.255901 
0.238484 
0.232920 
0.251344 
0.212023 
0.270055 
0.236864 
0.263923 
0.240605 
0.246185 
0.281809 
0.234128 
0.273567 
0.228379 
0.282954 
0.266097 
0.250945 
0.296770 
0.238733 
0.297316 
0.230830 
0.284246 
0.254614 
0.252959 
0.291387 
0.223279 
0.285826 
0.209421 
0.280158 
0.226846 
0.246837 
0.235232 
0.223076 
0.263081 
0.206424 
0.276955 
0.207745 
0.265183 
0.206517 
0.252052 
0.232875 
0.231502 
0.254857 
0.207297 
0.261554 
0.195941 
0.258952 
0.198411 
0.250795 
0.215165 
0.232350 
0.239168 
0.211033 
0.249685 
0.197512 
0.266517 
0.199932 
0.249973 
0.202080 
0.225042 
0.210093 
0.206852 
0.210597 
0.176969 
0.204840 
0.152334 
0.174684 
0.132259 
0.143854 
0.116051 
0.113839 
0.103761 
0.084931 
0.085761 
0.061896 
0.068931 
0.056739 
0.045159 
0.049037 
0.037250 
0.055028 
0.046040 
0.063644 
0.075114 
0.062641 
0.086171 
0.066604 
0.093043 
0.070575 
0.087146 
0.075476 
0.081757 
0.086012 
0.077717 
0.102478 
0.077557 
0.104671 
0.078883 
0.102817 
0.087810 
0.093152 
0.092046 
0.086422 
0.102209 
0.081936 
0.109695 
0.083631 
0.110102 
0.088329 
0.104098 
0.092800 
0.098380 
0.101614 
0.095042 
0.117635 
0.094241 
0.111223 
0.087651 
0.108841 
0.090143 
0.103835 
0.092420 
0.098758 
0.107298 
0.095334 
0.117025 
0.098677 
0.110265 
0.098890 
0.117375 
0.100823 
0.131334 
0.126500 
0.133076 
0.150819 
0.153788 
0.177967 
0.159098 
0.182685 
0.157755 
0.197146 
0.185046 
0.203609 
0.240373 
0.244538 
0.232855 
0.284014 
0.265481 
0.278816 
0.269756 
0.263666 
0.259298 
0.222625 
0.213906 
0.165399 
0.153494 
0.124922 
0.154833 
0.135018 
0.124838 
0.108753 
0.114851 
0.109211 
0.098992 
0.084894 
0.075754 
0.076187 
0.066060 
0.076316 
0.061532 
0.058006 
0.052911 
0.038541 
0.039288 
0.028388 
0.030477 
0.026727 
0.020955 
0.030239 
0.022303 
0.021152 
0.022380 
0.015624 
0.015549 
0.012863 
0.012403 
0.012007 
0.014107 
0.010020 
0.007291 
0.013306 
0.012339 
0.008214 
0.006460 
0.004968 
0.003574 
0.002604 
0.001884 
0.001367 
0.000991 
0.000718 
0.000521 
0.000378 
0.000274 
0.000198 
0.000144 
0.000104 
0.000076 
0.000055 
0.000040 
0.000029 
0.000021 
0.000015 
0.000011 
0.000008 
0.000006 
0.000004 
0.000003 
0.000002 
0.000002 
0.000001 
0.000002 
-0.000001 
0.000002 
0.000006 
0.000138 
0.001492 
0.004855 
0.006547 
0.014478 
0.026080 
0.035849 
0.052073 
0.064805 
0.061205 
0.050089 
0.052716 
0.041254 
0.070438 
0.107760 
0.192721 
0.266948 
0.246772 
0.233109 
0.229134 
0.224747 
0.226783 
0.217819 
0.240391 
0.218336 
0.226425 
0.204836 
0.232676 
0.227847 
0.251869 
0.228811 
0.227950 
0.247073 
0.249829 
0.292240 
0.270917 
0.214631 
0.198081 
0.195473 
0.225681 
0.217396 
0.243182 
0.238116 
0.242690 
0.197430 
0.232502 
0.216811 
0.237562 
0.216571 
0.219299 
0.222465 
0.215530 
0.215076 
0.228776 
0.214176 
0.212610 
0.213372 
0.211495 
0.202911 
0.197879 
0.183513 
0.206037 
0.201894 
0.190907 
0.190457 
0.172685 
0.163722 
0.139331 
0.142575 
0.117173 
0.098920 
0.084304 
0.058241 
0.043353 
0.030719 
0.024111 
0.023717 
0.015865 
0.017670 
0.022671 
0.015598 
0.013253 
0.009796 
0.008158 
0.006069 
0.006430 
0.005567 
0.003710 
0.003881 
0.004083 
0.002942 
0.002606 
0.002679 
0.001907 
0.001553 
0.001122 
0.000813 
0.000591 
0.000428 
0.000310 
0.000225 
0.000163 
0.000118 
0.000086 
0.000062 
0.000045 
0.000033 
0.000024 
0.000017 
0.000013 
0.000009 
0.000008 
0.000011 
0.000017 
0.000023 
0.000024 
0.000032 
-0.000015 
0.000166 
-0.000372 
0.001570 
0.006093 
0.012314 
0.037189 
0.044150 
0.064547 
0.065005 
0.055089 
0.049587 
0.047714 
0.055104 
0.045317 
0.037521 
0.029161 
0.030043 
0.028911 
0.040945 
0.064978 
0.065097 
0.082060 
0.103623 
0.103531 
0.133574 
0.095870 
0.123183 
0.115566 
0.105893 
0.122151 
0.090951 
0.137681 
0.113014 
0.111459 
0.129745 
0.093014 
0.138003 
0.103666 
0.131466 
0.134799 
0.112646 
0.152254 
0.102785 
0.147958 
0.131026 
0.122046 
0.148463 
0.110021 
0.154237 
0.112630 
0.137297 
0.140154 
0.117328 
0.143528 
0.102296 
0.147301 
0.117589 
0.125060 
0.132931 
0.102417 
0.131518 
0.094302 
0.119236 
0.104179 
0.098366 
0.118938 
0.082684 
0.106184 
0.083164 
0.074716 
0.080989 
0.055126 
0.046295 
0.036742 
0.025566 
0.020630 
0.018544 
0.013394 
0.009627 
0.008786 
0.007273 
0.004798 
0.005519 
0.006194 
0.004363 
0.007000 
0.006401 
0.004337 
0.003261 
0.002323 
0.001709 
0.001186 
0.001237 
0.001205 
0.000821 
0.001390 
0.001286 
0.000878 
0.000731 
0.000493 
0.000636 
0.000609 
0.000494 
0.000704 
0.000517 
0.000372 
0.000272 
0.000196 
0.000170 
0.000183 
0.000171 
0.000500 
0.001128 
0.001701 
0.002713 
0.001830 
0.017729 
0.037452 
0.034585 
0.032471 
0.043085 
0.053722 
0.052435 
0.041291 
0.034551 
0.029360 
0.026926 
0.026219 
0.036694 
0.031293 
0.033014 
0.033001 
0.027054 
0.034272 
0.043203 
0.040365 
0.041103 
0.049131 
0.053265 
0.048025 
0.056247 
0.069768 
0.072516 
0.061568 
0.052358 
0.041355 
0.039102 
0.038473 
0.034532 
0.030306 
0.030698 
0.026039 
0.025340 
0.026683 
0.026125 
0.026670 
0.017288 
0.042604 
0.052132 
0.036906 
0.099783 
0.088822 
0.084764 
0.144257 
0.099218 
0.127743 
0.135868 
0.099655 
0.148872 
0.110616 
0.123387 
0.147035 
0.102638 
0.156950 
0.123219 
0.122587 
0.160779 
0.106639 
0.155538 
0.138753 
0.117810 
0.166661 
0.111374 
0.146540 
0.153038 
0.112042 
0.171865 
0.125912 
0.132651 
0.163051 
0.107076 
0.162127 
0.143012 
0.118707 
0.171761 
0.114146 
0.148684 
0.166944 
0.113672 
0.175494 
0.138961 
0.126795 
0.175553 
0.114633 
0.150428 
0.157051 
0.107466 
0.167860 
0.133527 
0.119555 
0.172351 
0.112912 
0.138963 
0.164459 
0.104879 
0.156485 
0.143724 
0.104991 
0.165422 
0.123498 
0.116961 
0.168310 
0.108594 
0.134407 
0.164043 
0.102414 
0.144609 
0.144901 
0.096829 
0.155133 
0.130615 
0.103677 
0.155750 
0.108352 
0.114149 
0.162408 
0.103244 
0.131909 
0.152228 
0.095793 
0.143153 
0.142765 
0.096696 
0.153757 
0.130952 
0.100482 
0.158955 
0.120622 
0.105519 
0.164894 
0.114975 
0.113786 
0.161470 
0.105126 
0.122070 
0.158614 
0.099340 
0.132880 
0.155692 
0.096040 
0.134295 
0.145141 
0.090525 
0.134029 
0.134292 
0.088994 
0.144044 
0.136447 
0.095493 
0.146097 
0.126086 
0.091553 
0.146509 
0.123347 
0.092699 
0.151353 
0.122309 
0.095733 
0.152793 
0.122509 
0.095353 
0.147490 
0.117950 
0.091828 
0.152275 
0.127482 
0.095404 
0.147869 
0.122288 
0.089554 
0.151180 
0.133315 
0.093512 
0.149670 
0.138165 
0.092571 
0.147999 
0.143012 
0.095367 
0.149661 
0.143857 
0.100351 
0.159849 
0.154687 
0.103803 
0.147532 
0.148855 
0.096233 
0.145424 
0.159998 
0.106343 
0.181237 
0.215675 
0.139347 
0.180017 
0.218929 
0.140685 
0.167396 
0.205185 
0.136248 
0.146045 
0.188956 
0.127012 
0.134073 
0.166457 
0.109295 
0.127983 
0.177683 
0.117949 
0.125329 
0.168207 
0.110417 
0.121467 
0.176399 
0.122978 
0.125842 
0.164463 
0.111632 
0.107436 
0.199603 
0.169247 
0.118746 
0.177035 
0.165503 
0.109744 
0.168848 
0.176918 
0.118135 
0.142680 
0.144158 
0.092638 
0.129131 
0.161863 
0.100076 
0.137597 
0.178408 
0.117268 
0.112082 
0.149620 
0.113605 
0.086759 
0.122158 
0.110333 
0.075905 
0.129100 
0.150760 
0.101414 
0.092533 
0.102626 
0.072626 
0.061784 
0.083765 
0.074615 
0.053433 
0.080285 
0.083461 
0.054792 
0.052112 
0.067376 
0.052589 
0.035174 
0.048339 
0.071821 
0.053161 
0.046093 
0.062034 
0.049708 
0.036333 
0.037797 
0.039188 
0.027934 
0.028702 
0.032913 
0.027876 
0.022506 
0.017071 
0.016851 
0.020885 
0.017680 
0.018728 
0.017811 
0.013232 
0.015220 
0.018002 
0.013598 
0.012304 
0.010058 
0.007169 
0.005939 
0.007717 
0.006947 
0.004826 
0.003633 
0.002536 
0.002158 
0.002567 
0.002160 
0.001527 
0.001209 
0.001457 
0.001159 
0.000840 
0.000620 
0.000441 
0.000339 
0.000349 
0.000250 
0.000239 
0.000693 
0.000964 
0.000937 
0.001809 
0.002828 
0.002697 
0.003591 
0.004668 
0.005211 
0.008089 
0.012028 
0.016101 
0.015960 
0.016840 
0.017566 
0.019683 
0.019255 
0.016448 
0.018911 
0.022961 
0.021234 
0.027242 
0.024627 
0.033358 
0.036673 
0.029754 
0.041318 
0.043668 
0.046101 
0.056911 
0.043797 
0.041038 
0.046544 
0.053628 
0.052070 
0.046188 
0.045562 
0.042013 
0.049426 
0.046113 
0.066171 
0.063947 
0.047494 
0.043979 
0.056983 
0.066483 
0.066497 
0.051439 
0.061303 
0.074445 
0.075251 
0.071897 
0.061987 
0.062522 
0.055006 
0.049094 
0.043647 
0.061799 
0.069158 
0.075311 
0.093972 
0.097513 
0.073423 
0.062132 
0.079311 
0.077502 
0.065726 
0.070417 
0.085709 
0.082493 
0.078923 
0.095801 
0.095565 
0.085495 
0.101444 
0.089976 
0.079642 
0.077798 
0.060221 
0.055619 
0.068821 
0.072277 
0.062458 
0.059662 
0.062835 
0.061958 
0.067619 
0.074126 
0.066994 
0.075326 
0.062323 
0.051635 
0.050461 
0.056825 
0.063956 
0.057353 
0.068153 
0.058587 
0.052672 
0.071094 
0.066400 
0.069250 
0.060869 
0.055148 
0.048618 
0.041316 
0.044225 
0.053168 
0.058183 
0.057019 
0.045621 
0.048515 
0.043629 
0.046399 
0.049728 
0.043343 
0.037158 
0.037266 
0.039991 
0.044905 
0.035403 
0.038011 
0.041551 
0.043042 
0.043839 
0.046728 
0.061464 
0.066902 
0.071278 
0.062577 
0.052805 
0.052363 
0.043107 
0.036719 
0.043650 
0.037566 
0.036696 
0.037144 
0.033764 
0.033674 
0.028308 
0.032913 
0.034430 
0.037633 
0.037112 
0.044892 
0.035145 
0.026841 
0.029628 
0.032015 
0.028131 
0.022977 
0.026266 
0.026006 
0.029673 
0.027409 
0.021013 
0.018293 
0.016754 
0.018188 
0.018320 
0.022323 
0.022246 
0.019706 
0.023259 
0.027071 
0.025475 
0.023289 
0.030455 
0.029949 
0.021818 
0.021780 
0.023272 
0.019962 
0.018153 
0.015669 
0.017868 
0.024805 
0.026133 
0.023478 
0.023137 
0.018465 
0.012884 
0.011005 
0.009857 
0.010671 
0.017056 
0.013448 
0.013433 
0.013769 
0.013177 
0.013034 
0.012256 
0.014810 
0.013479 
0.010751 
0.010015 
0.008790 
0.008101 
0.009521 
0.009713 
0.010856 
0.015834 
0.014161 
0.009240 
0.009888 
0.011149 
0.007395 
0.006365 
0.006885 
0.006158 
0.005481 
0.005380 
0.004071 
0.005836 
0.006346 
0.004795 
0.004473 
0.004123 
0.003937 
0.005791 
0.006455 
0.005646 
0.005028 
0.004047 
0.004015 
0.003223 
0.002818 
0.002937 
0.002465 
0.002504 
0.002174 
0.001941 
0.002027 
0.002556 
0.002441 
0.002635 
0.002592 
0.002220 
0.001857 
0.002153 
0.001789 
0.001598 
0.001926 
0.002009 
0.002222 
0.001789 
0.001588 
0.001590 
0.001303 
0.000875 
0.000991 
0.001139 
0.000844 
0.000852 
0.000767 
0.000575 
0.000870 
0.000950 
0.000986 
0.000786 
0.000589 
0.000435 
0.000592 
0.000490 
0.000336 
0.000376 
0.000348 
0.000238 
0.000201 
0.000208 
0.000165 
0.000141 
0.000132 
0.000094 
0.000066 
0.000064 
0.000082 
0.000063 
0.000045 
0.000033 
0.000024 
0.000017 
0.000013 
0.000009 
0.000007 
0.000005 
0.000003 
0.000003 
0.000002 
0.000001 
0.000001 
0.000001 
0.000000 
0.000000 
0.000000 
0.000001 
0.000003 
0.000002 
0.000001 
0.000001 
0.000001 
0.000001 
0.000000 
0.000000 
0.000000 
0.000000 
0.000000 
0.000000 
0.000000 
0.000000 
0.000000 
0.000000 
0.000000 
0.000000 
0.000000 
0.000000 
0.000000 
0.000000 
0.000000 
0.000000 
0.000000 
0.000000 
-0.000000 
0.000000 
-0.000000 
0.000000 
-0.000000 
0.000001 
0.000005 
0.000008 
0.000019 
0.000029 
0.000022 
0.000016 
0.000012 
0.000008 
0.000006 
0.000006 
0.000028 
0.000082 
0.000193 
0.000284 
0.000415 
0.000420 
0.000527 
0.000703 
0.000776 
0.000823 
0.001375 
0.002540 
0.002216 
0.002568 
0.004581 
0.004868 
0.005672 
0.004421 
0.003812 
0.003844 
0.004168 
0.007439 
0.007010 
0.006450 
0.008609 
0.012171 
0.012093 
0.011025 
0.014891 
0.019242 
0.017660 
0.017825 
0.023256 
0.024753 
0.022709 
0.024079 
0.022398 
0.032550 
0.035585 
0.037967 
0.035385 
0.037720 
0.050458 
0.045411 
0.050363 
0.070259 
0.067658 
0.090399 
0.108859 
0.102881 
0.136317 
0.109851 
0.121979 
0.127458 
0.095494 
0.151112 
0.147541 
0.121249 
0.165833 
0.143406 
0.153207 
0.180962 
0.138867 
0.164697 
0.162772 
0.135845 
0.173355 
0.128844 
0.149025 
0.186914 
0.135350 
0.163949 
0.174014 
0.140660 
0.181385 
0.154478 
0.140128 
0.158415 
0.112680 
0.143560 
0.150957 
0.121194 
0.156044 
0.132664 
0.131947 
0.144276 
0.110317 
0.152341 
0.134188 
0.112806 
0.136718 
0.105949 
0.100080 
0.134151 
0.112319 
0.134730 
0.139176 
0.094738 
0.106778 
0.093221 
0.064694 
0.050213 
0.040385 
0.029190 
0.025585 
0.041562 
0.031743 
0.022518 
0.016557 
0.011982 
0.008468 
0.008111 
0.007123 
0.005026 
0.004923 
0.004996 
0.004798 
0.003891 
0.002901 
0.002095 
0.001479 
0.001235 
0.001640 
0.001288 
0.001528 
0.002148 
0.001640 
0.001479 
0.001327 
0.001060 
0.000790 
0.000566 
0.000413 
0.000298 
0.000219 
0.000149 
0.000169 
0.000150 
0.000198 
0.000266 
0.000181 
0.000156 
0.000133 
0.000093 
0.001319 
0.003745 
0.004741 
0.005638 
0.005483 
0.028176 
0.072206 
0.078879 
0.078105 
0.075764 
0.097723 
0.098581 
0.073287 
0.082073 
0.079853 
0.064895 
0.061032 
0.076548 
0.082762 
0.094520 
0.085177 
0.075729 
0.084348 
0.137191 
0.132763 
0.089566 
0.085983 
0.136311 
0.110176 
0.140001 
0.175827 
0.127467 
0.135012 
0.161109 
0.135014 
0.149191 
0.119608 
0.139087 
0.149662 
0.121595 
0.152928 
0.128312 
0.134074 
0.133013 
0.147851 
0.170860 
0.128361 
0.157097 
0.157804 
0.130029 
0.143302 
0.122741 
0.169692 
0.143819 
0.130656 
0.181642 
0.154586 
0.173606 
0.151642 
0.120000 
0.135197 
0.103581 
0.139040 
0.137574 
0.116344 
0.148684 
0.107351 
0.145136 
0.156298 
0.149922 
0.158129 
0.125963 
0.183126 
0.205589 
0.139828 
0.156122 
0.156154 
0.134692 
0.161920 
0.133036 
0.146860 
0.200436 
0.159956 
0.192972 
0.191057 
0.163392 
0.177060 
0.163248 
0.163104 
0.216824 
0.205121 
0.196760 
0.181298 
0.159387 
0.145290 
0.143705 
0.145470 
0.117723 
0.118629 
0.136458 
0.130535 
0.117201 
0.135068 
0.147484 
0.127967 
0.098252 
0.097313 
0.091289 
0.101703 
0.110413 
0.096134 
0.114292 
0.139153 
0.117190 
0.114866 
0.117695 
0.111638 
0.135312 
0.131797 
0.127835 
0.117339 
0.112381 
0.112878 
0.112029 
0.139087 
0.148118 
0.113032 
0.143059 
0.160818 
0.159907 
0.159421 
0.131786 
0.106565 
0.096174 
0.106001 
0.096509 
0.111135 
0.113329 
0.122118 
0.119032 
0.111789 
0.112245 
0.094245 
0.074101 
0.076719 
0.104434 
0.118891 
0.141719 
0.137517 
0.148501 
0.146262 
0.128888 
0.139430 
0.135946 
0.128585 
0.131570 
0.160607 
0.133049 
0.114544 
0.106210 
0.086310 
0.065781 
0.082849 
0.090639 
0.084164 
0.120393 
0.094000 
0.098990 
0.082468 
0.089136 
0.074165 
0.087581 
0.085351 
0.083273 
0.092967 
0.083881 
0.095686 
0.081055 
0.100435 
0.074742 
0.077593 
0.063746 
0.071870 
0.058568 
0.067002 
0.062068 
0.065629 
0.057021 
0.066454 
0.081101 
0.067784 
0.078047 
0.066830 
0.082079 
0.069368 
0.090579 
0.076495 
0.110290 
0.092264 
0.115100 
0.099628 
0.121302 
0.108505 
0.142140 
0.126491 
0.152364 
0.134691 
0.148943 
0.136342 
0.144559 
0.126404 
0.144620 
0.142372 
0.140693 
0.139483 
0.138078 
0.146975 
0.134421 
0.152798 
0.134561 
0.160451 
0.133965 
0.157350 
0.131066 
0.163093 
0.134062 
0.157890 
0.128795 
0.156590 
0.128260 
0.164386 
0.143018 
0.167454 
0.173446 
0.181594 
0.200438 
0.171961 
0.187839 
0.175772 
0.212256 
0.196096 
0.215263 
0.196699 
0.223004 
0.199718 
0.224901 
0.190127 
0.212906 
0.185382 
0.215577 
0.188810 
0.218964 
0.202754 
0.232953 
0.208365 
0.226471 
0.211846 
0.227483 
0.214350 
0.229176 
0.225997 
0.247112 
0.233978 
0.248015 
0.242987 
0.247202 
0.231506 
0.242939 
0.235142 
0.241692 
0.235662 
0.236893 
0.225530 
0.221855 
0.208811 
0.197655 
0.188032 
0.175145 
0.175490 
0.165990 
0.171670 
0.174460 
0.162180 
0.152188 
0.160443 
0.148321 
0.145044 
0.130192 
0.121115 
0.111162 
0.119281 
0.122329 
0.115738 
0.104538 
0.106169 
0.108847 
0.128903 
0.124446 
0.133133 
0.124147 
0.134095 
0.136761 
0.156373 
0.149862 
0.159193 
0.165214 
0.183773 
0.180509 
0.179809 
0.186713 
0.195509 
0.202194 
0.195786 
0.204843 
0.202557 
0.202935 
0.198660 
0.203119 
0.199709 
0.205584 
0.212050 
0.219031 
0.208889 
0.225846 
0.229776 
0.236868 
0.230357 
0.239073 
0.252034 
0.248365 
0.259385 
0.251544 
0.249649 
0.243855 
0.235223 
0.218790 
0.227236 
0.223583 
0.227132 
0.231570 
0.240591 
0.241262 
0.231623 
0.246929 
0.216618 
0.238642 
0.220636 
0.259200 
0.249742 
0.252313 
0.258005 
0.199267 
0.249911 
0.193342 
0.228249 
0.220196 
0.205172 
0.244476 
0.190484 
0.247677 
0.207409 
0.243782 
0.232511 
0.212389 
0.229494 
0.187066 
0.218831 
0.185216 
0.192459 
0.179575 
0.162137 
0.145484 
0.160789 
0.185718 
0.155032 
0.167038 
0.137407 
0.153230 
0.151272 
0.131766 
0.138286 
0.107925 
0.118439 
0.093559 
0.097726 
0.097046 
0.074888 
0.108046 
0.080053 
0.069637 
0.060370 
0.044551 
0.038367 
0.031370 
0.023569 
0.029005 
0.030243 
0.019061 
0.023591 
0.032635 
0.021018 
0.019747 
0.029115 
0.021937 
0.015801 
0.015635 
0.012744 
0.009248 
0.009407 
0.007098 
0.005057 
0.005373 
0.004378 
0.002995 
0.002418 
0.002237 
0.001596 
0.001236 
0.001644 
0.001425 
0.000970 
0.000914 
0.000759 
0.000521 
0.000443 
0.000716 
0.000648 
0.000548 
0.000422 
0.000374 
0.000426 
0.000279 
0.000319 
0.000317 
0.000231 
0.000366 
0.000302 
0.000225 
0.000307 
0.000253 
0.000177 
0.000146 
0.000180 
0.000122 
0.000168 
0.000252 
0.000174 
0.000129 
0.000096 
0.000067 
0.000064 
0.000056 
0.000121 
0.000152 
0.000106 
0.000107 
0.000086 
0.000062 
0.000045 
0.000032 
0.000024 
0.000017 
0.000012 
0.000009 
0.000006 
0.000005 
0.000003 
0.000004 
0.000004 
0.000003 
0.000010 
0.000019 
0.000022 
0.000031 
0.000011 
0.000094 
0.000948 
0.002238 
0.005167 
0.003068 
0.013070 
0.044854 
0.060134 
0.074026 
0.066947 
0.110923 
0.154990 
0.126807 
0.094974 
0.074976 
0.056923 
0.060466 
0.078337 
0.073164 
0.063907 
0.054495 
0.042347 
0.044689 
0.050875 
0.041421 
0.038578 
0.052737 
0.060297 
0.051718 
0.044943 
0.045808 
0.058084 
0.044366 
0.084090 
0.099025 
0.122545 
0.183529 
0.179682 
0.184913 
0.196246 
0.185641 
0.248020 
0.246726 
0.293864 
0.284806 
0.312501 
0.298256 
0.330301 
0.326923 
0.336487 
0.336373 
0.325873 
0.347866 
0.327305 
0.321980 
0.319991 
0.329624 
0.319349 
0.310760 
0.327088 
0.319758 
0.325286 
0.323444 
0.321065 
0.329579 
0.321382 
0.323723 
0.326258 
0.323379 
0.329525 
0.323137 
0.316926 
0.322806 
0.315212 
0.300653 
0.306805 
0.300381 
0.287847 
0.272073 
0.256419 
0.268205 
0.260758 
0.247624 
0.248469 
0.246986 
0.232047 
0.229952 
0.235405 
0.217626 
0.201016 
0.214137 
0.216360 
0.218509 
0.213092 
0.207340 
0.199774 
0.196526 
0.208511 
0.205763 
0.202737 
0.234257 
0.233173 
0.226635 
0.200752 
0.207436 
0.196038 
0.193392 
0.175000 
0.162372 
0.166188 
0.163267 
0.176442 
0.176430 
0.184077 
0.176027 
0.173569 
0.168571 
0.165186 
0.172012 
0.172195 
0.166082 
0.141798 
0.115693 
0.090391 
0.065563 
0.055370 
0.042556 
0.049234 
0.050998 
0.048560 
0.046267 
0.049528 
0.058835 
0.060470 
0.057182 
0.058602 
0.082245 
0.094437 
0.105180 
0.123972 
0.142522 
0.153306 
0.170290 
0.168729 
0.201496 
0.199152 
0.215799 
0.212997 
0.229113 
0.218967 
0.216103 
0.216890 
0.216503 
0.231211 
0.224681 
0.234411 
0.222111 
0.233988 
0.218525 
0.225973 
0.220884 
0.222181 
0.227634 
0.208459 
0.220668 
0.213142 
0.222727 
0.229999 
0.227305 
0.225172 
0.215110 
0.232906 
0.214983 
0.224862 
0.217453 
0.235903 
0.232400 
0.223606 
0.223634 
0.210062 
0.202111 
0.180230 
0.176982 
0.155589 
0.132198 
0.121311 
0.104609 
0.096922 
0.083327 
0.071553 
0.059159 
0.042953 
0.031733 
0.023457 
0.017174 
0.012159 
0.010477 
0.009777 
0.007350 
0.005360 
0.003826 
0.003101 
0.002577 
0.004802 
0.004801 
0.005737 
0.004832 
0.006327 
0.006000 
0.005749 
0.005174 
0.005703 
0.006112 
0.010126 
0.008372 
0.006883 
0.006133 
0.005650 
0.009956 
0.012448 
0.012129 
0.013639 
0.014647 
0.012918 
0.018932 
0.018583 
0.020608 
0.018588 
0.023474 
0.029541 
0.034544 
0.045407 
0.050913 
0.074434 
0.095597 
0.129831 
0.159488 
0.177817 
0.208295 
0.227296 
0.233129 
0.228648 
0.230117 
0.219658 
0.210200 
0.203284 
0.193476 
0.217636 
0.219227 
0.223475 
0.208076 
0.216025 
0.229682 
0.214978 
0.217118 
0.210858 
0.233153 
0.251358 
0.241284 
0.228557 
0.230463 
0.241392 
0.252336 
0.260211 
0.242504 
0.251391 
0.246456 
0.238702 
0.248325 
0.248847 
0.243258 
0.238392 
0.239110 
0.239887 
0.239858 
0.249695 
0.254419 
0.251877 
0.259264 
0.261555 
0.244379 
0.239417 
0.239744 
0.233668 
0.235367 
0.221623 
0.233421 
0.238016 
0.225468 
0.236317 
0.232955 
0.229625 
0.219827 
0.216572 
0.225410 
0.224760 
0.226026 
0.217582 
0.214475 
0.222008 
0.220351 
0.232314 
0.233721 
0.236897 
0.246065 
0.244773 
0.245659 
0.240664 
0.242614 
0.250064 
0.248316 
0.236600 
0.227828 
0.234390 
0.234373 
0.227034 
0.212569 
0.210552 
0.215551 
0.209575 
0.214373 
0.211159 
0.202770 
0.196515 
0.186933 
0.175293 
0.171180 
0.158160 
0.137798 
0.133817 
0.117042 
0.101342 
0.096294 
0.078739 
0.062249 
0.046476 
0.034947 
0.029023 
0.026950 
0.024335 
0.022216 
0.021095 
0.017218 
0.014000 
0.011935 
0.010399 
0.010049 
0.010942 
0.010827 
0.009565 
0.007196 
0.005918 
0.004396 
0.003651 
0.002995 
0.002820 
0.002552 
0.002030 
0.001461 
0.001075 
0.000789 
0.000643 
0.000498 
0.000357 
0.000259 
0.000210 
0.000223 
0.000352 
0.000326 
0.000273 
0.000197 
0.000143 
0.000105 
0.000077 
0.000056 
0.000040 
0.000029 
0.000021 
0.000015 
0.000013 
0.000017 
0.000024 
0.000020 
0.000014 
0.000011 
0.000008 
0.000006 
0.000004 
0.000003 
0.000002 
0.000002 
0.000001 
0.000001 
0.000001 
0.000000 
0.000000 
0.000000 
0.000000 
0.000000 
0.000000 
0.000000 
0.000000 
0.000000 
0.000000 
0.000000 
0.000000 
0.000000 
0.000000 
0.000000 
0.000000 
0.000000 
0.000000 
0.000000 
0.000000 
0.000000 
0.000000 
0.000000 
0.000000 
0.000000 
0.000000 
0.000000 
0.000000 
0.000000 
0.000000 
0.000000 
0.000000 
0.000000 
0.000000 
0.000000 
0.000000 
0.000000 
0.000000 
0.000000 
0.000000 
0.000000 
0.000000 
0.000000 
0.000000 
0.000000 
0.000000 
0.000000 
-0.000000 
0.000000 
0.000000 
-0.000000 
0.000000 
-0.000000 
0.000002 
0.000002 
0.000001 
0.000001 
0.000001 
0.000001 
0.000000 
0.000000 
0.000000 
0.000000 
0.000000 
0.000000 
0.000000 
0.000000 
0.000000 
0.000000 
0.000000 
0.000000 
0.000000 
-0.000000 
0.000002 
0.000002 
0.000002 
0.000001 
0.000003 
0.000009 
0.000007 
0.000005 
0.000004 
0.000005 
0.000003 
0.000003 
0.000002 
0.000003 
0.000003 
0.000002 
0.000002 
0.000001 
0.000001 
0.000001 
0.000000 
0.000003 
0.000008 
0.000006 
0.000006 
0.000006 
0.000004 
0.000003 
0.000002 
0.000001 
0.000005 
0.000007 
0.000005 
0.000004 
0.000003 
0.000002 
0.000001 
0.000001 
0.000001 
0.000001 
0.000000 
0.000000 
0.000000 
0.000000 
0.000000 
0.000000 
0.000000 
0.000000 
0.000000 
0.000000 
0.000000 
0.000000 
0.000000 
0.000000 
0.000000 
0.000000 
0.000000 
0.000000 
0.000000 
0.000000 
0.000000 
0.000000 
0.000000 
0.000000 
0.000000 
0.000000 
0.000000 
0.000000 
0.000000 
0.000000 
0.000000 
0.000000 
-0.000000 
0.000000 
-0.000000 
0.000000 
-0.000001 
0.000004 
0.000019 
0.000011 
0.000035 
0.000063 
0.000050 
0.000047 
0.000046 
0.000052 
0.000061 
0.000052 
0.000209 
0.000103 
0.003210 
0.009061 
0.016621 
0.030622 
0.029155 
0.031570 
0.031757 
0.027251 
0.032993 
0.043879 
0.081664 
0.111561 
0.140472 
0.185466 
0.206429 
0.216363 
0.222132 
0.211428 
0.197454 
0.208602 
0.212964 
0.215539 
0.224721 
0.215916 
0.220754 
0.244891 
0.245901 
0.258506 
0.267690 
0.253942 
0.272037 
0.274583 
0.267886 
0.271241 
0.269312 
0.268769 
0.284463 
0.298008 
0.303210 
0.296319 
0.305492 
0.320371 
0.331197 
0.332081 
0.330700 
0.330139 
0.332716 
0.337971 
0.335305 
0.337369 
0.341662 
0.334543 
0.329932 
0.327754 
0.325272 
0.319257 
0.319986 
0.324348 
0.321869 
0.320594 
0.316214 
0.312040 
0.306231 
0.302208 
0.297866 
0.293869 
0.288486 
0.287585 
0.290334 
0.293356 
0.296799 
0.290327 
0.289188 
0.293030 
0.294801 
0.293328 
0.289468 
0.297586 
0.290711 
0.283360 
0.285817 
0.278460 
0.268139 
0.240151 
0.220939 
0.201975 
0.187653 
0.172139 
0.152472 
0.159686 
0.147309 
0.129810 
0.126511 
0.125233 
0.128161 
0.124092 
0.121762 
0.122607 
0.116701 
0.115663 
0.113215 
0.112401 
0.105323 
0.107920 
0.105641 
0.108406 
0.108901 
0.123481 
0.106079 
0.121255 
0.114782 
0.114267 
0.102020 
0.107564 
0.118863 
0.092583 
0.123168 
0.093116 
0.108340 
0.086784 
0.088759 
0.078117 
0.075470 
0.082669 
0.064674 
0.074582 
0.057557 
0.078023 
0.059418 
0.074731 
0.068354 
0.064294 
0.073044 
0.054972 
0.068808 
0.050368 
0.060391 
0.050467 
0.047538 
0.044570 
0.036664 
0.046353 
0.033537 
0.041136 
0.032503 
0.037493 
0.035443 
0.031196 
0.034194 
0.026032 
0.030635 
0.022250 
0.024244 
0.019553 
0.018721 
0.022579 
0.017727 
0.023651 
0.018264 
0.022507 
0.017917 
0.023151 
0.020366 
0.021599 
0.019020 
0.025029 
0.027631 
0.025953 
0.027861 
0.026460 
0.030348 
0.028201 
0.034684 
0.029301 
0.032459 
0.029225 
0.036986 
0.031568 
0.038110 
0.033700 
0.043262 
0.037217 
0.043172 
0.037032 
0.042148 
0.037362 
0.044403 
0.039194 
0.043466 
0.039743 
0.044952 
0.042399 
0.046371 
0.043356 
0.043204 
0.048072 
0.050465 
0.055551 
0.055120 
0.060401 
0.057724 
0.060436 
0.056259 
0.066911 
0.060103 
0.066558 
0.050761 
0.050100 
0.056220 
0.078664 
0.121425 
0.145624 
0.167317 
0.163990 
0.153939 
0.151280 
0.146955 
0.146880 
0.151766 
0.163970 
0.168412 
0.175124 
0.186034 
0.197515 
0.211404 
0.214667 
0.222923 
0.225953 
0.225034 
0.237034 
0.245163 
0.258957 
0.267627 
0.274382 
0.284049 
0.293558 
0.299572 
0.299315 
0.301989 
0.310011 
0.314927 
0.315311 
0.306912 
0.303422 
0.302381 
0.295190 
0.298277 
0.289818 
0.281329 
0.277580 
0.265293 
0.261474 
0.259248 
0.255230 
0.249704 
0.248233 
0.252906 
0.245841 
0.245584 
0.242010 
0.235519 
0.230525 
0.233179 
0.233526 
0.230971 
0.222324 
0.220589 
0.222102 
0.216678 
0.214294 
0.209250 
0.209506 
0.210714 
0.205114 
0.209762 
0.207119 
0.201869 
0.202656 
0.192823 
0.184807 
0.186002 
0.183695 
0.189499 
0.189884 
0.188183 
0.198041 
0.194623 
0.189064 
0.185685 
0.181208 
0.180901 
0.157013 
0.131961 
0.099426 
0.074443 
0.053271 
0.038835 
0.028095 
0.021233 
0.015446 
0.012354 
0.018296 
0.018166 
0.018071 
0.015563 
0.013480 
0.011135 
0.008915 
0.006958 
0.005034 
0.004425 
0.005853 
0.006949 
0.005604 
0.004868 
0.005023 
0.004615 
0.004470 
0.004810 
0.004029 
0.003116 
0.002566 
0.001963 
0.001521 
0.001247 
0.001216 
0.001208 
0.001098 
0.000873 
0.000799 
0.000842 
0.000672 
0.000532 
0.000387 
0.000351 
0.000296 
0.000315 
0.000256 
0.000202 
0.000196 
0.000195 
0.000225 
0.000167 
0.000171 
0.000161 
0.000145 
0.000137 
0.000175 
0.000175 
0.000171 
0.000146 
0.000121 
0.000080 
0.000134 
0.000149 
0.000102 
0.000116 
0.000138 
0.000099 
0.000090 
0.000099 
0.000072 
0.000056 
0.000059 
0.000085 
0.000109 
0.000128 
0.000109 
0.000074 
0.000079 
0.000098 
0.000079 
0.000049 
0.000073 
0.000166 
0.000156 
0.000121 
0.000099 
0.000091 
0.000088 
0.000096 
0.000086 
0.000058 
0.000048 
0.000093 
0.000092 
0.000063 
0.000049 
0.000038 
0.000032 
0.000129 
0.000142 
0.004539 
0.016177 
0.019325 
0.021535 
0.033262 
0.037990 
0.060173 
0.188738 
0.226659 
0.230569 
0.236789 
0.229290 
0.234215 
0.257746 
0.265986 
0.258228 
0.235506 
0.246286 
0.259517 
0.233838 
0.189696 
0.195663 
0.190235 
0.209625 
0.199317 
0.177611 
0.191223 
0.198481 
0.226325 
0.213135 
0.212735 
0.215159 
0.215672 
0.215606 
0.229098 
0.233490 
0.244653 
0.238022 
0.238541 
0.235847 
0.239116 
0.246543 
0.245096 
0.246096 
0.245585 
0.247944 
0.250240 
0.259201 
0.259002 
0.236546 
0.242686 
0.259703 
0.255210 
0.257081 
0.257857 
0.256918 
0.262009 
0.258380 
0.255238 
0.249844 
0.244882 
0.249080 
0.259413 
0.257851 
0.254103 
0.241491 
0.242219 
0.248479 
0.240252 
0.228593 
0.229898 
0.226995 
0.222405 
0.229652 
0.235017 
0.224191 
0.216400 
0.214893 
0.211967 
0.212055 
0.223593 
0.216311 
0.200235 
0.185238 
0.181320 
0.191245 
0.187660 
0.181192 
0.177316 
0.181277 
0.169434 
0.161353 
0.159211 
0.154416 
0.148136 
0.143346 
0.147544 
0.147702 
0.144275 
0.136965 
0.137960 
0.126851 
0.122591 
0.117883 
0.116570 
0.110985 
0.107976 
0.101038 
0.092468 
0.082871 
0.066631 
0.055855 
0.044406 
0.044740 
0.038086 
0.033936 
0.030203 
0.037607 
0.039451 
0.050113 
0.051259 
0.056528 
0.059297 
0.060746 
0.065918 
0.064011 
0.065626 
0.062236 
0.068997 
0.065468 
0.067033 
0.066642 
0.067747 
0.070047 
0.066570 
0.069902 
0.065040 
0.073438 
0.068326 
0.072593 
0.068423 
0.071451 
0.068131 
0.065236 
0.070098 
0.066397 
0.078818 
0.075345 
0.083657 
0.075350 
0.086107 
0.076079 
0.086224 
0.074459 
0.077175 
0.068014 
0.077914 
0.064594 
0.065852 
0.056921 
0.062245 
0.053046 
0.058301 
0.046755 
0.043353 
0.036819 
0.038011 
0.029546 
0.025869 
0.020908 
0.017690 
0.016170 
0.014995 
0.013369 
0.014534 
0.011328 
0.009779 
0.010538 
0.012581 
0.014733 
0.031565 
0.042295 
0.045552 
0.042506 
0.057278 
0.075922 
0.124768 
0.196348 
0.189243 
0.209398 
0.170877 
0.146634 
0.159045 
0.171699 
0.174231 
0.170551 
0.166418 
0.169578 
0.171180 
0.182279 
0.183566 
0.168751 
0.165686 
0.171090 
0.178136 
0.181282 
0.202515 
0.190392 
0.146428 
0.157843 
0.171874 
0.195315 
0.178998 
0.186580 
0.172762 
0.196644 
0.186080 
0.169136 
0.164471 
0.144126 
0.139244 
0.137210 
0.177275 
0.164957 
0.163009 
0.180442 
0.176488 
0.153030 
0.118358 
0.123701 
0.150095 
0.155202 
0.163395 
0.151488 
0.149914 
0.150674 
0.141173 
0.104859 
0.086652 
0.122098 
0.126494 
0.138586 
0.129334 
0.142934 
0.127203 
0.120874 
0.109435 
0.080262 
0.090240 
0.090664 
0.087272 
0.092134 
0.087871 
0.087320 
0.075715 
0.083895 
0.077096 
0.076729 
0.082570 
0.069269 
0.075305 
0.070917 
0.077570 
0.067020 
0.077108 
0.067529 
0.079499 
0.070177 
0.069793 
0.078553 
0.072865 
0.088461 
0.075834 
0.099168 
0.076946 
0.083972 
0.095619 
0.076326 
0.102149 
0.082667 
0.109549 
0.100050 
0.099842 
0.115206 
0.090539 
0.116934 
0.093024 
0.112690 
0.107812 
0.094129 
0.108282 
0.079912 
0.119347 
0.099987 
0.119101 
0.123666 
0.113391 
0.138330 
0.124931 
0.144101 
0.104554 
0.123127 
0.125103 
0.120689 
0.145198 
0.106423 
0.130543 
0.117235 
0.136882 
0.126455 
0.125492 
0.133476 
0.127712 
0.151232 
0.139814 
0.158788 
0.140275 
0.150074 
0.146544 
0.143471 
0.161227 
0.143752 
0.167982 
0.148942 
0.157698 
0.151901 
0.156706 
0.168293 
0.140812 
0.171717 
0.156634 
0.179883 
0.161545 
0.163469 
0.173432 
0.154952 
0.170831 
0.153444 
0.173632 
0.156674 
0.159641 
0.155606 
0.143093 
0.144123 
0.132108 
0.146084 
0.125242 
0.134833 
0.123310 
0.119426 
0.121230 
0.101619 
0.105494 
0.078318 
0.079322 
0.062352 
0.048503 
0.044506 
0.028694 
0.040792 
0.055090 
0.040902 
0.080094 
0.065037 
0.086483 
0.090554 
0.075777 
0.096632 
0.068502 
0.101328 
0.080916 
0.094218 
0.099434 
0.083003 
0.109435 
0.078455 
0.104220 
0.082042 
0.091945 
0.097149 
0.080371 
0.107434 
0.078331 
0.109210 
0.086989 
0.099179 
0.099756 
0.087333 
0.110843 
0.081302 
0.109042 
0.082322 
0.101388 
0.092141 
0.091256 
0.104582 
0.082348 
0.105815 
0.077638 
0.105219 
0.083249 
0.099797 
0.093866 
0.091652 
0.101384 
0.082617 
0.104619 
0.079346 
0.102174 
0.077297 
0.090014 
0.083278 
0.093733 
0.124316 
0.105678 
0.146905 
0.162599 
0.183648 
0.210320 
0.229403 
0.227766 
0.221528 
0.226692 
0.221492 
0.242212 
0.234281 
0.253820 
0.230129 
0.249379 
0.228483 
0.244310 
0.244350 
0.266011 
0.237718 
0.253392 
0.231688 
0.239068 
0.217562 
0.226107 
0.209719 
0.218860 
0.208931 
0.216004 
0.206817 
0.223839 
0.205526 
0.212663 
0.203069 
0.214472 
0.200384 
0.217129 
0.205645 
0.225553 
0.213294 
0.222443 
0.215787 
0.232324 
0.215587 
0.227456 
0.210528 
0.230599 
0.208615 
0.227956 
0.217675 
0.220595 
0.203763 
0.222816 
0.208633 
0.217594 
0.212709 
0.229995 
0.225503 
0.224092 
0.214929 
0.214426 
0.218165 
0.219124 
0.224615 
0.218653 
0.218247 
0.204310 
0.201356 
0.206345 
0.217024 
0.214876 
0.220443 
0.205881 
0.207004 
0.203101 
0.214358 
0.206296 
0.218242 
0.208854 
0.215985 
0.218765 
0.229100 
0.206617 
0.217698 
0.210138 
0.231319 
0.213110 
0.218023 
0.202200 
0.216065 
0.215434 
0.229901 
0.219698 
0.227590 
0.223088 
0.224177 
0.222059 
0.229082 
0.221675 
0.215393 
0.217792 
0.223108 
0.223918 
0.208006 
0.228092 
0.220728 
0.225548 
0.231245 
0.236250 
0.219224 
0.202860 
0.196518 
0.204792 
0.190208 
0.190168 
0.191026 
0.177606 
0.173099 
0.169547 
0.167196 
0.177654 
0.182234 
0.177312 
0.169571 
0.170880 
0.165480 
0.168170 
0.181790 
0.181002 
0.183023 
0.181561 
0.180362 
0.166189 
0.147269 
0.143178 
0.140237 
0.122024 
0.122050 
0.142507 
0.138689 
0.132050 
0.148533 
0.153144 
0.146021 
0.149026 
0.152619 
0.141364 
0.149116 
0.154925 
0.143048 
0.138063 
0.130404 
0.137203 
0.130223 
0.127955 
0.140662 
0.126094 
0.126775 
0.124274 
0.114914 
0.129484 
0.125940 
0.115539 
0.105970 
0.095068 
0.093241 
0.087279 
0.075592 
0.069067 
0.059792 
0.056575 
0.059510 
0.052472 
0.047201 
0.043450 
0.042457 
0.041084 
0.041634 
0.035104 
0.035392 
0.039413 
0.031654 
0.024716 
0.028060 
0.027272 
0.025689 
0.022734 
0.024767 
0.022258 
0.020316 
0.023614 
0.021541 
0.022699 
0.021322 
0.019838 
0.023411 
0.023322 
0.020982 
0.019318 
0.015923 
0.016178 
0.021035 
0.021021 
0.016566 
0.013786 
0.012472 
0.011486 
0.008856 
0.007757 
0.007173 
0.007653 
0.008790 
0.007390 
0.005918 
0.006413 
0.005193 
0.003738 
0.002729 
0.002039 
0.001884 
0.001885 
0.001479 
0.001041 
0.000859 
0.000799 
0.000566 
0.000416 
0.000308 
0.000229 
0.000158 
0.000198 
0.000198 
0.000132 
0.000100 
0.000071 
0.000052 
0.000038 
0.000027 
0.000020 
0.000014 
0.000011 
0.000006 
0.000013 
0.000020 
0.000014 
0.000010 
0.000007 
0.000005 
0.000004 
0.000003 
0.000002 
0.000001 
0.000001 
0.000001 
0.000001 
0.000000 
0.000000 
0.000000 
0.000002 
0.000003 
0.000002 
0.000001 
0.000003 
0.000003 
0.000002 
0.000001 
0.000001 
0.000001 
0.000001 
0.000000 
0.000000 
0.000000 
0.000001 
0.000003 
0.000002 
0.000004 
0.000003 
0.000002 
0.000001 
0.000001 
0.000001 
0.000001 
0.000000 
0.000000 
0.000000 
0.000000 
0.000000 
0.000000 
0.000000 
0.000000 
0.000000 
0.000000 
0.000000 
0.000000 
0.000000 
0.000000 
0.000000 
0.000000 
0.000000 
0.000000 
0.000000 
0.000000 
0.000000 
0.000000 
0.000000 
0.000000 
0.000000 
0.000000 
0.000000 
0.000000 
0.000000 
0.000000 
0.000000 
0.000000 
0.000000 
0.000000 
0.000000 
0.000000 
0.000000 
0.000000 
0.000000 
0.000000 
0.000000 
0.000000 
0.000000 
0.000000 
0.000000 
0.000000 
0.000000 
0.000000 
0.000000 
0.000000 
0.000000 
0.000000 
0.000000 
0.000000 
0.000000 
0.000000 
0.000000 
0.000000 
0.000000 
0.000000 
