[ASCII 1000Hz, Channels: 1, Samples: 3348, Flags: 0]                          
0.000000 
0.000000 
0.000000 
0.000000 
0.000000 
0.000000 
0.000000 
0.000000 
0.000000 
0.000000 
0.000000 
0.000000 
0.000000 
0.000000 
0.000000 
0.000000 
0.000000 
0.000000 
0.000000 
0.000000 
0.000000 
0.000000 
0.000000 
0.000000 
0.000000 
0.000000 
0.000000 
0.000000 
0.000000 
0.000000 
0.000000 
0.000000 
0.000000 
0.000000 
0.000000 
0.000000 
0.000000 
0.000000 
0.000000 
0.000000 
0.000000 
0.000000 
0.000000 
0.000000 
0.000000 
0.000000 
0.000000 
0.000000 
0.000000 
0.000000 
0.000000 
0.000000 
0.000000 
0.000000 
0.000000 
0.000000 
0.000000 
0.000000 
0.000000 
0.000000 
0.000000 
0.000000 
0.000000 
0.000000 
0.000000 
0.000000 
0.000000 
0.000000 
0.000000 
0.000000 
0.000000 
0.000000 
0.000000 
0.000000 
0.000000 
0.000000 
0.000000 
0.000000 
0.000000 
0.000000 
0.000000 
0.000000 
-0.000000 
0.000000 
-0.000000 
0.000000 
-0.000000 
0.000001 
0.000003 
0.000002 
0.000001 
0.000001 
0.000001 
0.000000 
0.000000 
0.000000 
0.000000 
0.000000 
0.000000 
0.000000 
-0.000000 
0.000000 
0.000003 
0.000002 
0.000001 
0.000001 
0.000001 
0.000001 
0.000000 
0.000000 
0.000000 
0.000000 
0.000000 
0.000000 
0.000000 
0.000000 
0.000000 
0.000000 
0.000000 
-0.000000 
0.000002 
0.000002 
0.000001 
0.000001 
0.000005 
0.000005 
0.000003 
0.000002 
0.000006 
0.000005 
0.000003 
0.000003 
0.000002 
0.000001 
0.000001 
0.000001 
0.000001 
0.000000 
0.000000 
0.000000 
0.000000 
0.000000 
-0.000001 
0.000005 
-0.000013 
0.000134 
0.000289 
0.000244 
0.000381 
0.000858 
0.002272 
0.003697 
0.006395 
0.005087 
0.011148 
0.015719 
0.014225 
0.012582 
0.013797 
0.016040 
0.026053 
0.021648 
0.022727 
0.034561 
0.029746 
0.044241 
0.066618 
0.060803 
0.066398 
0.060465 
0.052802 
0.044831 
0.074537 
0.099031 
0.136666 
0.128107 
0.120104 
0.154474 
0.135956 
0.104594 
0.083503 
0.092767 
0.122872 
0.115949 
0.138726 
0.184404 
0.174405 
0.155702 
0.121733 
0.118414 
0.145295 
0.140632 
0.115092 
0.160940 
0.150445 
0.137042 
0.191865 
0.189626 
0.167314 
0.217117 
0.193728 
0.204153 
0.261083 
0.229045 
0.169915 
0.226284 
0.207269 
0.202677 
0.299034 
0.209114 
0.217916 
0.256307 
0.183563 
0.271724 
0.240409 
0.207364 
0.276537 
0.211935 
0.270460 
0.261054 
0.202259 
0.251379 
0.174229 
0.207254 
0.227432 
0.206133 
0.272301 
0.186644 
0.240682 
0.250984 
0.215433 
0.258365 
0.182965 
0.221663 
0.184318 
0.201206 
0.228395 
0.214973 
0.277286 
0.240580 
0.282916 
0.229259 
0.225292 
0.238265 
0.207798 
0.272002 
0.210191 
0.272645 
0.224726 
0.253630 
0.283447 
0.227794 
0.274992 
0.221900 
0.317460 
0.241626 
0.272500 
0.234614 
0.254898 
0.302845 
0.252837 
0.303549 
0.224247 
0.280295 
0.236059 
0.274871 
0.236970 
0.246551 
0.257889 
0.227395 
0.258902 
0.229679 
0.303135 
0.243138 
0.258452 
0.227344 
0.229189 
0.214488 
0.216433 
0.240982 
0.191730 
0.228082 
0.180825 
0.206135 
0.162603 
0.179344 
0.165854 
0.147327 
0.146750 
0.118384 
0.122427 
0.091453 
0.117141 
0.086854 
0.103919 
0.108559 
0.070851 
0.099180 
0.081504 
0.077311 
0.105053 
0.077099 
0.080122 
0.090214 
0.060283 
0.097816 
0.093237 
0.069469 
0.104801 
0.082894 
0.072140 
0.105097 
0.077784 
0.075218 
0.088125 
0.059703 
0.061552 
0.087335 
0.058678 
0.073131 
0.114572 
0.075494 
0.125014 
0.143658 
0.099707 
0.159068 
0.129862 
0.117397 
0.160730 
0.106734 
0.145668 
0.157193 
0.109286 
0.185371 
0.149108 
0.141714 
0.196521 
0.130071 
0.192192 
0.183303 
0.146404 
0.213509 
0.146712 
0.185003 
0.196487 
0.142653 
0.226685 
0.173350 
0.177222 
0.209661 
0.146135 
0.221030 
0.176082 
0.170793 
0.210566 
0.141981 
0.199192 
0.166003 
0.150700 
0.200660 
0.136005 
0.182309 
0.166609 
0.131045 
0.171129 
0.120807 
0.149959 
0.146695 
0.114465 
0.170846 
0.125434 
0.126934 
0.135407 
0.095841 
0.141195 
0.114785 
0.116721 
0.146377 
0.102191 
0.118319 
0.102744 
0.112868 
0.134067 
0.103302 
0.120493 
0.104960 
0.129066 
0.129657 
0.148196 
0.152247 
0.139691 
0.146197 
0.159575 
0.148731 
0.141542 
0.183614 
0.177776 
0.131255 
0.136232 
0.164401 
0.160769 
0.142690 
0.140731 
0.140776 
0.143408 
0.160375 
0.134397 
0.128438 
0.100859 
0.079506 
0.080127 
0.089058 
0.115453 
0.102860 
0.088894 
0.082789 
0.068572 
0.054010 
0.051794 
0.055160 
0.045614 
0.036479 
0.034339 
0.049133 
0.048845 
0.037667 
0.037571 
0.045190 
0.052417 
0.041397 
0.031442 
0.031849 
0.036383 
0.033421 
0.026127 
0.024348 
0.027276 
0.029682 
0.025410 
0.020356 
0.026807 
0.032327 
0.037193 
0.037412 
0.033724 
0.031951 
0.029778 
0.033663 
0.027500 
0.029761 
0.037625 
0.042888 
0.043350 
0.046578 
0.043287 
0.035849 
0.052914 
0.071102 
0.058307 
0.057130 
0.057275 
0.049794 
0.037300 
0.035311 
0.037835 
0.032943 
0.039938 
0.027338 
0.081981 
0.118311 
0.160417 
0.201642 
0.189715 
0.203039 
0.207513 
0.249941 
0.224515 
0.253317 
0.224708 
0.264560 
0.234188 
0.285180 
0.262798 
0.290728 
0.267771 
0.251152 
0.272102 
0.224086 
0.248477 
0.203529 
0.210361 
0.202441 
0.161921 
0.195329 
0.174436 
0.165552 
0.182798 
0.139202 
0.162755 
0.164476 
0.135263 
0.166290 
0.149384 
0.127796 
0.198759 
0.176957 
0.159206 
0.220340 
0.187397 
0.179955 
0.226881 
0.188938 
0.154118 
0.205052 
0.171303 
0.164043 
0.199935 
0.159745 
0.132642 
0.152358 
0.125282 
0.110338 
0.122816 
0.093591 
0.080090 
0.104880 
0.076258 
0.061744 
0.137361 
0.128442 
0.088727 
0.151321 
0.155512 
0.099407 
0.144820 
0.163313 
0.101900 
0.139351 
0.175544 
0.114504 
0.120144 
0.177202 
0.127946 
0.112124 
0.180662 
0.151694 
0.107287 
0.164629 
0.164194 
0.105018 
0.144164 
0.172911 
0.110868 
0.126920 
0.189115 
0.139896 
0.109591 
0.173831 
0.163233 
0.105144 
0.154442 
0.178344 
0.114893 
0.121456 
0.171616 
0.124218 
0.097579 
0.181164 
0.182290 
0.119189 
0.140966 
0.217046 
0.179942 
0.126728 
0.220242 
0.228501 
0.143156 
0.175704 
0.227113 
0.158329 
0.133009 
0.204484 
0.185794 
0.114708 
0.151945 
0.209899 
0.146086 
0.111310 
0.177115 
0.174602 
0.110214 
0.133290 
0.196138 
0.145782 
0.105848 
0.175567 
0.187169 
0.122218 
0.128688 
0.181492 
0.140141 
0.110586 
0.144326 
0.153054 
0.112074 
0.107434 
0.135145 
0.118192 
0.100593 
0.110444 
0.103197 
0.079998 
0.109622 
0.111581 
0.073508 
0.092413 
0.158863 
0.114726 
0.079990 
0.135833 
0.132592 
0.081445 
0.093124 
0.116190 
0.078738 
0.059953 
0.072972 
0.060753 
0.041192 
0.033800 
0.033350 
0.024452 
0.016954 
0.015334 
0.025489 
0.020360 
0.013654 
0.013038 
0.014559 
0.010161 
0.007395 
0.005925 
0.005044 
0.003555 
0.002631 
0.001856 
0.002663 
0.002598 
0.001700 
0.001629 
0.002779 
0.002377 
0.001545 
0.001530 
0.002022 
0.001444 
0.001019 
0.000973 
0.000938 
0.000648 
0.000471 
0.000416 
0.000599 
0.000527 
0.000369 
0.000510 
0.000453 
0.000306 
0.000264 
0.000239 
0.000181 
0.000138 
0.000093 
0.000129 
0.000197 
0.000174 
0.000125 
0.000112 
0.000212 
0.000212 
0.000159 
0.000131 
0.000052 
0.000257 
0.001618 
0.004151 
0.010083 
0.011062 
0.017836 
0.072177 
0.111015 
0.119141 
0.086323 
0.072978 
0.084877 
0.114973 
0.143335 
0.117313 
0.177528 
0.167554 
0.119957 
0.091879 
0.070574 
0.058780 
0.062376 
0.056156 
0.041451 
0.037031 
0.040812 
0.057410 
0.066721 
0.055740 
0.142348 
0.109477 
0.148647 
0.201725 
0.139905 
0.223138 
0.175496 
0.193915 
0.232947 
0.171007 
0.230952 
0.169311 
0.194438 
0.193169 
0.170316 
0.240334 
0.171581 
0.219712 
0.180789 
0.193015 
0.205709 
0.170904 
0.221480 
0.171788 
0.222552 
0.193837 
0.201829 
0.205174 
0.186166 
0.208363 
0.182452 
0.222859 
0.195073 
0.207619 
0.212761 
0.178590 
0.220605 
0.180261 
0.200993 
0.216202 
0.164556 
0.185069 
0.148691 
0.108307 
0.101789 
0.077779 
0.055089 
0.049222 
0.047301 
0.033094 
0.035050 
0.054680 
0.042110 
0.031912 
0.052469 
0.053277 
0.035730 
0.032759 
0.048087 
0.048868 
0.036213 
0.049376 
0.076709 
0.065188 
0.071523 
0.149263 
0.128049 
0.122694 
0.193149 
0.173175 
0.181375 
0.237808 
0.194710 
0.220841 
0.285861 
0.268585 
0.252107 
0.297849 
0.279114 
0.201375 
0.244948 
0.227772 
0.208011 
0.219372 
0.158224 
0.176919 
0.239317 
0.180671 
0.198218 
0.267214 
0.219679 
0.243456 
0.303916 
0.256907 
0.254446 
0.290895 
0.253492 
0.268699 
0.293483 
0.235884 
0.274555 
0.314844 
0.265593 
0.279470 
0.307788 
0.262404 
0.268181 
0.281734 
0.240804 
0.279828 
0.288306 
0.246988 
0.297676 
0.271294 
0.230262 
0.272477 
0.235924 
0.225608 
0.257743 
0.244315 
0.244425 
0.263556 
0.241376 
0.238357 
0.235610 
0.210672 
0.225166 
0.210009 
0.207882 
0.230273 
0.192058 
0.215862 
0.204805 
0.190493 
0.209194 
0.171596 
0.187686 
0.176081 
0.155534 
0.180877 
0.159970 
0.155091 
0.145630 
0.108938 
0.103772 
0.101372 
0.098991 
0.083954 
0.084813 
0.068143 
0.060363 
0.057800 
0.039455 
0.030881 
0.021693 
0.018196 
0.020835 
0.016173 
0.012786 
0.009295 
0.007472 
0.011132 
0.009980 
0.008377 
0.006155 
0.004424 
0.003426 
0.002546 
0.001895 
0.001419 
0.001018 
0.000741 
0.000537 
0.000389 
0.000282 
0.000205 
0.000148 
0.000107 
0.000078 
0.000056 
0.000041 
0.000030 
0.000022 
0.000017 
0.000012 
0.000009 
0.000006 
0.000005 
0.000003 
0.000002 
0.000002 
0.000001 
0.000001 
0.000001 
0.000000 
0.000000 
0.000000 
0.000000 
0.000000 
0.000000 
0.000000 
0.000000 
0.000000 
0.000000 
0.000000 
0.000000 
0.000000 
0.000000 
0.000000 
0.000000 
0.000000 
0.000000 
0.000000 
0.000000 
0.000000 
0.000000 
0.000000 
-0.000000 
0.000000 
-0.000000 
0.000000 
0.000002 
0.000002 
0.000002 
0.000001 
0.000004 
0.000007 
0.000005 
0.000004 
0.000003 
0.000002 
0.000001 
0.000001 
0.000002 
0.000003 
0.000002 
0.000002 
0.000003 
0.000003 
0.000002 
0.000001 
0.000001 
0.000001 
0.000001 
0.000000 
0.000000 
0.000000 
0.000000 
0.000000 
0.000000 
0.000000 
-0.000000 
0.000004 
0.000007 
0.000004 
0.000006 
0.000007 
0.000004 
0.000006 
0.000013 
0.000013 
0.000016 
0.000020 
0.000018 
0.000020 
0.000020 
0.000042 
0.000142 
0.002814 
0.010034 
0.012419 
0.014837 
0.022868 
0.021963 
0.022801 
0.026611 
0.021428 
0.037141 
0.047690 
0.098445 
0.088576 
0.172549 
0.226212 
0.211188 
0.277552 
0.213970 
0.232989 
0.204987 
0.216438 
0.256213 
0.213299 
0.257625 
0.230447 
0.230584 
0.255943 
0.198439 
0.233581 
0.211491 
0.211730 
0.242286 
0.201319 
0.220844 
0.198198 
0.195852 
0.224610 
0.190763 
0.216854 
0.200181 
0.204143 
0.212998 
0.179941 
0.198730 
0.180331 
0.187618 
0.206076 
0.183076 
0.189649 
0.179864 
0.180913 
0.202714 
0.191042 
0.213126 
0.212436 
0.187715 
0.204799 
0.179167 
0.182467 
0.200640 
0.177886 
0.213408 
0.186185 
0.189505 
0.210367 
0.165411 
0.200201 
0.192669 
0.223056 
0.232170 
0.166883 
0.227819 
0.195782 
0.188500 
0.215560 
0.161777 
0.215120 
0.176609 
0.170090 
0.212938 
0.158475 
0.196225 
0.165903 
0.161382 
0.204481 
0.158798 
0.196402 
0.182038 
0.171765 
0.190702 
0.147719 
0.158681 
0.153636 
0.138662 
0.179739 
0.139161 
0.141754 
0.157691 
0.113096 
0.140709 
0.123587 
0.114327 
0.150059 
0.115890 
0.127447 
0.113421 
0.097798 
0.141259 
0.125076 
0.105469 
0.152887 
0.139649 
0.112369 
0.114076 
0.107427 
0.110786 
0.128946 
0.105895 
0.097827 
0.093979 
0.065210 
0.088201 
0.094851 
0.066950 
0.078330 
0.098676 
0.069848 
0.098946 
0.139928 
0.101193 
0.088343 
0.127117 
0.099846 
0.069957 
0.083580 
0.080829 
0.050451 
0.062720 
0.084635 
0.059974 
0.043825 
0.052093 
0.049056 
0.032820 
0.032077 
0.040608 
0.033145 
0.028240 
0.026864 
0.032494 
0.027429 
0.020804 
0.018756 
0.016232 
0.012183 
0.009623 
0.010237 
0.010563 
0.009337 
0.006629 
0.005159 
0.004524 
0.003297 
0.002389 
0.001769 
0.001471 
0.001081 
0.000779 
0.000567 
0.000410 
0.000298 
0.000216 
0.000157 
0.000112 
0.000085 
0.000054 
0.000094 
0.000259 
0.000389 
0.000434 
0.000582 
0.000631 
0.000452 
0.000425 
0.001107 
0.001535 
0.002532 
0.004085 
0.003907 
0.003438 
0.004753 
0.005554 
0.006986 
0.011295 
0.010956 
0.007565 
0.008637 
0.012897 
0.014475 
0.015253 
0.017209 
0.014046 
0.011731 
0.009301 
0.010430 
0.015189 
0.014087 
0.012472 
0.018029 
0.018212 
0.018720 
0.015370 
0.017626 
0.019860 
0.019813 
0.021321 
0.019548 
0.019610 
0.024407 
0.026298 
0.025405 
0.026196 
0.030384 
0.029128 
0.024469 
0.018809 
0.014628 
0.017566 
0.022867 
0.017691 
0.015495 
0.016211 
0.018905 
0.015679 
0.014184 
0.013932 
0.014972 
0.014384 
0.014561 
0.016050 
0.016973 
0.016353 
0.012493 
0.013311 
0.021613 
0.019366 
0.020527 
0.017361 
0.016125 
0.020019 
0.023240 
0.022333 
0.020114 
0.020585 
0.015569 
0.020160 
0.018452 
0.015731 
0.015678 
0.019428 
0.018876 
0.019208 
0.015801 
0.016939 
0.017517 
0.025161 
0.028169 
0.021835 
0.028052 
0.030477 
0.029821 
0.029892 
0.022998 
0.018349 
0.021134 
0.021404 
0.021035 
0.022041 
0.022385 
0.019714 
0.018510 
0.020843 
0.023710 
0.020425 
0.015299 
0.019893 
0.020953 
0.017483 
0.018665 
0.019998 
0.014929 
0.014658 
0.017554 
0.019175 
0.022521 
0.023748 
0.021877 
0.021279 
0.021518 
0.017358 
0.014268 
0.013866 
0.013922 
0.019269 
0.022412 
0.022341 
0.021766 
0.027280 
0.027200 
0.022869 
0.017748 
0.014067 
0.013818 
0.013895 
0.013169 
0.020715 
0.021522 
0.018451 
0.018464 
0.019749 
0.015463 
0.014793 
0.018752 
0.017451 
0.015141 
0.011687 
0.012586 
0.015596 
0.013276 
0.012473 
0.014175 
0.011763 
0.012006 
0.011027 
0.011088 
0.013220 
0.012574 
0.012356 
0.014106 
0.011037 
0.009257 
0.010525 
0.011218 
0.009680 
0.009886 
0.008383 
0.009017 
0.011799 
0.012482 
0.009945 
0.008148 
0.007028 
0.006478 
0.005770 
0.005644 
0.004726 
0.004161 
0.003964 
0.004407 
0.003632 
0.003362 
0.003195 
0.002954 
0.002656 
0.002340 
0.002030 
0.001943 
0.002180 
0.001964 
0.001999 
0.001650 
0.001820 
0.001366 
0.000982 
0.000707 
0.000612 
0.000496 
0.000376 
0.000296 
0.000292 
0.000382 
0.000266 
0.000197 
0.000142 
0.000110 
0.000163 
0.000244 
0.000255 
0.000788 
0.001939 
0.003617 
0.006589 
0.008929 
0.011068 
0.010389 
0.009479 
0.010139 
0.012196 
0.012929 
0.019969 
0.026759 
0.023897 
0.023544 
0.024287 
0.028202 
0.025295 
0.031390 
0.035383 
0.035564 
0.054991 
0.045008 
0.035676 
0.038872 
0.040491 
0.039590 
0.054809 
0.058736 
0.051734 
0.057615 
0.063065 
0.057683 
0.051681 
0.059323 
0.055222 
0.066617 
0.061477 
0.063272 
0.074517 
0.091982 
0.095766 
0.090133 
0.083246 
0.102126 
0.109782 
0.120405 
0.109378 
0.106802 
0.141226 
0.129815 
0.120487 
0.123591 
0.127534 
0.133432 
0.107777 
0.091351 
0.094253 
0.108791 
0.126619 
0.123435 
0.144247 
0.117205 
0.107705 
0.098458 
0.104749 
0.120166 
0.119638 
0.127498 
0.117940 
0.109790 
0.101856 
0.107463 
0.123868 
0.115625 
0.092376 
0.101756 
0.107457 
0.092118 
0.087744 
0.105733 
0.089723 
0.078908 
0.094995 
0.102893 
0.065528 
0.151012 
0.172849 
0.121774 
0.213351 
0.167443 
0.172065 
0.212103 
0.143121 
0.207384 
0.173698 
0.160320 
0.226045 
0.150363 
0.209361 
0.213367 
0.155604 
0.229975 
0.167653 
0.182730 
0.222446 
0.146923 
0.228152 
0.202016 
0.166356 
0.239863 
0.162184 
0.202758 
0.242474 
0.164544 
0.255756 
0.232495 
0.176695 
0.226351 
0.164086 
0.175906 
0.198807 
0.135507 
0.194301 
0.185725 
0.141274 
0.191406 
0.141828 
0.138451 
0.190401 
0.127328 
0.145328 
0.166872 
0.105955 
0.145750 
0.144122 
0.096385 
0.144691 
0.126361 
0.090238 
0.144110 
0.118065 
0.094692 
0.162645 
0.123724 
0.109332 
0.158581 
0.108203 
0.119581 
0.154949 
0.098648 
0.132001 
0.140819 
0.093800 
0.144144 
0.121734 
0.100539 
0.146409 
0.099249 
0.121077 
0.137349 
0.093451 
0.139430 
0.109760 
0.109393 
0.138134 
0.091939 
0.135336 
0.114508 
0.111049 
0.140677 
0.097803 
0.138059 
0.108913 
0.116939 
0.135593 
0.102959 
0.142384 
0.105650 
0.133981 
0.120708 
0.114162 
0.130059 
0.098348 
0.128597 
0.102758 
0.122091 
0.102845 
0.124443 
0.112442 
0.118296 
0.120431 
0.116303 
0.140483 
0.119235 
0.150801 
0.126728 
0.168518 
0.147896 
0.160990 
0.132445 
0.155225 
0.139956 
0.153697 
0.153227 
0.162558 
0.150635 
0.160910 
0.164079 
0.151958 
0.162652 
0.147046 
0.161772 
0.147135 
0.167643 
0.147197 
0.164245 
0.141011 
0.180789 
0.149099 
0.176320 
0.145892 
0.175939 
0.144105 
0.177340 
0.146377 
0.187397 
0.160117 
0.159391 
0.133181 
0.164368 
0.147046 
0.151568 
0.135425 
0.164472 
0.150201 
0.168793 
0.150140 
0.168289 
0.148366 
0.154037 
0.139038 
0.134031 
0.133128 
0.134329 
0.138708 
0.125375 
0.123818 
0.112251 
0.118977 
0.104495 
0.104896 
0.088340 
0.086353 
0.068056 
0.059601 
0.046924 
0.038615 
0.033223 
0.028553 
0.040129 
0.039764 
0.042394 
0.041098 
0.042646 
0.037604 
0.033568 
0.026128 
0.019796 
0.014128 
0.012346 
0.009906 
0.007580 
0.005521 
0.003990 
0.002909 
0.002063 
0.001794 
0.001483 
0.001500 
0.002436 
0.002256 
0.002050 
0.002391 
0.002527 
0.003698 
0.003313 
0.002699 
0.002369 
0.001814 
0.001347 
0.001152 
0.002004 
0.003082 
0.004646 
0.013980 
0.019548 
0.014877 
0.010783 
0.008539 
0.010956 
0.008101 
0.020093 
0.029216 
0.020607 
0.018436 
0.014449 
0.013033 
0.012844 
0.011398 
0.012341 
0.011575 
0.010782 
0.012800 
0.012889 
0.023074 
0.027318 
0.026632 
0.029924 
0.031497 
0.028273 
0.027533 
0.029195 
0.028802 
0.033255 
0.031866 
0.026799 
0.025323 
0.022862 
0.023572 
0.026243 
0.026924 
0.025753 
0.025249 
0.030125 
0.039278 
0.042471 
0.040881 
0.038184 
0.033901 
0.035517 
0.037212 
0.034468 
0.040205 
0.048340 
0.046872 
0.049813 
0.051776 
0.052420 
0.043829 
0.046139 
0.051065 
0.051390 
0.053404 
0.054569 
0.057017 
0.069213 
0.072780 
0.080702 
0.083990 
0.061903 
0.070479 
0.071825 
0.058437 
0.053862 
0.041691 
0.029611 
0.021716 
0.015663 
0.011361 
0.008522 
0.006490 
0.005434 
0.005041 
0.004596 
0.004647 
0.004914 
0.004480 
0.005995 
0.005906 
0.004829 
0.003844 
0.003139 
0.002467 
0.002099 
0.001889 
0.001840 
0.001776 
0.002068 
0.001781 
0.001507 
0.001187 
0.001196 
0.001040 
0.000948 
0.000905 
0.000657 
0.000568 
0.000502 
0.000355 
0.000287 
0.000275 
0.000204 
0.000147 
0.000107 
0.000077 
0.000056 
0.000041 
0.000029 
0.000021 
0.000015 
0.000012 
0.000012 
0.000016 
0.000019 
0.000021 
0.000026 
0.000025 
0.000025 
0.000036 
0.000037 
0.000023 
0.000079 
0.000166 
0.001904 
0.009226 
0.006741 
0.054289 
0.160050 
0.206868 
0.155993 
0.129458 
0.102709 
0.079818 
0.089608 
0.089674 
0.129057 
0.146482 
0.111789 
0.087865 
0.084019 
0.108849 
0.147482 
0.154550 
0.160041 
0.121069 
0.111907 
0.100924 
0.082713 
0.095978 
0.096474 
0.084915 
0.088460 
0.104528 
0.112354 
0.091811 
0.093484 
0.110860 
0.114310 
0.115564 
0.111958 
0.126500 
0.130105 
0.121138 
0.126890 
0.131417 
0.147198 
0.137088 
0.140583 
0.152645 
0.150838 
0.155463 
0.142743 
0.135817 
0.137401 
0.143065 
0.144096 
0.142426 
0.140883 
0.137164 
0.134820 
0.129910 
0.125822 
0.122585 
0.123189 
0.132558 
0.137498 
0.128907 
0.109852 
0.094911 
0.088371 
0.083801 
0.072053 
0.064079 
0.060949 
0.059555 
0.062750 
0.059664 
0.056131 
0.054596 
0.043947 
0.034367 
0.025504 
0.018607 
0.013625 
0.010380 
0.009538 
0.009190 
0.006984 
0.005817 
0.005099 
0.004060 
0.003342 
0.002673 
0.002087 
0.001998 
0.001983 
0.001815 
0.001368 
0.001424 
0.001391 
0.001361 
0.001364 
0.001417 
0.001576 
0.001710 
0.001564 
0.001639 
0.002996 
0.002591 
0.001772 
0.001347 
0.001116 
0.000875 
0.000626 
0.000453 
0.000362 
0.000554 
0.000785 
0.000808 
0.000943 
0.001484 
0.002497 
0.004248 
0.008038 
0.009738 
0.013336 
0.011959 
0.009185 
0.007624 
0.006981 
0.015875 
0.022433 
0.017912 
0.016973 
0.021803 
0.020619 
0.027627 
0.036894 
0.042346 
0.060617 
0.097876 
0.095726 
0.090258 
0.071038 
0.067913 
0.058542 
0.063100 
0.082283 
0.090303 
0.129764 
0.122348 
0.132822 
0.130721 
0.103179 
0.100168 
0.110045 
0.113812 
0.110435 
0.118236 
0.122849 
0.157254 
0.181510 
0.158448 
0.192710 
0.158647 
0.111949 
0.120438 
0.122027 
0.122525 
0.141521 
0.157386 
0.166196 
0.147549 
0.144398 
0.179208 
0.161617 
0.129809 
0.148472 
0.136455 
0.162310 
0.215810 
0.190746 
0.200835 
0.181645 
0.168215 
0.142889 
0.116171 
0.129526 
0.142965 
0.152360 
0.151270 
0.129956 
0.105433 
0.099947 
0.118316 
0.118323 
0.112782 
0.085594 
0.077253 
0.065130 
0.051434 
0.044882 
0.037593 
0.031818 
0.041433 
0.037579 
0.029361 
0.024371 
0.022885 
0.019166 
0.015101 
0.014009 
0.010379 
0.011857 
0.014725 
0.012421 
0.008534 
0.010794 
0.018704 
0.012296 
0.014363 
0.023988 
0.018473 
0.013016 
0.022892 
0.029404 
0.020470 
0.027321 
0.025298 
0.018833 
0.015246 
0.019889 
0.029226 
0.040287 
0.044151 
0.047761 
0.047873 
0.048042 
0.048914 
0.057383 
0.061556 
0.072325 
0.075238 
0.078107 
0.079763 
0.080032 
0.091711 
0.091358 
0.099787 
0.096197 
0.106269 
0.101555 
0.103561 
0.107168 
0.109267 
0.112021 
0.107150 
0.114621 
0.105071 
0.118234 
0.105904 
0.118244 
0.104206 
0.119084 
0.103481 
0.112638 
0.099234 
0.111523 
0.100535 
0.109181 
0.100089 
0.106799 
0.094476 
0.095409 
0.080673 
0.111851 
0.113495 
0.149484 
0.136020 
0.150900 
0.156108 
0.183756 
0.167081 
0.170187 
0.150256 
0.160448 
0.136438 
0.148369 
0.125779 
0.123480 
0.108735 
0.111041 
0.104503 
0.100101 
0.108974 
0.091358 
0.117414 
0.095615 
0.118623 
0.091586 
0.106709 
0.090613 
0.104017 
0.096462 
0.093148 
0.104385 
0.083885 
0.117910 
0.086292 
0.119600 
0.099487 
0.110601 
0.124788 
0.096597 
0.132517 
0.095730 
0.113661 
0.101948 
0.085644 
0.090101 
0.064971 
0.061135 
0.044664 
0.032511 
0.023834 
0.017876 
0.013532 
0.012047 
0.009791 
0.010452 
0.007776 
0.005746 
0.004692 
0.003646 
0.003683 
0.002878 
0.002007 
0.002052 
0.001649 
0.002440 
0.002337 
0.002266 
0.002005 
0.001599 
0.001377 
0.001265 
0.001051 
0.000913 
0.000764 
0.000631 
0.000643 
0.000452 
0.000640 
0.000538 
0.000495 
0.000551 
0.000412 
0.000488 
0.000408 
0.000550 
0.000461 
0.000338 
0.000264 
0.000187 
0.000137 
0.000099 
0.000072 
0.000052 
0.000038 
0.000028 
0.000024 
0.000021 
0.000029 
0.000026 
0.000166 
0.001627 
0.004125 
0.008292 
0.009870 
0.007786 
0.016137 
0.026230 
0.043179 
0.068181 
0.070126 
0.060295 
0.053176 
0.041609 
0.055583 
0.082464 
0.120741 
0.234981 
0.194285 
0.211270 
0.220975 
0.233253 
0.206488 
0.227931 
0.215634 
0.197167 
0.232979 
0.217313 
0.248346 
0.247158 
0.225215 
0.304223 
0.239589 
0.277793 
0.271014 
0.271336 
0.298575 
0.221298 
0.283779 
0.228962 
0.228269 
0.272675 
0.208948 
0.265929 
0.230584 
0.215460 
0.268591 
0.193976 
0.248747 
0.262646 
0.207267 
0.251502 
0.217196 
0.227212 
0.258180 
0.201184 
0.257515 
0.255289 
0.213697 
0.279517 
0.240368 
0.219922 
0.287014 
0.223409 
0.212028 
0.254602 
0.208508 
0.244075 
0.249790 
0.171375 
0.194634 
0.213077 
0.154005 
0.194682 
0.182973 
0.128067 
0.198329 
0.178683 
0.138160 
0.198515 
0.162597 
0.130959 
0.184627 
0.142617 
0.135637 
0.189293 
0.142274 
0.127854 
0.142457 
0.105256 
0.124956 
0.132679 
0.092806 
0.104463 
0.110885 
0.087123 
0.128812 
0.119107 
0.092256 
0.117861 
0.103150 
0.078473 
0.100095 
0.086093 
0.070756 
0.095673 
0.076701 
0.089659 
0.121720 
0.089081 
0.100356 
0.106956 
0.075541 
0.092827 
0.098495 
0.073365 
0.111395 
0.111732 
0.086650 
0.100139 
0.085769 
0.068054 
0.107282 
0.092960 
0.074791 
0.116636 
0.090812 
0.071209 
0.116618 
0.102782 
0.082514 
0.124772 
0.101664 
0.078135 
0.135475 
0.108280 
0.083001 
0.132229 
0.104425 
0.080702 
0.134169 
0.106606 
0.081256 
0.136305 
0.109357 
0.084210 
0.132769 
0.103305 
0.079318 
0.129613 
0.105345 
0.078409 
0.131967 
0.110677 
0.075825 
0.129598 
0.121978 
0.077000 
0.120587 
0.125062 
0.077849 
0.086665 
0.098215 
0.067631 
0.048442 
0.056318 
0.055206 
0.037593 
0.027414 
0.035497 
0.033833 
0.022802 
0.017312 
0.034856 
0.035002 
0.022224 
0.021730 
0.034309 
0.027478 
0.018096 
0.028964 
0.038614 
0.026287 
0.020795 
0.024267 
0.019463 
0.012109 
0.027709 
0.037268 
0.022784 
0.030274 
0.057216 
0.045823 
0.032089 
0.101563 
0.111211 
0.061638 
0.105301 
0.167475 
0.111965 
0.089702 
0.177523 
0.166208 
0.100926 
0.131903 
0.187738 
0.128739 
0.097407 
0.180664 
0.173944 
0.105668 
0.133638 
0.191795 
0.133309 
0.098659 
0.171254 
0.165782 
0.100627 
0.124884 
0.193186 
0.139037 
0.097601 
0.159668 
0.167012 
0.104602 
0.108254 
0.182030 
0.143088 
0.092937 
0.132018 
0.157647 
0.105097 
0.086524 
0.155744 
0.143535 
0.092392 
0.106615 
0.155144 
0.112041 
0.076868 
0.125627 
0.135533 
0.095867 
0.086256 
0.146099 
0.130237 
0.081981 
0.104065 
0.151643 
0.112269 
0.086694 
0.115768 
0.107798 
0.071260 
0.079937 
0.119059 
0.091335 
0.068995 
0.094500 
0.106590 
0.085780 
0.065999 
0.097990 
0.117148 
0.098651 
0.077943 
0.118908 
0.118113 
0.080462 
0.073585 
0.118767 
0.119592 
0.100429 
0.078601 
0.093535 
0.094523 
0.092134 
0.121988 
0.116746 
0.100332 
0.095608 
0.084435 
0.074767 
0.098257 
0.109903 
0.094635 
0.132190 
0.119490 
0.100457 
0.092902 
0.091193 
0.081532 
0.077375 
0.067096 
0.065273 
0.077344 
0.073479 
0.069733 
0.059891 
0.060561 
0.049567 
0.046371 
0.047726 
0.039990 
0.042650 
0.051128 
0.041083 
0.031015 
0.027199 
0.032415 
0.034037 
0.035354 
0.031051 
0.027073 
0.022909 
0.025636 
0.026238 
0.022972 
0.034838 
0.031517 
0.024760 
0.025249 
0.028600 
0.028201 
0.027914 
0.025525 
0.030863 
0.034969 
0.030883 
0.032564 
0.033993 
0.025798 
0.021652 
0.022712 
0.022610 
0.020135 
0.020397 
0.028623 
0.029220 
0.028312 
0.026812 
0.026652 
0.023668 
0.021641 
0.020212 
0.024325 
0.022480 
0.023850 
0.035308 
0.028457 
0.025356 
0.027309 
0.025246 
0.020425 
0.019821 
0.021168 
0.021826 
0.022610 
0.035369 
0.045339 
0.044305 
0.035576 
0.025888 
0.023871 
0.028563 
0.026676 
0.019974 
0.014595 
0.012632 
0.010356 
0.008058 
0.007231 
0.005577 
0.003968 
0.002905 
0.002104 
0.001514 
0.001611 
0.001858 
0.001646 
0.001489 
0.001271 
0.001239 
0.001413 
0.001302 
0.001106 
0.000882 
0.000820 
0.000801 
0.000623 
0.000458 
0.000354 
0.000263 
0.000386 
0.000439 
0.000389 
0.000348 
0.000311 
0.000272 
0.000191 
0.000141 
0.000101 
0.000076 
0.000124 
0.000128 
0.000113 
0.000116 
0.000079 
0.000068 
0.000082 
0.000096 
0.000111 
0.000200 
0.001832 
0.004596 
0.010416 
0.010364 
0.017780 
0.109889 
0.164680 
0.168972 
0.117692 
0.088338 
0.063787 
0.046789 
0.044611 
0.042396 
0.038050 
0.036646 
0.033126 
0.030699 
0.030448 
0.029267 
0.027932 
0.030681 
0.037074 
0.039895 
0.046227 
0.051295 
0.062166 
0.060025 
0.062523 
0.062675 
0.066830 
0.082270 
0.085509 
0.094993 
0.097844 
0.119589 
0.121954 
0.126587 
0.129454 
0.140082 
0.144831 
0.148332 
0.148695 
0.146263 
0.162123 
0.154023 
0.147233 
0.158185 
0.163780 
0.162568 
0.158898 
0.170199 
0.166568 
0.169055 
0.171775 
0.169070 
0.169709 
0.162176 
0.169290 
0.166472 
0.171103 
0.169574 
0.162948 
0.167653 
0.152716 
0.152521 
0.135595 
0.128152 
0.102094 
0.081658 
0.081669 
0.077906 
0.080508 
0.077423 
0.081547 
0.078502 
0.081525 
0.081277 
0.081665 
0.084643 
0.082987 
0.087877 
0.083909 
0.088963 
0.091422 
0.098545 
0.102441 
0.102380 
0.102240 
0.097447 
0.099066 
0.096935 
0.095257 
0.093733 
0.090637 
0.089435 
0.087167 
0.093826 
0.093047 
0.091767 
0.088080 
0.082582 
0.087985 
0.093096 
0.101065 
0.113238 
0.127824 
0.146100 
0.130234 
0.145227 
0.158102 
0.219061 
0.246580 
0.235879 
0.228146 
0.207958 
0.194106 
0.175591 
0.164031 
0.165187 
0.174850 
0.177750 
0.182474 
0.179943 
0.178600 
0.195539 
0.196042 
0.191938 
0.200743 
0.206800 
0.218937 
0.227135 
0.223408 
0.232318 
0.250483 
0.243006 
0.242569 
0.283096 
0.303094 
0.308512 
0.304441 
0.289621 
0.291079 
0.304440 
0.301801 
0.311540 
0.306823 
0.302291 
0.302047 
0.315594 
0.323757 
0.320730 
0.309679 
0.312315 
0.311677 
0.306943 
0.295434 
0.293073 
0.306122 
0.296465 
0.298527 
0.282264 
0.281724 
0.289134 
0.294082 
0.277772 
0.280032 
0.287524 
0.277402 
0.272545 
0.265542 
0.272181 
0.269929 
0.272329 
0.254852 
0.271010 
0.258830 
0.261514 
0.255187 
0.256703 
0.250278 
0.261546 
0.260944 
0.254244 
0.250660 
0.237121 
0.235115 
0.224430 
0.229909 
0.217938 
0.227820 
0.228180 
0.223178 
0.208066 
0.203893 
0.188589 
0.182038 
0.166082 
0.153702 
0.143891 
0.133312 
0.120199 
0.108846 
0.089029 
0.065782 
0.055878 
0.047851 
0.041439 
0.039654 
0.045608 
0.042642 
0.054395 
0.046079 
0.066600 
0.054110 
0.061761 
0.054646 
0.066277 
0.060158 
0.070055 
0.063243 
0.070997 
0.064517 
0.069338 
0.072557 
0.070121 
0.074280 
0.067399 
0.079685 
0.065574 
0.082979 
0.063962 
0.086784 
0.069068 
0.084546 
0.078220 
0.079640 
0.091378 
0.073844 
0.105848 
0.077493 
0.098677 
0.085139 
0.080778 
0.099697 
0.069846 
0.084857 
0.066327 
0.065948 
0.075788 
0.051272 
0.083922 
0.073439 
0.059729 
0.083365 
0.057243 
0.059173 
0.077421 
0.049375 
0.068241 
0.080609 
0.050110 
0.068134 
0.077118 
0.047817 
0.057397 
0.069837 
0.044621 
0.046397 
0.057163 
0.038766 
0.034070 
0.045143 
0.034549 
0.024340 
0.024485 
0.020475 
0.014056 
0.015467 
0.013286 
0.008863 
0.009330 
0.008703 
0.005786 
0.005265 
0.007315 
0.008551 
0.007813 
0.009951 
0.013650 
0.022375 
0.026643 
0.025991 
0.021426 
0.015964 
0.018706 
0.050457 
0.055736 
0.067135 
0.101863 
0.090319 
0.099049 
0.139551 
0.129106 
0.104503 
0.134538 
0.115754 
0.100819 
0.139889 
0.115607 
0.100062 
0.140431 
0.113084 
0.112954 
0.144500 
0.108903 
0.120334 
0.150074 
0.109230 
0.131599 
0.176945 
0.128671 
0.148706 
0.187079 
0.135201 
0.128432 
0.167233 
0.125331 
0.122549 
0.166674 
0.129304 
0.127542 
0.152021 
0.127143 
0.131806 
0.154966 
0.122655 
0.139424 
0.153061 
0.116417 
0.129524 
0.158027 
0.124465 
0.133471 
0.156813 
0.126718 
0.136910 
0.178302 
0.146599 
0.152846 
0.190322 
0.151496 
0.133423 
0.185896 
0.150727 
0.141528 
0.207602 
0.160789 
0.170637 
0.228416 
0.163285 
0.188361 
0.242334 
0.169263 
0.209635 
0.245968 
0.157319 
0.215940 
0.227499 
0.149038 
0.270512 
0.251448 
0.195550 
0.287091 
0.211588 
0.199449 
0.284298 
0.186533 
0.227809 
0.265142 
0.171539 
0.264889 
0.254493 
0.196998 
0.309586 
0.232477 
0.233725 
0.305508 
0.206683 
0.273341 
0.268136 
0.206410 
0.316197 
0.249638 
0.273829 
0.322586 
0.232812 
0.306206 
0.283542 
0.262826 
0.331802 
0.260982 
0.308007 
0.309224 
0.283841 
0.328002 
0.272396 
0.313896 
0.303378 
0.289749 
0.292761 
0.258662 
0.298808 
0.267388 
0.285897 
0.295832 
0.265567 
0.298549 
0.260121 
0.287419 
0.264846 
0.260372 
0.293107 
0.232772 
0.283026 
0.252674 
0.244001 
0.266489 
0.224737 
0.262967 
0.215446 
0.237374 
0.242739 
0.214027 
0.246378 
0.210510 
0.236085 
0.239596 
0.235331 
0.240764 
0.217141 
0.250073 
0.218613 
0.221754 
0.213973 
0.235430 
0.231968 
0.225784 
0.238897 
0.211838 
0.223528 
0.200947 
0.225892 
0.221248 
0.224026 
0.235029 
0.223223 
0.223730 
0.218564 
0.258934 
0.253148 
0.241112 
0.225259 
0.218276 
0.233619 
0.240000 
0.266904 
0.232658 
0.207150 
0.220618 
0.234759 
0.215238 
0.240672 
0.239592 
0.255576 
0.245599 
0.244872 
0.238800 
0.264568 
0.269424 
0.287616 
0.292896 
0.271317 
0.290134 
0.280200 
0.297335 
0.282755 
0.298878 
0.281374 
0.303767 
0.270586 
0.305620 
0.284854 
0.311753 
0.279003 
0.311996 
0.290028 
0.303130 
0.280616 
0.292172 
0.285540 
0.309358 
0.287786 
0.302137 
0.292572 
0.317601 
0.292625 
0.300823 
0.290901 
0.300964 
0.281438 
0.302036 
0.298518 
0.291565 
0.290828 
0.284827 
0.290961 
0.292631 
0.302073 
0.294644 
0.287550 
0.273806 
0.277716 
0.262922 
0.257614 
0.238264 
0.223194 
0.208439 
0.204404 
0.210467 
0.193595 
0.175359 
0.175624 
0.175862 
0.181122 
0.170884 
0.161191 
0.159808 
0.142276 
0.133017 
0.137265 
0.129026 
0.126408 
0.110044 
0.101095 
0.103416 
0.099115 
0.103657 
0.108221 
0.103374 
0.100396 
0.107940 
0.109098 
0.111174 
0.123927 
0.126055 
0.112529 
0.120598 
0.122842 
0.113497 
0.112305 
0.110714 
0.101146 
0.098319 
0.098370 
0.113673 
0.105663 
0.092250 
0.083902 
0.067508 
0.049200 
0.050923 
0.049994 
0.050641 
0.059768 
0.073740 
0.079060 
0.073599 
0.098005 
0.084299 
0.066638 
0.060905 
0.050741 
0.039967 
0.039799 
0.036414 
0.035782 
0.036977 
0.030368 
0.032040 
0.034313 
0.032235 
0.035367 
0.033835 
0.030038 
0.031672 
0.027816 
0.029242 
0.029171 
0.026173 
0.023901 
0.020699 
0.019161 
0.023362 
0.018334 
0.017154 
0.024790 
0.024052 
0.027123 
0.026173 
0.025864 
0.022321 
0.020348 
0.020396 
0.016112 
0.014303 
0.015862 
0.013954 
0.012242 
0.013581 
0.016709 
0.020767 
0.018762 
0.016131 
0.017044 
0.014035 
0.013408 
0.013640 
0.017922 
0.016610 
0.011498 
0.010693 
0.008769 
0.010605 
0.010193 
0.007518 
0.008231 
0.007791 
0.007926 
0.007191 
0.005443 
0.004712 
0.004678 
0.005625 
0.005322 
0.004594 
0.004105 
0.004283 
0.003581 
0.002724 
0.002776 
0.003146 
0.002286 
0.001858 
0.001572 
0.001345 
0.001151 
0.000821 
0.000576 
0.000526 
0.000838 
0.000781 
0.000625 
0.000513 
0.000423 
0.000454 
0.000406 
0.000330 
0.000326 
0.000272 
0.000269 
0.000243 
0.000177 
0.000180 
0.000186 
0.000125 
0.000111 
0.000099 
0.000069 
0.000051 
0.000038 
0.000037 
0.000028 
0.000020 
0.000015 
0.000011 
0.000008 
0.000006 
0.000004 
0.000003 
0.000002 
0.000002 
0.000001 
0.000001 
0.000001 
0.000000 
0.000000 
0.000000 
0.000000 
0.000000 
0.000000 
0.000000 
0.000000 
0.000002 
0.000002 
0.000001 
0.000001 
0.000002 
0.000003 
0.000002 
0.000002 
0.000001 
0.000001 
0.000001 
0.000000 
0.000000 
0.000000 
0.000000 
0.000000 
0.000000 
0.000000 
0.000000 
0.000000 
-0.000000 
0.000002 
0.000002 
0.000001 
0.000001 
0.000001 
0.000001 
0.000000 
0.000000 
0.000000 
0.000000 
0.000000 
0.000000 
0.000000 
0.000000 
0.000000 
0.000000 
0.000000 
0.000000 
0.000000 
0.000000 
0.000000 
0.000000 
0.000000 
0.000000 
0.000000 
0.000000 
0.000000 
0.000000 
0.000000 
0.000000 
0.000000 
0.000000 
0.000000 
0.000000 
0.000000 
0.000000 
0.000000 
0.000000 
0.000000 
0.000000 
0.000000 
0.000000 
0.000000 
0.000000 
0.000000 
0.000000 
0.000000 
0.000000 
