[ASCII 1000Hz, Channels: 1, Samples: 3816, Flags: 0]                          
0.000000 
0.000000 
0.000000 
0.000000 
0.000000 
0.000000 
0.000000 
0.000000 
0.000000 
0.000000 
0.000000 
0.000000 
0.000000 
0.000000 
0.000000 
0.000000 
0.000000 
0.000000 
0.000000 
0.000000 
0.000000 
0.000000 
0.000000 
0.000000 
0.000000 
0.000000 
0.000000 
0.000000 
0.000000 
0.000000 
0.000000 
0.000000 
0.000000 
0.000000 
0.000000 
0.000000 
0.000000 
0.000000 
0.000000 
0.000000 
0.000000 
0.000000 
0.000000 
0.000000 
0.000000 
0.000000 
0.000000 
0.000000 
0.000000 
0.000000 
0.000000 
0.000000 
0.000000 
0.000000 
0.000000 
0.000000 
0.000000 
0.000000 
0.000000 
0.000000 
0.000000 
0.000000 
0.000000 
0.000000 
0.000000 
0.000000 
0.000000 
0.000000 
0.000000 
0.000000 
-0.000000 
-0.000000 
0.000000 
-0.000000 
0.000000 
-0.000001 
0.000007 
0.000042 
0.000066 
0.000077 
0.000077 
0.000111 
0.000138 
0.000146 
0.000141 
0.000129 
0.000112 
0.000105 
0.000086 
0.000215 
0.000209 
0.000377 
0.000641 
0.000479 
0.000484 
0.000640 
0.000524 
0.001617 
0.003332 
0.003489 
0.003950 
0.004287 
0.005517 
0.011159 
0.018343 
0.018386 
0.023871 
0.034836 
0.035257 
0.036083 
0.037487 
0.031369 
0.036952 
0.029836 
0.039812 
0.040160 
0.049965 
0.071925 
0.081417 
0.080184 
0.070802 
0.083290 
0.084944 
0.067648 
0.063395 
0.068665 
0.064035 
0.075941 
0.081208 
0.074832 
0.090065 
0.082968 
0.074773 
0.093193 
0.084067 
0.084198 
0.149020 
0.155598 
0.114687 
0.101855 
0.105476 
0.103992 
0.117699 
0.114823 
0.094600 
0.092683 
0.089380 
0.108966 
0.109323 
0.110142 
0.117796 
0.101287 
0.113464 
0.107995 
0.094040 
0.128286 
0.152203 
0.143585 
0.115298 
0.100034 
0.098448 
0.104686 
0.120573 
0.122317 
0.119687 
0.125765 
0.124416 
0.108332 
0.097879 
0.098224 
0.098092 
0.066480 
0.093638 
0.131791 
0.102331 
0.060525 
0.117887 
0.223812 
0.167790 
0.106638 
0.190861 
0.264983 
0.176655 
0.140290 
0.227610 
0.204901 
0.121984 
0.187537 
0.268772 
0.169918 
0.163492 
0.250019 
0.183339 
0.138526 
0.238802 
0.208305 
0.133131 
0.237296 
0.242972 
0.143871 
0.226868 
0.263251 
0.155507 
0.212195 
0.262740 
0.157945 
0.194435 
0.271461 
0.174466 
0.193414 
0.271753 
0.182763 
0.188714 
0.255513 
0.174395 
0.187204 
0.240065 
0.158397 
0.184530 
0.232438 
0.154585 
0.191880 
0.221856 
0.144363 
0.197832 
0.212750 
0.138599 
0.209508 
0.202196 
0.133510 
0.220198 
0.206195 
0.145230 
0.223348 
0.186627 
0.143095 
0.211610 
0.160124 
0.138884 
0.209320 
0.145928 
0.144177 
0.196849 
0.127403 
0.142782 
0.185432 
0.118141 
0.147131 
0.175944 
0.109768 
0.145721 
0.180118 
0.119610 
0.115078 
0.134820 
0.095739 
0.076839 
0.110690 
0.094475 
0.057139 
0.090446 
0.143416 
0.102749 
0.068565 
0.102470 
0.138819 
0.098793 
0.065539 
0.134987 
0.168578 
0.106653 
0.105456 
0.208754 
0.182330 
0.124817 
0.216544 
0.245572 
0.177388 
0.236588 
0.255350 
0.186841 
0.240834 
0.241388 
0.187317 
0.268384 
0.253210 
0.217266 
0.280452 
0.274985 
0.242128 
0.250743 
0.226071 
0.221089 
0.261231 
0.229027 
0.249353 
0.226901 
0.199747 
0.302059 
0.248021 
0.238839 
0.300266 
0.212245 
0.252527 
0.282938 
0.199711 
0.246370 
0.234407 
0.179960 
0.261982 
0.223998 
0.199292 
0.274875 
0.205741 
0.221568 
0.249698 
0.199082 
0.234097 
0.221547 
0.234285 
0.257463 
0.223363 
0.268466 
0.210877 
0.230091 
0.263637 
0.226696 
0.271338 
0.226710 
0.263667 
0.224506 
0.248969 
0.295809 
0.274145 
0.300820 
0.295634 
0.339247 
0.279541 
0.281786 
0.233989 
0.282332 
0.250839 
0.304089 
0.280236 
0.273065 
0.265022 
0.299061 
0.292973 
0.281965 
0.286883 
0.282635 
0.266288 
0.290501 
0.278247 
0.255959 
0.215186 
0.193215 
0.191036 
0.206330 
0.198366 
0.184949 
0.182396 
0.182483 
0.186226 
0.167985 
0.154508 
0.155367 
0.156137 
0.152166 
0.151859 
0.142680 
0.130495 
0.132911 
0.143540 
0.149761 
0.156050 
0.150086 
0.160816 
0.174882 
0.188703 
0.182898 
0.183303 
0.176877 
0.169661 
0.172210 
0.163705 
0.164744 
0.168102 
0.179787 
0.175097 
0.189377 
0.204518 
0.210012 
0.220805 
0.232947 
0.245359 
0.244795 
0.233941 
0.249314 
0.263832 
0.248360 
0.241187 
0.233596 
0.233122 
0.229897 
0.222794 
0.203670 
0.192845 
0.186028 
0.186660 
0.189043 
0.194916 
0.183592 
0.176121 
0.177521 
0.174453 
0.176071 
0.160737 
0.153810 
0.154881 
0.151604 
0.147800 
0.153568 
0.144684 
0.139465 
0.139315 
0.135080 
0.130759 
0.121225 
0.110092 
0.099168 
0.093791 
0.086807 
0.082269 
0.070574 
0.058749 
0.047810 
0.042315 
0.039151 
0.039764 
0.041083 
0.041302 
0.036368 
0.032666 
0.031471 
0.026594 
0.021939 
0.018056 
0.016828 
0.014540 
0.012833 
0.012888 
0.011018 
0.009028 
0.007701 
0.007713 
0.009216 
0.008121 
0.005540 
0.004145 
0.002963 
0.002161 
0.001551 
0.001183 
0.002335 
0.005498 
0.009400 
0.010014 
0.014110 
0.040161 
0.055570 
0.056897 
0.053830 
0.053960 
0.042568 
0.039550 
0.036930 
0.040800 
0.054676 
0.075844 
0.098862 
0.185764 
0.233774 
0.292387 
0.293856 
0.294349 
0.299179 
0.295354 
0.300063 
0.313103 
0.311939 
0.314319 
0.306065 
0.307237 
0.310988 
0.298116 
0.292189 
0.291728 
0.274325 
0.265361 
0.267664 
0.261109 
0.262501 
0.271483 
0.275766 
0.275424 
0.269942 
0.264545 
0.263743 
0.276063 
0.272227 
0.270907 
0.274302 
0.281277 
0.278776 
0.268064 
0.267853 
0.254736 
0.257664 
0.230741 
0.203637 
0.202889 
0.184144 
0.154204 
0.117012 
0.082968 
0.061491 
0.046119 
0.040921 
0.040500 
0.037748 
0.034082 
0.028948 
0.023665 
0.019943 
0.016002 
0.013752 
0.013033 
0.012495 
0.010211 
0.009224 
0.009015 
0.008167 
0.007929 
0.006859 
0.006592 
0.005921 
0.006315 
0.006320 
0.004397 
0.004680 
0.005702 
0.004591 
0.003827 
0.003587 
0.002910 
0.002131 
0.002051 
0.001783 
0.001231 
0.000915 
0.000656 
0.000477 
0.000346 
0.000251 
0.000182 
0.000132 
0.000096 
0.000069 
0.000050 
0.000037 
0.000045 
0.000359 
0.001412 
0.001593 
0.003116 
0.003818 
0.005459 
0.008591 
0.014119 
0.015867 
0.017483 
0.021590 
0.015296 
0.015131 
0.014442 
0.011821 
0.011122 
0.008237 
0.008696 
0.009889 
0.005933 
0.056251 
0.085876 
0.156247 
0.166771 
0.204004 
0.223104 
0.259964 
0.281983 
0.290380 
0.311257 
0.305299 
0.320803 
0.314112 
0.313985 
0.328753 
0.324859 
0.336051 
0.307371 
0.290479 
0.262250 
0.245301 
0.245784 
0.237368 
0.256729 
0.238917 
0.235764 
0.232796 
0.249069 
0.243787 
0.239817 
0.246673 
0.230842 
0.239776 
0.231430 
0.240474 
0.243629 
0.244658 
0.246379 
0.237420 
0.248596 
0.244041 
0.259771 
0.254264 
0.247749 
0.247437 
0.233158 
0.230758 
0.211447 
0.211163 
0.190096 
0.175464 
0.121859 
0.090146 
0.064866 
0.047095 
0.034198 
0.024629 
0.019090 
0.016503 
0.017553 
0.017693 
0.017925 
0.016775 
0.016039 
0.015249 
0.014662 
0.012779 
0.012202 
0.010255 
0.009576 
0.007524 
0.006064 
0.004298 
0.003195 
0.002218 
0.002015 
0.001874 
0.002747 
0.002931 
0.003337 
0.003123 
0.003127 
0.002776 
0.002546 
0.002221 
0.001950 
0.002151 
0.001905 
0.001666 
0.001238 
0.000887 
0.000648 
0.000464 
0.000350 
0.000215 
0.000385 
0.001494 
0.004577 
0.007365 
0.012685 
0.028800 
0.037557 
0.046158 
0.036611 
0.029707 
0.024380 
0.025399 
0.025966 
0.026764 
0.021610 
0.019892 
0.020625 
0.057905 
0.061700 
0.123449 
0.122932 
0.168596 
0.163936 
0.194219 
0.178964 
0.197505 
0.166720 
0.189238 
0.166691 
0.170319 
0.137480 
0.160572 
0.132197 
0.149724 
0.125734 
0.152164 
0.133070 
0.138312 
0.141670 
0.153722 
0.151118 
0.145455 
0.131353 
0.128520 
0.141542 
0.123761 
0.148259 
0.118876 
0.153013 
0.127903 
0.147820 
0.115746 
0.142579 
0.124306 
0.134015 
0.134620 
0.122766 
0.144440 
0.109733 
0.135680 
0.098893 
0.120425 
0.102022 
0.102738 
0.105571 
0.077650 
0.082375 
0.057848 
0.059723 
0.053428 
0.036380 
0.040660 
0.034639 
0.022984 
0.032978 
0.031906 
0.021156 
0.018644 
0.014705 
0.010395 
0.007578 
0.006022 
0.004535 
0.003554 
0.009623 
0.008759 
0.006301 
0.005691 
0.004004 
0.002935 
0.002123 
0.001539 
0.001116 
0.000809 
0.000585 
0.000431 
0.000293 
0.000395 
0.000437 
0.000295 
0.000221 
0.000158 
0.000115 
0.000083 
0.000082 
0.000046 
0.000153 
-0.000123 
0.001352 
0.003998 
0.003348 
0.028709 
0.069330 
0.071970 
0.061822 
0.054280 
0.050753 
0.048897 
0.047741 
0.049803 
0.042018 
0.040491 
0.035439 
0.035578 
0.031616 
0.051277 
0.037741 
0.052327 
0.108661 
0.074890 
0.064033 
0.120445 
0.102608 
0.069073 
0.124583 
0.116516 
0.075263 
0.121592 
0.115007 
0.072415 
0.121117 
0.120862 
0.073268 
0.113418 
0.127076 
0.075757 
0.101807 
0.135337 
0.082617 
0.095003 
0.144639 
0.098484 
0.082015 
0.132237 
0.106456 
0.071404 
0.091228 
0.086339 
0.057081 
0.046942 
0.052405 
0.039660 
0.028665 
0.019966 
0.029741 
0.035750 
0.024792 
0.017890 
0.016911 
0.015588 
0.010704 
0.007969 
0.005721 
0.004134 
0.003084 
0.001977 
0.003101 
0.003776 
0.002522 
0.001798 
0.002511 
0.003023 
0.001871 
0.002221 
0.003099 
0.002173 
0.001583 
0.001222 
0.001106 
0.000818 
0.000609 
0.000415 
0.000533 
0.000626 
0.000473 
0.000323 
0.000398 
0.000457 
0.000274 
0.000358 
0.000741 
0.000573 
0.000408 
0.000476 
0.000409 
0.000282 
0.000208 
0.000158 
0.000091 
0.000299 
0.000578 
0.000397 
0.001405 
0.002292 
0.001793 
0.014370 
0.040538 
0.068148 
0.060538 
0.057663 
0.053238 
0.045741 
0.064308 
0.064809 
0.052929 
0.042516 
0.031978 
0.023853 
0.040308 
0.041850 
0.076318 
0.076503 
0.043033 
0.070331 
0.155791 
0.125848 
0.097266 
0.073799 
0.116335 
0.103126 
0.067409 
0.060174 
0.127637 
0.106101 
0.073523 
0.053684 
0.114218 
0.116159 
0.079816 
0.052721 
0.102487 
0.116629 
0.079103 
0.050945 
0.077895 
0.141510 
0.099746 
0.070213 
0.062152 
0.138251 
0.113243 
0.080871 
0.051906 
0.111961 
0.128691 
0.086921 
0.056371 
0.084500 
0.147835 
0.102264 
0.073759 
0.060169 
0.126526 
0.106234 
0.075980 
0.046829 
0.109233 
0.134624 
0.088896 
0.062170 
0.073823 
0.135927 
0.098788 
0.073533 
0.047585 
0.085547 
0.106294 
0.069199 
0.054008 
0.034953 
0.068848 
0.075130 
0.048887 
0.038217 
0.024564 
0.043233 
0.049380 
0.032829 
0.024534 
0.018843 
0.027127 
0.023410 
0.016284 
0.011921 
0.009203 
0.009009 
0.006710 
0.004451 
0.005707 
0.007835 
0.005447 
0.004035 
0.002892 
0.002151 
0.001890 
0.001546 
0.001346 
0.001007 
0.000606 
0.001211 
0.002268 
0.001680 
0.001164 
0.001033 
0.002243 
0.004446 
0.009292 
0.014860 
0.018552 
0.013955 
0.011163 
0.009131 
0.012070 
0.018795 
0.024322 
0.022319 
0.033742 
0.030519 
0.031255 
0.029625 
0.028855 
0.024222 
0.019012 
0.019825 
0.019018 
0.016519 
0.023008 
0.023743 
0.038440 
0.081458 
0.082829 
0.058437 
0.057540 
0.079645 
0.064578 
0.063104 
0.086279 
0.055633 
0.064851 
0.156302 
0.123144 
0.079172 
0.087582 
0.201124 
0.161015 
0.106797 
0.100006 
0.243024 
0.207662 
0.143294 
0.147764 
0.278934 
0.230809 
0.185438 
0.214393 
0.322378 
0.266218 
0.221834 
0.275436 
0.319882 
0.270934 
0.239236 
0.301384 
0.268903 
0.224462 
0.217668 
0.223295 
0.147161 
0.132863 
0.179900 
0.136407 
0.128275 
0.169062 
0.117026 
0.136183 
0.146245 
0.102175 
0.106495 
0.139657 
0.143896 
0.109555 
0.076419 
0.090010 
0.149685 
0.140599 
0.114036 
0.128471 
0.166905 
0.150821 
0.146709 
0.221866 
0.196341 
0.138326 
0.194103 
0.183024 
0.128644 
0.179234 
0.189247 
0.134017 
0.148194 
0.163026 
0.123287 
0.114836 
0.121948 
0.082596 
0.082556 
0.150610 
0.156894 
0.106472 
0.138099 
0.170286 
0.120906 
0.110228 
0.181332 
0.153384 
0.157448 
0.195487 
0.146770 
0.128133 
0.176990 
0.164580 
0.140668 
0.157678 
0.174399 
0.164212 
0.128731 
0.122218 
0.144475 
0.119071 
0.115928 
0.175348 
0.201011 
0.191284 
0.225230 
0.240960 
0.203020 
0.257318 
0.246610 
0.218062 
0.192426 
0.168285 
0.179400 
0.171552 
0.190212 
0.162366 
0.163690 
0.205778 
0.205640 
0.220178 
0.250108 
0.193119 
0.126551 
0.149985 
0.188483 
0.172000 
0.210494 
0.254143 
0.244085 
0.258595 
0.211011 
0.184089 
0.172574 
0.190860 
0.151748 
0.166122 
0.183427 
0.158615 
0.215816 
0.263175 
0.243494 
0.177464 
0.143309 
0.107839 
0.132344 
0.155937 
0.198090 
0.213598 
0.229630 
0.243772 
0.201671 
0.217578 
0.212904 
0.158560 
0.147773 
0.166111 
0.147146 
0.111764 
0.163692 
0.163690 
0.160343 
0.238892 
0.201784 
0.186384 
0.184843 
0.180400 
0.140832 
0.181582 
0.200613 
0.161338 
0.159907 
0.155132 
0.128040 
0.158346 
0.187314 
0.141213 
0.157117 
0.157650 
0.107935 
0.137458 
0.180571 
0.123961 
0.118435 
0.157025 
0.115593 
0.120639 
0.154629 
0.110601 
0.100707 
0.133401 
0.111227 
0.101382 
0.127817 
0.102898 
0.075348 
0.116815 
0.112070 
0.069374 
0.097748 
0.117248 
0.074761 
0.072611 
0.108987 
0.082887 
0.056244 
0.074002 
0.083286 
0.056340 
0.044219 
0.062701 
0.058262 
0.039936 
0.030193 
0.061829 
0.063544 
0.042590 
0.032254 
0.057870 
0.059007 
0.039288 
0.031635 
0.071117 
0.070639 
0.046291 
0.038756 
0.076137 
0.071917 
0.048459 
0.038481 
0.082764 
0.081273 
0.054647 
0.041244 
0.081593 
0.083543 
0.056863 
0.040548 
0.082363 
0.088961 
0.060119 
0.041886 
0.082616 
0.093533 
0.063447 
0.043380 
0.079188 
0.096050 
0.065946 
0.044046 
0.070365 
0.095257 
0.066984 
0.044177 
0.065693 
0.094897 
0.066914 
0.044753 
0.056155 
0.095879 
0.071167 
0.049261 
0.044821 
0.092450 
0.079622 
0.055192 
0.040072 
0.081368 
0.086740 
0.059503 
0.039643 
0.069617 
0.090957 
0.062303 
0.042556 
0.049871 
0.090926 
0.068401 
0.048597 
0.037518 
0.083205 
0.080224 
0.055606 
0.036474 
0.058166 
0.086599 
0.059717 
0.043629 
0.034570 
0.081376 
0.075688 
0.052981 
0.034110 
0.054626 
0.091356 
0.063373 
0.048165 
0.030854 
0.063855 
0.077642 
0.051410 
0.038964 
0.028044 
0.076572 
0.077271 
0.052287 
0.037481 
0.034638 
0.093439 
0.082845 
0.058151 
0.038646 
0.062811 
0.089761 
0.062001 
0.045459 
0.057375 
0.081664 
0.079790 
0.059785 
0.046873 
0.084090 
0.097325 
0.078105 
0.056890 
0.053519 
0.076376 
0.094369 
0.067248 
0.060939 
0.100198 
0.106360 
0.076787 
0.070728 
0.098149 
0.106232 
0.084675 
0.061618 
0.055615 
0.057799 
0.074317 
0.063794 
0.051038 
0.037848 
0.061031 
0.086249 
0.065788 
0.045826 
0.042550 
0.074382 
0.080597 
0.066448 
0.047811 
0.061594 
0.075354 
0.085793 
0.073995 
0.071691 
0.095398 
0.091454 
0.076520 
0.063035 
0.077011 
0.088110 
0.080028 
0.063483 
0.075384 
0.080039 
0.063153 
0.047536 
0.037662 
0.056625 
0.076257 
0.065184 
0.055587 
0.035913 
0.059406 
0.075013 
0.055282 
0.040693 
0.029324 
0.047299 
0.055613 
0.040130 
0.028862 
0.023602 
0.050759 
0.056615 
0.040090 
0.032606 
0.052823 
0.069042 
0.054213 
0.040854 
0.041851 
0.091125 
0.088463 
0.063992 
0.053589 
0.070041 
0.092560 
0.081551 
0.063452 
0.086026 
0.113824 
0.087043 
0.076495 
0.078533 
0.092396 
0.102834 
0.094330 
0.083993 
0.086143 
0.101866 
0.096978 
0.099311 
0.140313 
0.171899 
0.143946 
0.110365 
0.087805 
0.102633 
0.103167 
0.079265 
0.096504 
0.166656 
0.185382 
0.176521 
0.140268 
0.118118 
0.128237 
0.124144 
0.135428 
0.140348 
0.169061 
0.198835 
0.153788 
0.121136 
0.128417 
0.129681 
0.111039 
0.119300 
0.143900 
0.174047 
0.146702 
0.130325 
0.124014 
0.145249 
0.142334 
0.152949 
0.173732 
0.148269 
0.159494 
0.181707 
0.170202 
0.170859 
0.155338 
0.166589 
0.170737 
0.129146 
0.129916 
0.127008 
0.091882 
0.111938 
0.160600 
0.166397 
0.139206 
0.110048 
0.148439 
0.135291 
0.165488 
0.209504 
0.196358 
0.188087 
0.148479 
0.136848 
0.149843 
0.165511 
0.165455 
0.168985 
0.182029 
0.158192 
0.136628 
0.162746 
0.151447 
0.111379 
0.117932 
0.175178 
0.212169 
0.203282 
0.172982 
0.163539 
0.147356 
0.149808 
0.125821 
0.170764 
0.183723 
0.121340 
0.102336 
0.147219 
0.160010 
0.115996 
0.108835 
0.147746 
0.153002 
0.121088 
0.137927 
0.174200 
0.194503 
0.147218 
0.117278 
0.096331 
0.113421 
0.096773 
0.100495 
0.101732 
0.148594 
0.138324 
0.103780 
0.125113 
0.176665 
0.150949 
0.119460 
0.096119 
0.103992 
0.122818 
0.127395 
0.095829 
0.088968 
0.112228 
0.106687 
0.096668 
0.089929 
0.128777 
0.144527 
0.095491 
0.089239 
0.087287 
0.118856 
0.111388 
0.074645 
0.082344 
0.089143 
0.078983 
0.058480 
0.064484 
0.096660 
0.112528 
0.112995 
0.101195 
0.075431 
0.055451 
0.071626 
0.086035 
0.073677 
0.062384 
0.067553 
0.104289 
0.127623 
0.100249 
0.079376 
0.076042 
0.088287 
0.099650 
0.076004 
0.051955 
0.064662 
0.072292 
0.064477 
0.066150 
0.052185 
0.038285 
0.042246 
0.059216 
0.051415 
0.039145 
0.029304 
0.022717 
0.018369 
0.015722 
0.015165 
0.017888 
0.024519 
0.027361 
0.021548 
0.018057 
0.018285 
0.021176 
0.018781 
0.021277 
0.019807 
0.021196 
0.019287 
0.013922 
0.010508 
0.008316 
0.006246 
0.005075 
0.004968 
0.006367 
0.006439 
0.005697 
0.004695 
0.003361 
0.003520 
0.002641 
0.002210 
0.002137 
0.001826 
0.001503 
0.001342 
0.001086 
0.000884 
0.000686 
0.000639 
0.000672 
0.000581 
0.000411 
0.000358 
0.000411 
0.000497 
0.000376 
0.000318 
0.000367 
0.000255 
0.000240 
0.000227 
0.000164 
0.000158 
0.000167 
0.000168 
0.000134 
0.000239 
0.000307 
0.000305 
0.000358 
0.000285 
0.000197 
0.000190 
0.000232 
0.000165 
0.000123 
0.000082 
0.000105 
0.000203 
0.000191 
0.000141 
0.000102 
0.000074 
0.000054 
0.000039 
0.000028 
0.000020 
0.000015 
0.000011 
0.000008 
0.000006 
0.000004 
0.000003 
0.000002 
0.000002 
0.000001 
0.000001 
0.000001 
0.000000 
0.000000 
0.000000 
0.000000 
0.000000 
0.000000 
0.000000 
0.000000 
0.000000 
0.000000 
0.000000 
0.000000 
0.000000 
0.000000 
0.000000 
0.000000 
0.000000 
0.000000 
0.000000 
0.000000 
0.000000 
0.000000 
0.000000 
0.000000 
0.000000 
0.000000 
0.000000 
0.000000 
0.000000 
0.000000 
0.000000 
0.000000 
0.000000 
0.000000 
0.000000 
0.000000 
0.000000 
0.000000 
0.000000 
0.000000 
0.000000 
0.000000 
0.000000 
0.000000 
0.000000 
0.000000 
-0.000000 
0.000000 
-0.000000 
0.000000 
0.000000 
-0.000000 
0.000002 
0.000002 
0.000001 
0.000001 
0.000001 
0.000001 
0.000000 
0.000000 
0.000000 
0.000000 
0.000000 
0.000000 
0.000000 
0.000000 
0.000002 
0.000002 
0.000001 
0.000001 
0.000001 
0.000001 
0.000000 
0.000000 
0.000000 
0.000000 
0.000000 
0.000000 
0.000000 
0.000000 
0.000000 
0.000000 
0.000000 
-0.000000 
0.000000 
0.000002 
0.000002 
0.000001 
0.000001 
0.000001 
0.000001 
0.000000 
0.000000 
0.000000 
0.000000 
0.000000 
0.000000 
0.000000 
0.000000 
-0.000000 
0.000000 
0.000002 
0.000002 
0.000001 
0.000001 
0.000001 
0.000001 
0.000000 
0.000000 
0.000000 
0.000000 
0.000000 
0.000000 
0.000000 
0.000000 
0.000000 
0.000000 
0.000000 
-0.000000 
0.000001 
-0.000003 
0.000018 
0.000031 
0.000087 
0.000168 
0.000168 
0.000140 
0.000110 
0.000201 
0.000368 
0.000625 
0.000551 
0.000525 
0.002236 
0.008316 
0.012356 
0.018907 
0.027397 
0.024047 
0.019719 
0.021443 
0.024628 
0.017089 
0.016140 
0.027806 
0.042983 
0.041434 
0.035061 
0.089193 
0.096130 
0.059490 
0.113762 
0.157817 
0.121942 
0.089798 
0.191942 
0.239446 
0.159170 
0.123264 
0.214814 
0.229012 
0.151692 
0.178498 
0.272201 
0.207017 
0.145712 
0.240884 
0.257949 
0.162712 
0.180853 
0.281254 
0.215783 
0.154782 
0.217705 
0.215946 
0.136347 
0.180664 
0.244657 
0.164510 
0.148297 
0.229019 
0.182185 
0.127423 
0.212673 
0.208573 
0.129740 
0.204092 
0.227148 
0.137866 
0.188648 
0.243874 
0.153491 
0.180902 
0.238777 
0.152008 
0.173917 
0.206181 
0.132243 
0.171819 
0.172626 
0.116922 
0.124489 
0.100625 
0.072768 
0.049968 
0.110515 
0.131416 
0.082773 
0.085502 
0.145546 
0.123477 
0.079630 
0.096708 
0.152982 
0.114335 
0.080549 
0.119630 
0.121958 
0.080432 
0.068893 
0.108571 
0.096324 
0.062968 
0.060414 
0.099051 
0.079910 
0.053646 
0.050264 
0.084742 
0.069724 
0.047046 
0.041756 
0.062287 
0.050440 
0.034509 
0.028779 
0.038900 
0.030919 
0.021674 
0.016160 
0.014280 
0.011112 
0.007619 
0.006815 
0.007125 
0.005146 
0.003439 
0.004873 
0.006052 
0.004210 
0.002838 
0.004042 
0.005535 
0.003884 
0.002677 
0.002919 
0.004093 
0.002902 
0.002122 
0.001555 
0.001371 
0.001045 
0.000743 
0.000545 
0.000393 
0.000285 
0.000207 
0.000150 
0.000109 
0.000079 
0.000057 
0.000041 
0.000030 
0.000022 
0.000020 
0.000024 
0.000025 
0.000018 
0.000013 
0.000011 
0.000008 
0.000006 
0.000004 
0.000003 
0.000002 
0.000002 
0.000001 
0.000001 
0.000000 
0.000002 
0.000003 
0.000002 
0.000001 
0.000001 
0.000001 
0.000000 
0.000000 
0.000000 
0.000000 
0.000000 
0.000000 
0.000000 
0.000000 
0.000000 
0.000000 
-0.000001 
0.000002 
-0.000005 
0.000024 
0.000161 
0.000146 
0.000106 
0.000064 
0.000321 
0.000705 
0.000732 
0.001490 
0.004290 
0.002169 
0.032375 
0.135084 
0.182419 
0.173822 
0.151887 
0.154477 
0.138049 
0.104426 
0.102960 
0.107482 
0.108448 
0.131425 
0.123287 
0.106846 
0.177195 
0.153778 
0.139061 
0.132824 
0.095539 
0.111773 
0.127326 
0.116537 
0.119816 
0.120267 
0.127377 
0.103243 
0.088816 
0.113950 
0.145806 
0.119762 
0.128307 
0.214186 
0.177436 
0.138025 
0.234550 
0.195250 
0.166205 
0.257100 
0.209939 
0.161467 
0.196925 
0.135758 
0.216957 
0.239239 
0.169753 
0.232677 
0.171989 
0.185467 
0.221717 
0.153588 
0.241524 
0.203626 
0.203333 
0.229634 
0.151395 
0.250497 
0.220768 
0.229820 
0.282239 
0.233477 
0.220907 
0.211738 
0.222404 
0.182590 
0.145463 
0.171457 
0.246749 
0.166384 
0.259859 
0.250578 
0.217046 
0.218755 
0.185499 
0.174447 
0.185368 
0.182318 
0.226573 
0.206976 
0.187265 
0.213888 
0.211254 
0.279345 
0.308008 
0.316969 
0.298606 
0.303248 
0.279823 
0.321402 
0.295110 
0.286699 
0.306472 
0.322107 
0.297279 
0.268563 
0.250498 
0.204970 
0.183404 
0.176332 
0.192090 
0.160063 
0.175104 
0.147875 
0.098188 
0.093519 
0.122477 
0.103576 
0.137381 
0.167657 
0.131524 
0.195381 
0.179870 
0.171078 
0.139483 
0.118614 
0.092831 
0.090527 
0.105390 
0.087837 
0.078427 
0.076073 
0.102092 
0.068304 
0.098183 
0.113473 
0.102669 
0.161889 
0.133150 
0.144799 
0.146684 
0.161386 
0.174659 
0.162915 
0.199316 
0.172571 
0.182477 
0.193404 
0.189232 
0.231227 
0.202179 
0.233916 
0.221882 
0.199430 
0.243319 
0.204644 
0.186737 
0.236642 
0.200202 
0.190934 
0.218043 
0.183079 
0.188497 
0.227798 
0.179862 
0.189840 
0.227537 
0.184184 
0.187835 
0.221828 
0.184980 
0.211188 
0.214657 
0.174276 
0.185628 
0.184290 
0.162141 
0.208947 
0.203645 
0.166415 
0.189068 
0.191163 
0.159724 
0.182892 
0.162389 
0.175062 
0.208367 
0.165711 
0.171077 
0.183578 
0.163049 
0.178928 
0.159986 
0.152197 
0.206733 
0.177394 
0.181306 
0.203305 
0.169122 
0.218174 
0.208279 
0.200987 
0.211860 
0.181507 
0.178409 
0.153320 
0.181972 
0.141088 
0.132795 
0.137385 
0.157148 
0.141377 
0.109084 
0.124396 
0.119674 
0.133811 
0.124745 
0.118507 
0.100684 
0.095109 
0.112686 
0.088982 
0.098776 
0.080211 
0.083895 
0.068885 
0.063571 
0.057553 
0.042300 
0.045691 
0.033461 
0.024276 
0.019823 
0.012951 
0.020883 
0.022838 
0.019028 
0.018477 
0.016762 
0.020612 
0.017025 
0.019598 
0.015094 
0.015631 
0.012609 
0.012318 
0.011590 
0.012754 
0.012722 
0.015412 
0.014417 
0.015247 
0.011772 
0.010317 
0.012157 
0.015158 
0.017163 
0.017557 
0.018047 
0.016354 
0.029742 
0.028645 
0.035403 
0.042119 
0.042299 
0.044032 
0.054318 
0.066724 
0.075728 
0.103719 
0.129310 
0.159850 
0.195152 
0.198985 
0.217156 
0.207929 
0.214925 
0.214351 
0.209648 
0.218620 
0.224492 
0.224151 
0.231079 
0.236327 
0.233587 
0.230655 
0.219700 
0.207098 
0.205295 
0.207544 
0.212473 
0.190680 
0.199603 
0.191389 
0.193844 
0.190710 
0.197771 
0.174023 
0.179883 
0.170921 
0.173621 
0.159874 
0.172156 
0.163053 
0.177906 
0.178970 
0.173386 
0.169500 
0.151270 
0.127615 
0.129297 
0.116566 
0.115018 
0.106225 
0.106930 
0.108063 
0.091412 
0.086135 
0.068788 
0.070489 
0.057287 
0.059260 
0.051662 
0.057054 
0.049746 
0.057747 
0.047439 
0.050412 
0.050589 
0.052957 
0.056934 
0.050834 
0.050566 
0.047613 
0.054466 
0.047082 
0.052949 
0.050605 
0.054465 
0.048892 
0.054519 
0.048491 
0.054847 
0.048738 
0.057282 
0.051333 
0.057687 
0.050081 
0.059537 
0.055358 
0.063895 
0.053801 
0.061943 
0.057000 
0.060271 
0.058573 
0.064537 
0.060141 
0.063057 
0.063060 
0.063264 
0.069096 
0.066526 
0.073387 
0.075330 
0.084887 
0.083601 
0.090699 
0.103291 
0.113996 
0.135371 
0.146506 
0.187431 
0.198357 
0.228762 
0.226703 
0.290053 
0.286787 
0.320610 
0.301556 
0.284973 
0.261554 
0.234907 
0.260090 
0.241482 
0.240520 
0.230060 
0.236435 
0.241858 
0.247657 
0.247737 
0.236738 
0.249871 
0.239231 
0.257070 
0.250602 
0.248571 
0.250186 
0.248035 
0.241680 
0.239575 
0.246971 
0.252461 
0.248677 
0.255879 
0.255310 
0.245998 
0.236922 
0.228704 
0.221356 
0.205789 
0.201190 
0.199550 
0.192084 
0.183690 
0.177909 
0.143233 
0.111855 
0.080939 
0.058784 
0.042610 
0.032931 
0.045314 
0.041044 
0.033921 
0.029020 
0.024284 
0.022808 
0.020410 
0.020796 
0.017504 
0.016737 
0.014700 
0.014536 
0.014531 
0.014645 
0.013843 
0.012960 
0.012359 
0.011093 
0.009850 
0.009627 
0.007191 
0.005322 
0.003852 
0.002846 
0.002265 
0.001794 
0.001433 
0.001221 
0.001208 
0.001241 
0.001308 
0.001254 
0.001212 
0.001023 
0.000833 
0.000665 
0.000540 
0.000382 
0.000280 
0.000202 
0.000147 
0.000106 
0.000077 
0.000056 
0.000041 
0.000029 
0.000021 
0.000016 
0.000011 
0.000009 
0.000003 
0.000030 
0.000126 
0.000321 
0.000811 
0.001420 
0.002143 
0.005673 
0.016138 
0.023842 
0.026802 
0.028690 
0.024339 
0.034914 
0.076725 
0.104959 
0.191291 
0.239308 
0.269124 
0.254101 
0.250792 
0.246117 
0.257631 
0.277233 
0.276243 
0.251194 
0.222744 
0.204508 
0.192043 
0.191106 
0.188307 
0.187891 
0.195683 
0.195098 
0.192554 
0.200874 
0.198855 
0.200593 
0.199816 
0.195680 
0.192667 
0.197835 
0.196086 
0.194620 
0.186882 
0.192461 
0.209898 
0.195430 
0.199672 
0.200483 
0.195169 
0.203387 
0.207384 
0.197357 
0.195708 
0.197269 
0.192651 
0.181761 
0.188487 
0.190854 
0.186856 
0.191732 
0.186073 
0.188266 
0.188097 
0.195228 
0.201924 
0.218821 
0.232081 
0.234409 
0.251365 
0.245212 
0.242761 
0.212444 
0.202207 
0.176129 
0.164330 
0.146700 
0.140533 
0.123302 
0.109191 
0.110115 
0.098921 
0.085012 
0.073651 
0.075752 
0.063994 
0.058344 
0.058641 
0.064207 
0.065282 
0.062513 
0.062962 
0.059343 
0.057915 
0.050779 
0.047824 
0.044974 
0.045177 
0.042358 
0.040930 
0.041179 
0.043484 
0.045127 
0.044208 
0.046075 
0.043905 
0.044397 
0.043365 
0.046447 
0.049804 
0.051227 
0.054538 
0.055132 
0.058045 
0.060497 
0.066495 
0.069165 
0.069709 
0.076146 
0.077305 
0.084143 
0.081875 
0.087625 
0.092522 
0.098810 
0.107631 
0.110360 
0.116263 
0.121844 
0.121682 
0.130209 
0.157932 
0.178828 
0.206245 
0.219417 
0.220038 
0.218690 
0.208406 
0.194832 
0.194488 
0.195183 
0.190474 
0.197765 
0.186947 
0.182120 
0.193273 
0.202142 
0.210085 
0.205769 
0.207152 
0.200757 
0.206166 
0.220643 
0.233669 
0.243609 
0.245767 
0.253316 
0.260635 
0.253351 
0.252774 
0.250065 
0.253682 
0.253196 
0.256581 
0.247755 
0.240111 
0.239929 
0.243206 
0.239099 
0.235184 
0.231214 
0.232625 
0.247901 
0.248431 
0.250432 
0.249537 
0.245736 
0.244288 
0.245121 
0.241139 
0.241853 
0.244745 
0.245287 
0.254876 
0.252086 
0.246467 
0.249467 
0.249375 
0.248601 
0.238943 
0.224285 
0.212428 
0.202056 
0.184412 
0.164411 
0.137605 
0.111827 
0.080228 
0.058965 
0.042208 
0.032770 
0.028310 
0.023153 
0.026433 
0.027152 
0.025967 
0.025063 
0.028923 
0.034462 
0.036082 
0.041245 
0.044019 
0.045996 
0.049804 
0.054971 
0.060159 
0.066282 
0.070835 
0.076340 
0.080938 
0.085721 
0.098597 
0.110677 
0.123803 
0.147447 
0.158526 
0.169897 
0.179438 
0.195911 
0.205069 
0.209543 
0.225398 
0.228459 
0.230129 
0.222622 
0.220091 
0.225783 
0.232711 
0.234219 
0.234449 
0.239327 
0.251476 
0.252355 
0.254521 
0.262823 
0.265744 
0.269723 
0.265184 
0.263458 
0.262493 
0.261093 
0.266665 
0.266931 
0.265774 
0.260425 
0.265099 
0.266520 
0.268537 
0.278612 
0.275541 
0.273404 
0.274368 
0.265390 
0.267763 
0.267237 
0.259359 
0.255781 
0.255172 
0.252336 
0.238655 
0.239628 
0.237985 
0.231088 
0.221139 
0.204819 
0.188096 
0.172708 
0.163425 
0.150665 
0.140680 
0.124261 
0.107580 
0.092265 
0.078696 
0.068968 
0.059644 
0.050185 
0.039090 
0.028646 
0.022344 
0.016510 
0.014128 
0.017687 
0.018301 
0.015151 
0.011459 
0.009070 
0.009295 
0.009739 
0.008302 
0.006284 
0.005074 
0.005746 
0.005807 
0.006373 
0.005452 
0.004335 
0.003873 
0.003514 
0.003573 
0.003261 
0.002702 
0.002196 
0.001679 
0.001277 
0.001238 
0.001229 
0.001090 
0.000884 
0.000739 
0.000681 
0.000701 
0.000724 
0.000654 
0.000549 
0.000442 
0.000394 
0.000319 
0.000260 
0.000202 
0.000152 
0.000168 
0.000208 
0.000213 
0.000219 
0.000174 
0.000134 
0.000101 
0.000130 
0.000138 
0.000110 
0.000079 
0.000078 
0.000056 
0.000145 
0.000695 
0.001801 
0.003748 
0.006312 
0.010451 
0.012713 
0.012848 
0.016266 
0.014225 
0.017167 
0.020070 
0.018788 
0.016022 
0.030802 
0.054866 
0.053490 
0.045162 
0.039241 
0.036524 
0.034373 
0.042854 
0.041131 
0.055459 
0.073714 
0.067431 
0.067200 
0.061168 
0.050719 
0.050969 
0.047168 
0.038758 
0.032686 
0.037404 
0.059161 
0.077947 
0.108827 
0.134129 
0.152976 
0.170277 
0.177710 
0.201823 
0.219415 
0.227248 
0.237934 
0.242767 
0.251122 
0.262390 
0.266348 
0.273595 
0.285362 
0.295363 
0.298084 
0.300899 
0.303246 
0.298628 
0.284815 
0.286510 
0.282624 
0.274996 
0.253919 
0.213641 
0.177834 
0.168899 
0.155704 
0.163188 
0.170237 
0.190976 
0.163846 
0.148155 
0.166533 
0.153282 
0.162608 
0.197817 
0.182055 
0.185412 
0.172691 
0.162749 
0.174801 
0.198295 
0.191595 
0.179244 
0.185964 
0.197649 
0.183528 
0.183209 
0.184306 
0.183607 
0.202025 
0.190805 
0.182516 
0.197591 
0.195949 
0.195734 
0.194103 
0.184852 
0.186311 
0.192295 
0.187470 
0.184305 
0.184178 
0.194812 
0.181014 
0.181185 
0.193325 
0.192110 
0.181687 
0.195064 
0.192391 
0.174687 
0.177398 
0.180164 
0.192956 
0.183276 
0.182405 
0.186389 
0.182662 
0.174910 
0.165703 
0.173492 
0.173354 
0.177980 
0.177454 
0.173914 
0.168732 
0.168702 
0.166287 
0.158932 
0.167331 
0.164999 
0.167895 
0.180777 
0.181689 
0.173014 
0.180331 
0.176405 
0.174771 
0.172034 
0.174742 
0.171128 
0.167403 
0.163897 
0.162721 
0.171289 
0.169803 
0.175762 
0.174556 
0.176875 
0.181382 
0.179870 
0.182169 
0.178532 
0.185565 
0.185507 
0.189353 
0.187184 
0.184816 
0.188559 
0.179622 
0.189837 
0.190507 
0.189190 
0.184257 
0.174868 
0.166042 
0.153895 
0.149236 
0.140736 
0.137807 
0.125147 
0.122285 
0.108344 
0.108562 
0.100406 
0.094108 
0.085500 
0.081048 
0.080658 
0.082883 
0.083970 
0.082044 
0.087399 
0.084291 
0.085198 
0.074492 
0.072196 
0.064598 
0.069742 
0.062384 
0.055911 
0.057120 
0.062887 
0.059437 
0.073602 
0.069304 
0.075258 
0.069990 
0.073204 
0.069756 
0.068843 
0.066652 
0.074788 
0.071115 
0.075933 
0.076449 
0.077516 
0.073724 
0.068270 
0.061893 
0.055220 
0.047553 
0.040247 
0.032189 
0.034546 
0.028828 
0.038123 
0.039083 
0.038720 
0.050456 
0.041560 
0.060138 
0.046185 
0.064623 
0.053412 
0.062661 
0.062389 
0.059292 
0.072077 
0.057152 
0.082991 
0.061855 
0.078896 
0.066344 
0.069771 
0.072274 
0.066632 
0.083999 
0.065015 
0.080959 
0.060326 
0.077814 
0.066428 
0.069475 
0.070401 
0.058603 
0.076921 
0.055950 
0.076172 
0.059518 
0.067440 
0.067876 
0.061116 
0.079185 
0.058352 
0.081040 
0.061241 
0.075979 
0.071544 
0.067760 
0.080690 
0.061242 
0.084600 
0.062532 
0.076604 
0.067276 
0.068524 
0.080477 
0.062943 
0.089002 
0.064600 
0.084284 
0.075474 
0.072742 
0.083640 
0.064256 
0.085193 
0.061938 
0.078319 
0.066581 
0.067215 
0.076888 
0.058414 
0.079740 
0.057796 
0.073935 
0.067260 
0.060541 
0.075282 
0.052820 
0.069091 
0.054346 
0.053967 
0.060628 
0.042650 
0.057212 
0.043297 
0.043908 
0.050946 
0.034480 
0.044371 
0.036144 
0.030649 
0.039153 
0.025989 
0.029696 
0.034155 
0.022956 
0.033970 
0.030210 
0.021273 
0.024216 
0.017507 
0.017780 
0.019293 
0.013758 
0.017751 
0.014903 
0.016455 
0.014203 
0.018240 
0.014682 
0.013321 
0.010360 
0.014348 
0.013469 
0.015502 
0.012830 
0.014855 
0.013516 
0.015522 
0.012798 
0.014901 
0.013283 
0.022285 
0.016722 
0.042128 
0.058164 
0.063789 
0.142579 
0.152120 
0.159123 
0.249185 
0.188620 
0.145362 
0.190486 
0.213627 
0.218359 
0.215627 
0.208747 
0.213748 
0.202739 
0.234184 
0.236438 
0.252628 
0.278630 
0.256632 
0.261625 
0.267766 
0.298287 
0.256677 
0.286375 
0.271131 
0.293018 
0.318051 
0.277034 
0.306652 
0.303576 
0.290897 
0.305889 
0.301577 
0.269681 
0.286194 
0.247903 
0.231916 
0.223110 
0.208981 
0.229659 
0.209604 
0.234714 
0.217183 
0.212272 
0.219195 
0.212773 
0.212945 
0.196859 
0.212580 
0.202923 
0.216322 
0.194642 
0.218327 
0.212032 
0.212371 
0.210463 
0.199570 
0.211152 
0.202130 
0.226091 
0.218819 
0.234234 
0.208275 
0.242874 
0.227659 
0.234138 
0.240665 
0.247075 
0.248786 
0.232054 
0.248690 
0.233729 
0.249332 
0.238507 
0.262556 
0.226099 
0.240095 
0.227704 
0.229561 
0.229739 
0.212882 
0.244468 
0.228206 
0.249857 
0.221809 
0.240778 
0.232003 
0.233368 
0.248733 
0.239261 
0.241866 
0.230876 
0.239693 
0.227134 
0.241650 
0.224971 
0.243636 
0.230084 
0.265180 
0.254617 
0.258544 
0.245350 
0.257526 
0.266369 
0.265383 
0.285128 
0.265181 
0.275891 
0.268072 
0.292684 
0.275555 
0.298341 
0.266424 
0.304389 
0.279514 
0.298517 
0.261185 
0.262249 
0.254714 
0.269913 
0.274281 
0.277992 
0.277091 
0.258994 
0.266485 
0.257546 
0.298618 
0.268238 
0.294355 
0.255558 
0.283712 
0.260732 
0.290605 
0.250541 
0.285126 
0.251586 
0.276319 
0.245291 
0.270235 
0.254566 
0.275992 
0.263866 
0.277802 
0.277525 
0.272814 
0.272804 
0.256741 
0.272471 
0.246389 
0.277635 
0.249636 
0.291554 
0.251088 
0.293305 
0.254859 
0.298479 
0.256046 
0.278769 
0.238395 
0.280315 
0.245634 
0.274722 
0.251840 
0.261498 
0.245802 
0.245368 
0.238331 
0.242951 
0.247315 
0.238625 
0.265699 
0.237206 
0.258337 
0.229508 
0.274335 
0.237661 
0.280853 
0.238187 
0.267474 
0.232993 
0.273537 
0.230473 
0.259665 
0.222780 
0.254015 
0.226144 
0.260867 
0.240818 
0.263443 
0.249277 
0.251317 
0.246245 
0.258077 
0.258997 
0.252144 
0.260913 
0.236804 
0.254266 
0.230982 
0.260451 
0.226602 
0.237625 
0.213211 
0.259982 
0.219377 
0.257402 
0.217669 
0.261330 
0.225172 
0.274758 
0.229455 
0.265836 
0.218408 
0.267003 
0.227657 
0.269061 
0.223418 
0.262769 
0.221561 
0.262284 
0.226638 
0.250777 
0.211429 
0.255442 
0.221460 
0.239936 
0.209467 
0.255048 
0.215598 
0.259245 
0.224231 
0.242342 
0.207709 
0.246006 
0.213052 
0.254794 
0.217970 
0.253693 
0.220362 
0.257514 
0.220471 
0.260224 
0.222875 
0.262563 
0.225015 
0.261575 
0.227197 
0.274126 
0.231800 
0.265602 
0.225472 
0.263072 
0.226220 
0.271913 
0.229498 
0.269330 
0.229847 
0.281733 
0.239580 
0.272389 
0.229980 
0.275659 
0.234588 
0.270399 
0.229205 
0.273592 
0.231464 
0.274829 
0.230341 
0.273459 
0.231402 
0.269366 
0.228106 
0.274070 
0.231120 
0.271440 
0.231262 
0.277591 
0.233552 
0.261444 
0.220257 
0.255314 
0.222516 
0.267826 
0.227605 
0.261597 
0.224869 
0.266563 
0.231254 
0.269238 
0.234384 
0.265694 
0.232172 
0.272285 
0.239783 
0.268993 
0.233835 
0.249637 
0.229388 
0.256195 
0.235924 
0.263441 
0.247173 
0.271413 
0.250618 
0.262419 
0.250047 
0.259180 
0.259057 
0.269684 
0.265539 
0.266611 
0.262858 
0.260007 
0.261232 
0.257709 
0.271729 
0.256647 
0.272897 
0.257072 
0.264424 
0.250088 
0.273212 
0.250504 
0.279804 
0.250765 
0.266378 
0.240990 
0.271316 
0.247244 
0.273864 
0.239111 
0.279761 
0.252276 
0.278773 
0.249347 
0.279616 
0.249906 
0.276703 
0.252242 
0.273818 
0.253285 
0.264145 
0.264135 
0.271014 
0.268396 
0.261346 
0.276769 
0.264379 
0.283325 
0.265426 
0.286627 
0.255094 
0.278053 
0.250233 
0.283875 
0.256918 
0.282240 
0.263032 
0.282973 
0.275257 
0.287007 
0.275850 
0.268287 
0.279784 
0.265575 
0.282601 
0.259854 
0.280560 
0.252068 
0.286831 
0.259899 
0.279572 
0.257741 
0.283947 
0.267585 
0.274276 
0.267169 
0.265264 
0.272016 
0.258969 
0.274792 
0.253038 
0.279635 
0.256652 
0.283158 
0.263181 
0.276829 
0.269580 
0.280273 
0.286407 
0.278588 
0.297575 
0.282723 
0.295035 
0.275488 
0.297686 
0.283794 
0.291003 
0.283663 
0.277506 
0.293848 
0.280743 
0.300765 
0.284480 
0.295142 
0.287137 
0.294286 
0.295174 
0.286888 
0.303972 
0.286844 
0.299583 
0.281947 
0.280982 
0.274329 
0.267850 
0.274689 
0.260773 
0.264466 
0.254833 
0.261580 
0.259131 
0.254589 
0.272087 
0.259550 
0.267169 
0.261699 
0.263750 
0.272451 
0.269620 
0.279477 
0.267677 
0.273628 
0.271748 
0.276897 
0.277607 
0.269008 
0.272538 
0.262294 
0.269090 
0.269289 
0.269895 
0.272858 
0.268823 
0.278284 
0.272546 
0.278657 
0.281731 
0.280420 
0.285765 
0.283211 
0.282631 
0.287457 
0.284432 
0.287849 
0.274387 
0.270956 
0.272294 
0.261634 
0.263222 
0.269866 
0.267502 
0.267757 
0.264508 
0.256458 
0.248121 
0.240248 
0.230190 
0.218075 
0.211752 
0.208395 
0.209740 
0.214621 
0.219123 
0.215200 
0.210550 
0.202679 
0.196398 
0.191073 
0.194650 
0.192375 
0.186463 
0.189000 
0.180089 
0.168932 
0.163529 
0.169215 
0.169560 
0.164422 
0.153247 
0.147487 
0.155721 
0.152873 
0.157754 
0.174215 
0.179170 
0.178888 
0.160807 
0.145765 
0.153311 
0.163413 
0.177666 
0.186547 
0.200679 
0.200380 
0.201124 
0.211886 
0.208796 
0.193113 
0.182390 
0.184914 
0.192255 
0.195671 
0.192566 
0.188296 
0.221229 
0.243364 
0.263425 
0.277216 
0.289701 
0.284272 
0.280261 
0.289588 
0.289162 
0.290530 
0.287157 
0.275691 
0.248675 
0.211523 
0.181264 
0.161928 
0.147938 
0.124665 
0.093196 
0.074673 
0.060439 
0.047389 
0.034628 
0.027415 
0.025682 
0.024336 
0.023753 
0.024383 
0.021253 
0.016154 
0.016428 
0.018605 
0.017438 
0.016722 
0.015028 
0.016014 
0.012567 
0.012923 
0.011245 
0.008320 
0.007696 
0.007524 
0.006029 
0.007875 
0.009705 
0.007263 
0.006089 
0.005652 
0.006174 
0.004874 
0.004538 
0.004678 
0.004829 
0.005458 
0.005685 
0.006076 
0.005148 
0.004190 
0.003687 
0.004156 
0.004384 
0.004886 
0.004098 
0.004173 
0.003705 
0.003360 
0.002836 
0.002574 
0.003145 
0.002775 
0.003570 
0.003217 
0.002434 
0.002427 
0.002342 
0.002177 
0.002096 
0.001878 
0.001392 
0.001070 
0.000852 
0.000821 
0.000887 
0.000963 
0.000875 
0.000641 
0.000463 
0.000336 
0.000243 
0.000177 
0.000128 
0.000094 
0.000080 
0.000063 
0.000060 
0.000064 
0.000074 
0.000062 
0.000060 
0.000064 
0.000074 
0.000062 
0.000060 
0.000064 
0.000075 
0.000061 
0.000061 
0.000053 
0.000037 
0.000027 
0.000020 
0.000014 
0.000010 
0.000008 
0.000005 
0.000004 
0.000003 
0.000002 
0.000002 
0.000001 
0.000001 
0.000001 
0.000000 
0.000000 
0.000000 
0.000000 
0.000000 
0.000000 
0.000000 
0.000000 
0.000000 
0.000000 
0.000000 
0.000000 
0.000000 
0.000000 
0.000000 
0.000000 
0.000000 
0.000000 
