[ASCII 1000Hz, Channels: 1, Samples: 4464, Flags: 0]                          
0.000000 
0.000000 
0.000000 
0.000000 
0.000000 
0.000000 
0.000000 
0.000000 
0.000000 
0.000000 
0.000000 
0.000000 
0.000000 
0.000000 
0.000000 
0.000000 
0.000000 
0.000000 
0.000000 
0.000000 
0.000000 
0.000000 
0.000000 
0.000000 
0.000000 
0.000000 
0.000000 
0.000000 
0.000000 
0.000000 
0.000000 
0.000000 
0.000000 
0.000000 
0.000000 
0.000000 
0.000000 
0.000000 
0.000000 
0.000000 
0.000000 
0.000000 
0.000000 
0.000000 
0.000000 
0.000000 
0.000000 
0.000000 
0.000000 
0.000000 
0.000000 
0.000000 
0.000000 
0.000000 
0.000000 
0.000000 
0.000000 
0.000000 
0.000000 
0.000000 
0.000000 
0.000000 
0.000000 
0.000000 
0.000000 
0.000000 
0.000000 
0.000000 
0.000000 
0.000000 
0.000000 
0.000000 
0.000000 
0.000000 
0.000000 
0.000000 
0.000000 
0.000000 
0.000000 
-0.000000 
0.000000 
-0.000000 
0.000000 
-0.000001 
0.000003 
0.000017 
0.000035 
0.000059 
0.000225 
0.000398 
0.000818 
0.002398 
0.001913 
0.001215 
0.001896 
0.003448 
0.002796 
0.001981 
0.001457 
0.001054 
0.000738 
0.000672 
0.000655 
0.000331 
0.006561 
0.004156 
0.088489 
0.249169 
0.305435 
0.253263 
0.279504 
0.310711 
0.240469 
0.318265 
0.300150 
0.297746 
0.341315 
0.306936 
0.343260 
0.340943 
0.335873 
0.354432 
0.308103 
0.358502 
0.323404 
0.300667 
0.342277 
0.247092 
0.234512 
0.191287 
0.238234 
0.233898 
0.265053 
0.222632 
0.261092 
0.239868 
0.313340 
0.272290 
0.192210 
0.149576 
0.186108 
0.190257 
0.203857 
0.167841 
0.135306 
0.131480 
0.144395 
0.119843 
0.170277 
0.176438 
0.131459 
0.102045 
0.089621 
0.107710 
0.127019 
0.159455 
0.183310 
0.118710 
0.153235 
0.260177 
0.238042 
0.218045 
0.241124 
0.239230 
0.237296 
0.238685 
0.253276 
0.249707 
0.224020 
0.204951 
0.222338 
0.227683 
0.262773 
0.245872 
0.233649 
0.239086 
0.245940 
0.229751 
0.210425 
0.225966 
0.218496 
0.231807 
0.216825 
0.188773 
0.179895 
0.181690 
0.174739 
0.184386 
0.230681 
0.240822 
0.220327 
0.180302 
0.171229 
0.180554 
0.156116 
0.157522 
0.175575 
0.146555 
0.126838 
0.134268 
0.140649 
0.141119 
0.151254 
0.155939 
0.162048 
0.157183 
0.165857 
0.177913 
0.198703 
0.206858 
0.191206 
0.180600 
0.191738 
0.206508 
0.212079 
0.217326 
0.213610 
0.209117 
0.206031 
0.208397 
0.217059 
0.192337 
0.179584 
0.177890 
0.174259 
0.166652 
0.148859 
0.128375 
0.110208 
0.095126 
0.084218 
0.075415 
0.087940 
0.080851 
0.067884 
0.063045 
0.055110 
0.053489 
0.057510 
0.062316 
0.061582 
0.057347 
0.057809 
0.058813 
0.051982 
0.049532 
0.053645 
0.046190 
0.039228 
0.035318 
0.025561 
0.039298 
0.052185 
0.044549 
0.040698 
0.039443 
0.032453 
0.032234 
0.038061 
0.036561 
0.046583 
0.054256 
0.042483 
0.035948 
0.032845 
0.034320 
0.040882 
0.042308 
0.040976 
0.040382 
0.031899 
0.027062 
0.026557 
0.035503 
0.030986 
0.027880 
0.026388 
0.024220 
0.025386 
0.025787 
0.034040 
0.037916 
0.036244 
0.036298 
0.042236 
0.035846 
0.036337 
0.035748 
0.030975 
0.032738 
0.030411 
0.031654 
0.038220 
0.037717 
0.037935 
0.035882 
0.032170 
0.037247 
0.033100 
0.031343 
0.033057 
0.030744 
0.030712 
0.035698 
0.035970 
0.036829 
0.039093 
0.051541 
0.052448 
0.045178 
0.038304 
0.037496 
0.045541 
0.051142 
0.045092 
0.037605 
0.030180 
0.023745 
0.020099 
0.020697 
0.018318 
0.014847 
0.011249 
0.008185 
0.006094 
0.004907 
0.004333 
0.003753 
0.003727 
0.004082 
0.004540 
0.004471 
0.004134 
0.004406 
0.003782 
0.003247 
0.003676 
0.003621 
0.002802 
0.002256 
0.001865 
0.001762 
0.001548 
0.001273 
0.000955 
0.000946 
0.001010 
0.001079 
0.001174 
0.000923 
0.000729 
0.000700 
0.000476 
0.001187 
0.002554 
0.002174 
0.001559 
0.001321 
0.001077 
0.000816 
0.000618 
0.000444 
0.000323 
0.000234 
0.000170 
0.000123 
0.000089 
0.000065 
0.000055 
-0.000006 
0.000140 
-0.000154 
0.002438 
0.010909 
0.009537 
0.012179 
0.012348 
0.040585 
0.122256 
0.127245 
0.088690 
0.110473 
0.177144 
0.140931 
0.104959 
0.081510 
0.080930 
0.093701 
0.133377 
0.162766 
0.198839 
0.232172 
0.257669 
0.271009 
0.285812 
0.289993 
0.268157 
0.268721 
0.273989 
0.289855 
0.282268 
0.272594 
0.267112 
0.250034 
0.244054 
0.250119 
0.249327 
0.262712 
0.270457 
0.251186 
0.225732 
0.208255 
0.182084 
0.168646 
0.164062 
0.170386 
0.167997 
0.180738 
0.166516 
0.157686 
0.183059 
0.189901 
0.193863 
0.188210 
0.179674 
0.175972 
0.171638 
0.179840 
0.180743 
0.186006 
0.178369 
0.177296 
0.174057 
0.169792 
0.184183 
0.187140 
0.188862 
0.179617 
0.187325 
0.192715 
0.191324 
0.194494 
0.181066 
0.173406 
0.180757 
0.185604 
0.185312 
0.184508 
0.184464 
0.171913 
0.163843 
0.169811 
0.170253 
0.173411 
0.162369 
0.160975 
0.145842 
0.145722 
0.147098 
0.145751 
0.150776 
0.137818 
0.145960 
0.132919 
0.140280 
0.127022 
0.129045 
0.112780 
0.105276 
0.076175 
0.055908 
0.040037 
0.030599 
0.027288 
0.023186 
0.024910 
0.022351 
0.019213 
0.018545 
0.017023 
0.014970 
0.013321 
0.012821 
0.010501 
0.008125 
0.008973 
0.008168 
0.008603 
0.006961 
0.004899 
0.003784 
0.003009 
0.002858 
0.002868 
0.003446 
0.003323 
0.003394 
0.003160 
0.002902 
0.002701 
0.002314 
0.001887 
0.001650 
0.001457 
0.001419 
0.001320 
0.001123 
0.000904 
0.000710 
0.000550 
0.000454 
0.000410 
0.000313 
0.000283 
0.000357 
0.000401 
0.000409 
0.000334 
0.000304 
0.000281 
0.000332 
0.000261 
0.000211 
0.000189 
0.000182 
0.000166 
0.000192 
0.000135 
0.000101 
0.000072 
0.000053 
0.000038 
0.000031 
0.000030 
0.000030 
0.000024 
0.000017 
0.000014 
0.000027 
0.000031 
0.000027 
0.000021 
0.000015 
0.000011 
0.000008 
0.000006 
0.000004 
0.000003 
0.000002 
0.000002 
0.000001 
0.000001 
0.000001 
0.000000 
0.000000 
0.000000 
0.000000 
0.000000 
-0.000001 
0.000002 
-0.000006 
0.000052 
0.000113 
0.000080 
0.000111 
0.000169 
0.000183 
0.000125 
0.000096 
0.000059 
0.000128 
0.000292 
0.000348 
0.000336 
0.000259 
0.000181 
0.000215 
0.000239 
0.000156 
0.000167 
0.000184 
0.000268 
0.000719 
0.000861 
0.001903 
0.002225 
0.002714 
0.003157 
0.008378 
0.022552 
0.030548 
0.036180 
0.052654 
0.079754 
0.131133 
0.166078 
0.251600 
0.231202 
0.283010 
0.277356 
0.283153 
0.275379 
0.251932 
0.242453 
0.212378 
0.261606 
0.222900 
0.227656 
0.255711 
0.238883 
0.276127 
0.212944 
0.228492 
0.255792 
0.229691 
0.269160 
0.211571 
0.250416 
0.247752 
0.219226 
0.270423 
0.214898 
0.247795 
0.248668 
0.215714 
0.281976 
0.230893 
0.256982 
0.272549 
0.228922 
0.289133 
0.238437 
0.245937 
0.267091 
0.211661 
0.259114 
0.225995 
0.214195 
0.234101 
0.175316 
0.201393 
0.185438 
0.148401 
0.197026 
0.148210 
0.158556 
0.194308 
0.131260 
0.146957 
0.129693 
0.117063 
0.145132 
0.101744 
0.125733 
0.130000 
0.096750 
0.139910 
0.113782 
0.112568 
0.144043 
0.099961 
0.133506 
0.134223 
0.096195 
0.138086 
0.113575 
0.095965 
0.137734 
0.096828 
0.101086 
0.142986 
0.095903 
0.106286 
0.123945 
0.079019 
0.110366 
0.125677 
0.081338 
0.123064 
0.126926 
0.084706 
0.124197 
0.116896 
0.079906 
0.122685 
0.110037 
0.076054 
0.115864 
0.099903 
0.070866 
0.119909 
0.107174 
0.072694 
0.115417 
0.106713 
0.071171 
0.114946 
0.111734 
0.070761 
0.112828 
0.124930 
0.078737 
0.120629 
0.143837 
0.091982 
0.110302 
0.137969 
0.089453 
0.096789 
0.129026 
0.086983 
0.080899 
0.127900 
0.097283 
0.074619 
0.123959 
0.109136 
0.072024 
0.110648 
0.111372 
0.067767 
0.097258 
0.121691 
0.075408 
0.086832 
0.129512 
0.090125 
0.075435 
0.122351 
0.100131 
0.066576 
0.108119 
0.109900 
0.066319 
0.092976 
0.116384 
0.072079 
0.078105 
0.129527 
0.093910 
0.071730 
0.121842 
0.107691 
0.067725 
0.110615 
0.121848 
0.072489 
0.096633 
0.132757 
0.084443 
0.084660 
0.135227 
0.098528 
0.074933 
0.134457 
0.119583 
0.076570 
0.123313 
0.129369 
0.077183 
0.111514 
0.142109 
0.087529 
0.094827 
0.147298 
0.102383 
0.086004 
0.146722 
0.119547 
0.080712 
0.133856 
0.131681 
0.079522 
0.115803 
0.145743 
0.090317 
0.099226 
0.149135 
0.106450 
0.080869 
0.139063 
0.128273 
0.078820 
0.116749 
0.143902 
0.090590 
0.091145 
0.141110 
0.106625 
0.075318 
0.127143 
0.126537 
0.076605 
0.103116 
0.145951 
0.099054 
0.081850 
0.134119 
0.116707 
0.073968 
0.107535 
0.121948 
0.076322 
0.077055 
0.131179 
0.102467 
0.067818 
0.110508 
0.121186 
0.075375 
0.079050 
0.125087 
0.094983 
0.063707 
0.106930 
0.113805 
0.070315 
0.073322 
0.117410 
0.088715 
0.057615 
0.103023 
0.116317 
0.071438 
0.072561 
0.127218 
0.100001 
0.062898 
0.097980 
0.124201 
0.081019 
0.065568 
0.120576 
0.109321 
0.066408 
0.085517 
0.127004 
0.088627 
0.061880 
0.106751 
0.110532 
0.068496 
0.068876 
0.122635 
0.096848 
0.060581 
0.090296 
0.117982 
0.078114 
0.059758 
0.113602 
0.108636 
0.066578 
0.075496 
0.121400 
0.089721 
0.057682 
0.097740 
0.120297 
0.078204 
0.063072 
0.115684 
0.105880 
0.065457 
0.075381 
0.124601 
0.093227 
0.060378 
0.093396 
0.114809 
0.075616 
0.058816 
0.106039 
0.099051 
0.061902 
0.066039 
0.106681 
0.081109 
0.052039 
0.075230 
0.096372 
0.064994 
0.046713 
0.085307 
0.088606 
0.056811 
0.050590 
0.092903 
0.081705 
0.051569 
0.058658 
0.088882 
0.065812 
0.042188 
0.065664 
0.090369 
0.062276 
0.043033 
0.074227 
0.082010 
0.053960 
0.041750 
0.078455 
0.076149 
0.048646 
0.046281 
0.083488 
0.069909 
0.044566 
0.051124 
0.080767 
0.060179 
0.038686 
0.055713 
0.082187 
0.058334 
0.039043 
0.065924 
0.079637 
0.052886 
0.040711 
0.073963 
0.073182 
0.046660 
0.045094 
0.082919 
0.069995 
0.043540 
0.057170 
0.094623 
0.070402 
0.046247 
0.081505 
0.097592 
0.062210 
0.057906 
0.103620 
0.089881 
0.054248 
0.091608 
0.125778 
0.079901 
0.076460 
0.132993 
0.107000 
0.068354 
0.115272 
0.132018 
0.079535 
0.091276 
0.145875 
0.103364 
0.078948 
0.140445 
0.126710 
0.078174 
0.121748 
0.144966 
0.088435 
0.104276 
0.154287 
0.105491 
0.091263 
0.156155 
0.127220 
0.088220 
0.140515 
0.132798 
0.082793 
0.129412 
0.149762 
0.091754 
0.125483 
0.161757 
0.102696 
0.116042 
0.167599 
0.115548 
0.107161 
0.170425 
0.127157 
0.108815 
0.169983 
0.129227 
0.111386 
0.174355 
0.128027 
0.117694 
0.176442 
0.123379 
0.122605 
0.169395 
0.111723 
0.127330 
0.153482 
0.098374 
0.127787 
0.131202 
0.086795 
0.125606 
0.111805 
0.083337 
0.126930 
0.097658 
0.087812 
0.131346 
0.089199 
0.109997 
0.149432 
0.101024 
0.142886 
0.138705 
0.109669 
0.157922 
0.116133 
0.127959 
0.156562 
0.108993 
0.159161 
0.139275 
0.121909 
0.163761 
0.114740 
0.147688 
0.141911 
0.116011 
0.167088 
0.121093 
0.148024 
0.148955 
0.119652 
0.168495 
0.118975 
0.153509 
0.156333 
0.129228 
0.172922 
0.123571 
0.158191 
0.139676 
0.122936 
0.148090 
0.108616 
0.151400 
0.116083 
0.123090 
0.125296 
0.112142 
0.131625 
0.106846 
0.139646 
0.117890 
0.128217 
0.122203 
0.126931 
0.123562 
0.121085 
0.125380 
0.130229 
0.126613 
0.132731 
0.130548 
0.118301 
0.155055 
0.128752 
0.221434 
0.179550 
0.238744 
0.222989 
0.256336 
0.248296 
0.246344 
0.264547 
0.244402 
0.271904 
0.233665 
0.286838 
0.230846 
0.278057 
0.234884 
0.283883 
0.227335 
0.267022 
0.228543 
0.280644 
0.240131 
0.287639 
0.251614 
0.271252 
0.240480 
0.274506 
0.256752 
0.259785 
0.250415 
0.245660 
0.238714 
0.251929 
0.261856 
0.255541 
0.245282 
0.240956 
0.248957 
0.265276 
0.270695 
0.246111 
0.246423 
0.279557 
0.279833 
0.238873 
0.223826 
0.277116 
0.266563 
0.253762 
0.243342 
0.273859 
0.266217 
0.284253 
0.257052 
0.278374 
0.262457 
0.293363 
0.263632 
0.267845 
0.251150 
0.277003 
0.259253 
0.268832 
0.256757 
0.262324 
0.259680 
0.255869 
0.264269 
0.262372 
0.261866 
0.246845 
0.263147 
0.242862 
0.259574 
0.249746 
0.259520 
0.241070 
0.249872 
0.243640 
0.246353 
0.243169 
0.231581 
0.234586 
0.216883 
0.222182 
0.197717 
0.192199 
0.167868 
0.171045 
0.136173 
0.119249 
0.090086 
0.071944 
0.050507 
0.043565 
0.045541 
0.036369 
0.049542 
0.040854 
0.040748 
0.037779 
0.032216 
0.028939 
0.021373 
0.016432 
0.015465 
0.017061 
0.014691 
0.015652 
0.012128 
0.011796 
0.009013 
0.007973 
0.009035 
0.009428 
0.012557 
0.010756 
0.009530 
0.009063 
0.009469 
0.012358 
0.009181 
0.007793 
0.007599 
0.008102 
0.008084 
0.006681 
0.005179 
0.003874 
0.002947 
0.003164 
0.003536 
0.003529 
0.002918 
0.002192 
0.001565 
0.001142 
0.000826 
0.000599 
0.000434 
0.000315 
0.000228 
0.000166 
0.000120 
0.000087 
0.000063 
0.000047 
0.000036 
0.000028 
0.000022 
0.000035 
0.000123 
0.000854 
0.004220 
0.004926 
0.013893 
0.056318 
0.054669 
0.045592 
0.037143 
0.083353 
0.143869 
0.177339 
0.200489 
0.199089 
0.218277 
0.250188 
0.257895 
0.277685 
0.277800 
0.276916 
0.273990 
0.262867 
0.254419 
0.252980 
0.243279 
0.234216 
0.233569 
0.234004 
0.238181 
0.240943 
0.237687 
0.241363 
0.241426 
0.239252 
0.234871 
0.225655 
0.223103 
0.217345 
0.220439 
0.221077 
0.219641 
0.226337 
0.227166 
0.229062 
0.224238 
0.218019 
0.217378 
0.218150 
0.223990 
0.217080 
0.212733 
0.231197 
0.238805 
0.245797 
0.250705 
0.258648 
0.246368 
0.235958 
0.223988 
0.208784 
0.198790 
0.161610 
0.138644 
0.147575 
0.130484 
0.136327 
0.128253 
0.134429 
0.125744 
0.123566 
0.111143 
0.102488 
0.092429 
0.082478 
0.085700 
0.078041 
0.075551 
0.069848 
0.067485 
0.058830 
0.065062 
0.062063 
0.071630 
0.072973 
0.067742 
0.065373 
0.072871 
0.066898 
0.069543 
0.078131 
0.081605 
0.080377 
0.097293 
0.094790 
0.095709 
0.099162 
0.106600 
0.105932 
0.108460 
0.117822 
0.121923 
0.124338 
0.124519 
0.149402 
0.155663 
0.168849 
0.169067 
0.178772 
0.188356 
0.197534 
0.189466 
0.193769 
0.211719 
0.220631 
0.212645 
0.220248 
0.227601 
0.220666 
0.216210 
0.222074 
0.216225 
0.208728 
0.215504 
0.219451 
0.220729 
0.225557 
0.252522 
0.239446 
0.246763 
0.235230 
0.224752 
0.228930 
0.231380 
0.232551 
0.227059 
0.229695 
0.242185 
0.235254 
0.239198 
0.236540 
0.242720 
0.242897 
0.246833 
0.222062 
0.210845 
0.217963 
0.226366 
0.240138 
0.242012 
0.225553 
0.231689 
0.248634 
0.246762 
0.230278 
0.227503 
0.242712 
0.272639 
0.249299 
0.230049 
0.231374 
0.235630 
0.235137 
0.228027 
0.244068 
0.254394 
0.257082 
0.263906 
0.266418 
0.242985 
0.228197 
0.210174 
0.222372 
0.215808 
0.205950 
0.193042 
0.191822 
0.175222 
0.185619 
0.181671 
0.175748 
0.168877 
0.170229 
0.170207 
0.166846 
0.155308 
0.151241 
0.152395 
0.149658 
0.150892 
0.152946 
0.139465 
0.140782 
0.129761 
0.127926 
0.110906 
0.119068 
0.106751 
0.125558 
0.103736 
0.109259 
0.091740 
0.114281 
0.093281 
0.117199 
0.097889 
0.119574 
0.101915 
0.118256 
0.104855 
0.118259 
0.119400 
0.111131 
0.126207 
0.105425 
0.135483 
0.100720 
0.137100 
0.109578 
0.123301 
0.121035 
0.104433 
0.135742 
0.095454 
0.136735 
0.113121 
0.109084 
0.129300 
0.090205 
0.129150 
0.100583 
0.105959 
0.127574 
0.086104 
0.121192 
0.099428 
0.088136 
0.118023 
0.078137 
0.102006 
0.105947 
0.076681 
0.116174 
0.087421 
0.086044 
0.114039 
0.073720 
0.098779 
0.102700 
0.071520 
0.107874 
0.084817 
0.078092 
0.109106 
0.071545 
0.090846 
0.100982 
0.067466 
0.100518 
0.082920 
0.071614 
0.108798 
0.073797 
0.087646 
0.105426 
0.068580 
0.103206 
0.092703 
0.073846 
0.111083 
0.077535 
0.088938 
0.108221 
0.070944 
0.103263 
0.094204 
0.073638 
0.102166 
0.072882 
0.072036 
0.078997 
0.051801 
0.064632 
0.058030 
0.043292 
0.059947 
0.044070 
0.046791 
0.063897 
0.042121 
0.062040 
0.057554 
0.049589 
0.091379 
0.066668 
0.079244 
0.099789 
0.069076 
0.102228 
0.081460 
0.090429 
0.124735 
0.085325 
0.114426 
0.093397 
0.098919 
0.126358 
0.086878 
0.127817 
0.102321 
0.106394 
0.120564 
0.089312 
0.133734 
0.098900 
0.117711 
0.112706 
0.096997 
0.125912 
0.087780 
0.128170 
0.102200 
0.116221 
0.122485 
0.100494 
0.134839 
0.096599 
0.141491 
0.115460 
0.116040 
0.119463 
0.097445 
0.129036 
0.096652 
0.139516 
0.111621 
0.126207 
0.119947 
0.112532 
0.131340 
0.110268 
0.143240 
0.106630 
0.141799 
0.119263 
0.136488 
0.122269 
0.122517 
0.134041 
0.121186 
0.150088 
0.121728 
0.154675 
0.122797 
0.141530 
0.133506 
0.145218 
0.141196 
0.150074 
0.141197 
0.145957 
0.149345 
0.140415 
0.157352 
0.155922 
0.165624 
0.147245 
0.150002 
0.137746 
0.149748 
0.143884 
0.144133 
0.139252 
0.136658 
0.129498 
0.139677 
0.135975 
0.133125 
0.137737 
0.124635 
0.122382 
0.103016 
0.093386 
0.072410 
0.055942 
0.047435 
0.034587 
0.056963 
0.050018 
0.062210 
0.061959 
0.060791 
0.081253 
0.062923 
0.087501 
0.065776 
0.083089 
0.066179 
0.083435 
0.080221 
0.080597 
0.089384 
0.072303 
0.086817 
0.068612 
0.093536 
0.071763 
0.090472 
0.075077 
0.086140 
0.082836 
0.077903 
0.083447 
0.069715 
0.089861 
0.067961 
0.092800 
0.071540 
0.088765 
0.078300 
0.080352 
0.081616 
0.071307 
0.084775 
0.066145 
0.090984 
0.068059 
0.089384 
0.074584 
0.082159 
0.085598 
0.074357 
0.094628 
0.070949 
0.096290 
0.072845 
0.088376 
0.081627 
0.076810 
0.091670 
0.067335 
0.092836 
0.070215 
0.080809 
0.073970 
0.065630 
0.081175 
0.057375 
0.072983 
0.057491 
0.057290 
0.062539 
0.044053 
0.052839 
0.039504 
0.038365 
0.037050 
0.028212 
0.029333 
0.031488 
0.044800 
0.042109 
0.060972 
0.093973 
0.125043 
0.204773 
0.270787 
0.225028 
0.231118 
0.260294 
0.246119 
0.238169 
0.221136 
0.251816 
0.281792 
0.253284 
0.270864 
0.256468 
0.249824 
0.240265 
0.263989 
0.248263 
0.231971 
0.223140 
0.237541 
0.224756 
0.235587 
0.233111 
0.221263 
0.214346 
0.195657 
0.208401 
0.207055 
0.182591 
0.171389 
0.180157 
0.164892 
0.161241 
0.144616 
0.159519 
0.137556 
0.146432 
0.121367 
0.132871 
0.123118 
0.137996 
0.124868 
0.131355 
0.130824 
0.099347 
0.092200 
0.065640 
0.053062 
0.036462 
0.037895 
0.037863 
0.025356 
0.037594 
0.032234 
0.027022 
0.047037 
0.035424 
0.028084 
0.027338 
0.019289 
0.014145 
0.010201 
0.007643 
0.005437 
0.005445 
0.006223 
0.004443 
0.004170 
0.003907 
0.002676 
0.002959 
0.002671 
0.002367 
0.002180 
0.001743 
0.001852 
0.001306 
0.001132 
0.001029 
0.000736 
0.000767 
0.001044 
0.000816 
0.001110 
0.000880 
0.000784 
0.000600 
0.000810 
0.000851 
0.000596 
0.000492 
0.000345 
0.000253 
0.000187 
0.000110 
0.000205 
0.000091 
0.002986 
0.006665 
0.015855 
0.065140 
0.098524 
0.096234 
0.074055 
0.055527 
0.041752 
0.034961 
0.037627 
0.039407 
0.031332 
0.046085 
0.078921 
0.060243 
0.110208 
0.104578 
0.097271 
0.160607 
0.114324 
0.150680 
0.138317 
0.129503 
0.159899 
0.119092 
0.166488 
0.128411 
0.147920 
0.137529 
0.124806 
0.154885 
0.138073 
0.173946 
0.151853 
0.192870 
0.159161 
0.175841 
0.138934 
0.166124 
0.146154 
0.154089 
0.149368 
0.167082 
0.170146 
0.166159 
0.168555 
0.131027 
0.141256 
0.119754 
0.148177 
0.120471 
0.147426 
0.124298 
0.124897 
0.102652 
0.070951 
0.052955 
0.037170 
0.043439 
0.041355 
0.024287 
0.051967 
0.065829 
0.041053 
0.042706 
0.046246 
0.028853 
0.038496 
0.049302 
0.032431 
0.028530 
0.030075 
0.019151 
0.025368 
0.048558 
0.033904 
0.038550 
0.050773 
0.034729 
0.025894 
0.041335 
0.051371 
0.047082 
0.046612 
0.040289 
0.042153 
0.037605 
0.077528 
0.081361 
0.066073 
0.109790 
0.101864 
0.080252 
0.118064 
0.091694 
0.086747 
0.125264 
0.092493 
0.124968 
0.176854 
0.124266 
0.139422 
0.151985 
0.110730 
0.162585 
0.156869 
0.110419 
0.172256 
0.147440 
0.133608 
0.199010 
0.146484 
0.127773 
0.186273 
0.127367 
0.135420 
0.171038 
0.111830 
0.140721 
0.155117 
0.096255 
0.141541 
0.150935 
0.095408 
0.136565 
0.134254 
0.092614 
0.133790 
0.125124 
0.083424 
0.123586 
0.117417 
0.082445 
0.129588 
0.118497 
0.089698 
0.138298 
0.121687 
0.081438 
0.128070 
0.129523 
0.086099 
0.124571 
0.120936 
0.079666 
0.125630 
0.127082 
0.081965 
0.110971 
0.122682 
0.079090 
0.099194 
0.109652 
0.068587 
0.080953 
0.103729 
0.070918 
0.053785 
0.081731 
0.075701 
0.046662 
0.056828 
0.087406 
0.061532 
0.046638 
0.079717 
0.074199 
0.045764 
0.055710 
0.082096 
0.058874 
0.040799 
0.067112 
0.072685 
0.042727 
0.058866 
0.092430 
0.063901 
0.049407 
0.097174 
0.093035 
0.055772 
0.078353 
0.108805 
0.072809 
0.058149 
0.105281 
0.095703 
0.058094 
0.082767 
0.111449 
0.073652 
0.060803 
0.105170 
0.092909 
0.056277 
0.082970 
0.115394 
0.076768 
0.061449 
0.109772 
0.099885 
0.060762 
0.084213 
0.115325 
0.077817 
0.059806 
0.105629 
0.098667 
0.059781 
0.076905 
0.115464 
0.081998 
0.055893 
0.102243 
0.113605 
0.067566 
0.085113 
0.128271 
0.090271 
0.067332 
0.100367 
0.098795 
0.060217 
0.076965 
0.118754 
0.083870 
0.062539 
0.108109 
0.112155 
0.071606 
0.073472 
0.118511 
0.094286 
0.064848 
0.097635 
0.110035 
0.071836 
0.067466 
0.122439 
0.106908 
0.068757 
0.083714 
0.125490 
0.092174 
0.065124 
0.103812 
0.109949 
0.069505 
0.079960 
0.117888 
0.089097 
0.059763 
0.092032 
0.109393 
0.071462 
0.066261 
0.132092 
0.124382 
0.077600 
0.104833 
0.129487 
0.086665 
0.069205 
0.114466 
0.105301 
0.065350 
0.098315 
0.140693 
0.094706 
0.078329 
0.122297 
0.106072 
0.065308 
0.108603 
0.146564 
0.095604 
0.088801 
0.135120 
0.103831 
0.070099 
0.119668 
0.124072 
0.072794 
0.107758 
0.152781 
0.099174 
0.091716 
0.139811 
0.110377 
0.082816 
0.140970 
0.125117 
0.082115 
0.124606 
0.137261 
0.089123 
0.122297 
0.169878 
0.118664 
0.118216 
0.167908 
0.130497 
0.113238 
0.165277 
0.128693 
0.116964 
0.185610 
0.150140 
0.116455 
0.179654 
0.146029 
0.120080 
0.185717 
0.139308 
0.127030 
0.201289 
0.134276 
0.163124 
0.216493 
0.135269 
0.197649 
0.203244 
0.141921 
0.208498 
0.158146 
0.149388 
0.205819 
0.148934 
0.209759 
0.190787 
0.156059 
0.212939 
0.148134 
0.196110 
0.183620 
0.156685 
0.213745 
0.163923 
0.215659 
0.199744 
0.201171 
0.230077 
0.173477 
0.212560 
0.181019 
0.196237 
0.185862 
0.178696 
0.217341 
0.194059 
0.217064 
0.207604 
0.221057 
0.212491 
0.220939 
0.224610 
0.235360 
0.239733 
0.231166 
0.232714 
0.228373 
0.222212 
0.203772 
0.222987 
0.213044 
0.214227 
0.220787 
0.242797 
0.243428 
0.239954 
0.243451 
0.236734 
0.243776 
0.246982 
0.251711 
0.250439 
0.246491 
0.259089 
0.258304 
0.242098 
0.250250 
0.248663 
0.250246 
0.245769 
0.254868 
0.252100 
0.249703 
0.232445 
0.247310 
0.236769 
0.239505 
0.233992 
0.247204 
0.244836 
0.250295 
0.256078 
0.260865 
0.242496 
0.244360 
0.239380 
0.237776 
0.249264 
0.244926 
0.227452 
0.222042 
0.224506 
0.216149 
0.214278 
0.203940 
0.197111 
0.184998 
0.169539 
0.147561 
0.144005 
0.119139 
0.106934 
0.116560 
0.112113 
0.104609 
0.093957 
0.087376 
0.086953 
0.087847 
0.083161 
0.082127 
0.078544 
0.081073 
0.084905 
0.083487 
0.078360 
0.069383 
0.068865 
0.071283 
0.080396 
0.071808 
0.065308 
0.063381 
0.060751 
0.056936 
0.054672 
0.060190 
0.057405 
0.052102 
0.053317 
0.040710 
0.031348 
0.033697 
0.030421 
0.029712 
0.028867 
0.026985 
0.027002 
0.027491 
0.021902 
0.020408 
0.024189 
0.019270 
0.017706 
0.015589 
0.014342 
0.014939 
0.012035 
0.011339 
0.015757 
0.019859 
0.015558 
0.013348 
0.010133 
0.009996 
0.011025 
0.008990 
0.010054 
0.009205 
0.010389 
0.009044 
0.006722 
0.006700 
0.006152 
0.005306 
0.004329 
0.003791 
0.003205 
0.003886 
0.003706 
0.003546 
0.004506 
0.003739 
0.002768 
0.002628 
0.002296 
0.001838 
0.001396 
0.000953 
0.000975 
0.001313 
0.001102 
0.000788 
0.000578 
0.000507 
0.000423 
0.000297 
0.000219 
0.000156 
0.000135 
0.000113 
0.000117 
0.000143 
0.000159 
0.000128 
0.000097 
0.000095 
0.000112 
0.000156 
0.000554 
0.000548 
0.000388 
0.000288 
0.000209 
0.000241 
0.000219 
0.000284 
0.000375 
0.000345 
0.000273 
0.000225 
0.000301 
0.000379 
0.000450 
0.000433 
0.000330 
0.000355 
0.000395 
0.000372 
0.000545 
0.000655 
0.000549 
0.000498 
0.000520 
0.000384 
0.000319 
0.000265 
0.000341 
0.000379 
0.000297 
0.000235 
0.000159 
0.000178 
0.000231 
0.000168 
0.000122 
0.000089 
0.000065 
0.000049 
0.000036 
0.000027 
0.000027 
0.000037 
0.000037 
0.000029 
0.000025 
0.000017 
0.000013 
0.000009 
0.000007 
0.000005 
0.000004 
0.000003 
0.000002 
0.000001 
0.000001 
0.000001 
0.000001 
0.000003 
0.000002 
0.000002 
0.000001 
0.000001 
0.000000 
0.000002 
0.000003 
0.000002 
0.000001 
0.000001 
0.000001 
0.000000 
0.000000 
0.000000 
0.000000 
0.000000 
0.000001 
0.000003 
0.000002 
0.000001 
0.000001 
0.000001 
0.000001 
0.000000 
0.000000 
0.000000 
0.000000 
0.000000 
0.000000 
0.000000 
0.000000 
0.000000 
-0.000000 
0.000001 
0.000003 
0.000002 
0.000001 
0.000001 
0.000001 
0.000000 
0.000000 
0.000000 
0.000000 
0.000000 
0.000000 
0.000000 
0.000000 
0.000000 
0.000000 
0.000000 
0.000000 
-0.000000 
0.000000 
-0.000001 
0.000008 
0.000018 
0.000016 
0.000012 
0.000009 
0.000005 
0.000010 
0.000020 
0.000029 
0.000043 
0.000051 
0.000039 
0.000030 
0.000035 
0.000031 
0.000040 
0.000051 
0.000045 
0.000035 
0.000025 
0.000050 
0.000056 
0.000050 
0.000047 
0.000035 
0.000027 
0.000027 
0.000052 
0.000052 
0.000039 
0.000035 
0.000053 
0.000065 
0.000074 
0.000108 
0.000090 
0.000064 
0.000057 
0.000058 
0.000079 
0.000077 
0.000066 
0.000073 
0.000130 
0.000159 
0.000116 
0.000128 
0.000112 
0.000083 
0.000054 
0.000092 
0.000110 
0.000110 
0.000131 
0.000109 
0.000084 
0.000069 
0.000078 
0.000169 
0.000140 
0.000102 
0.000078 
0.000079 
0.000104 
0.000168 
0.000220 
0.000179 
0.000163 
0.000127 
0.000092 
0.000087 
0.000102 
0.000093 
0.000088 
0.000122 
0.000121 
0.000084 
0.000074 
0.000113 
0.000121 
0.000106 
0.000130 
0.000115 
0.000195 
0.000215 
0.000146 
0.000143 
0.000141 
0.000094 
0.000093 
0.000127 
0.000097 
0.000090 
0.000184 
0.000452 
0.001042 
0.001491 
0.001686 
0.001480 
0.001290 
0.001560 
0.002170 
0.003342 
0.004525 
0.004661 
0.005310 
0.004540 
0.004737 
0.005839 
0.006550 
0.005905 
0.006371 
0.008862 
0.009419 
0.007608 
0.010011 
0.013926 
0.014140 
0.013970 
0.014353 
0.019291 
0.024693 
0.025713 
0.028713 
0.026739 
0.021702 
0.017333 
0.016265 
0.014788 
0.013215 
0.012590 
0.013486 
0.013908 
0.011421 
0.018569 
0.025096 
0.021062 
0.018251 
0.021239 
0.022454 
0.028695 
0.036213 
0.030492 
0.032377 
0.031552 
0.030595 
0.028853 
0.034187 
0.030333 
0.033625 
0.046859 
0.046632 
0.045516 
0.046259 
0.053524 
0.050183 
0.047877 
0.051969 
0.048504 
0.059876 
0.055062 
0.051087 
0.057696 
0.047721 
0.044424 
0.033465 
0.028509 
0.035211 
0.043304 
0.053897 
0.051315 
0.051697 
0.042741 
0.036408 
0.034777 
0.045721 
0.047535 
0.040896 
0.038685 
0.040312 
0.041792 
0.049563 
0.050471 
0.057693 
0.048177 
0.036173 
0.028597 
0.024899 
0.047588 
0.064035 
0.059425 
0.056750 
0.054162 
0.048553 
0.038295 
0.037570 
0.038964 
0.034552 
0.032680 
0.030456 
0.033964 
0.029973 
0.044840 
0.052253 
0.048712 
0.044292 
0.041457 
0.041092 
0.035531 
0.032898 
0.035360 
0.038509 
0.036720 
0.038532 
0.037031 
0.035051 
0.037393 
0.044208 
0.043815 
0.048639 
0.046777 
0.038758 
0.040324 
0.045860 
0.044163 
0.042078 
0.040188 
0.037882 
0.039081 
0.041221 
0.040234 
0.037673 
0.035308 
0.051373 
0.055518 
0.047483 
0.042139 
0.039201 
0.046662 
0.041281 
0.034363 
0.042006 
0.040767 
0.031802 
0.031089 
0.030293 
0.041728 
0.056372 
0.049436 
0.056982 
0.055342 
0.046696 
0.040549 
0.043490 
0.044581 
0.043753 
0.057037 
0.062037 
0.067182 
0.057388 
0.059369 
0.071129 
0.076308 
0.069920 
0.067268 
0.096340 
0.077011 
0.066644 
0.093974 
0.066160 
0.080702 
0.101169 
0.069014 
0.108803 
0.095792 
0.089600 
0.122817 
0.084422 
0.119661 
0.140802 
0.116375 
0.157768 
0.119596 
0.122007 
0.123729 
0.100438 
0.170805 
0.148882 
0.152685 
0.171915 
0.118600 
0.142926 
0.137684 
0.114788 
0.171702 
0.132155 
0.133935 
0.168753 
0.139362 
0.143661 
0.161382 
0.118464 
0.134250 
0.159684 
0.162367 
0.146111 
0.123092 
0.131032 
0.174954 
0.141700 
0.146777 
0.182237 
0.127430 
0.108214 
0.100041 
0.083603 
0.095911 
0.105444 
0.084640 
0.146388 
0.131999 
0.105566 
0.137248 
0.104086 
0.133893 
0.134088 
0.128618 
0.163722 
0.127539 
0.135224 
0.151373 
0.121767 
0.121075 
0.132812 
0.103886 
0.136430 
0.159871 
0.131590 
0.172437 
0.148375 
0.126791 
0.150867 
0.122775 
0.151135 
0.141130 
0.132379 
0.182632 
0.140951 
0.124177 
0.148178 
0.121663 
0.156636 
0.116031 
0.117586 
0.158447 
0.140813 
0.182885 
0.164140 
0.140749 
0.161998 
0.125303 
0.136347 
0.136678 
0.134098 
0.165186 
0.126882 
0.167327 
0.157745 
0.124419 
0.124924 
0.104094 
0.140413 
0.116775 
0.179790 
0.213585 
0.182746 
0.168020 
0.158838 
0.158211 
0.173229 
0.199386 
0.137640 
0.152080 
0.120621 
0.120830 
0.099051 
0.104735 
0.099673 
0.090820 
0.077467 
0.147937 
0.137002 
0.186857 
0.159252 
0.205180 
0.218627 
0.193853 
0.176611 
0.204626 
0.183621 
0.235443 
0.234654 
0.205648 
0.194838 
0.168435 
0.151678 
0.202382 
0.170992 
0.233373 
0.210369 
0.203641 
0.185670 
0.163176 
0.143228 
0.133974 
0.103107 
0.104600 
0.103833 
0.077799 
0.113089 
0.087708 
0.081245 
0.072807 
0.048935 
0.042088 
0.042895 
0.030655 
0.040337 
0.041558 
0.025441 
0.038588 
0.049721 
0.032913 
0.032791 
0.030269 
0.020841 
0.015414 
0.011420 
0.009706 
0.006903 
0.005846 
0.004973 
0.003668 
0.003071 
0.002177 
0.001593 
0.001154 
0.000822 
0.000756 
0.000450 
0.001567 
0.002274 
0.001446 
0.001604 
0.001383 
0.001263 
0.001169 
0.000994 
0.001149 
0.000895 
0.000605 
0.000913 
0.001222 
0.000863 
0.000894 
0.000671 
0.000457 
0.000508 
0.000548 
0.000395 
0.000522 
0.000413 
0.000291 
0.000207 
0.000275 
0.000229 
0.000385 
0.000414 
0.000372 
0.000413 
0.000350 
0.000344 
0.000301 
0.000301 
0.000335 
0.000378 
0.000269 
0.000232 
0.000169 
0.000112 
0.000134 
0.000162 
0.000156 
0.000272 
0.000208 
0.000147 
0.000112 
0.000070 
0.000089 
0.000204 
0.000154 
0.000123 
0.000091 
0.000079 
0.000067 
0.000072 
0.000053 
0.000100 
0.000133 
0.000096 
0.000081 
0.000072 
0.000074 
0.000081 
0.000100 
0.000070 
0.000064 
0.000096 
0.000100 
0.000072 
0.000049 
0.000067 
0.000122 
0.000119 
0.000109 
0.000080 
0.000082 
0.000107 
0.000088 
0.000068 
0.000110 
0.000118 
0.000134 
0.000134 
0.000115 
0.000117 
0.000095 
0.000106 
0.000098 
0.000073 
0.000060 
0.000070 
0.000088 
0.000086 
0.000072 
0.000071 
0.000071 
0.000134 
0.000126 
0.000089 
0.000066 
0.000047 
0.000034 
0.000025 
0.000018 
0.000013 
0.000010 
0.000011 
0.000014 
0.000009 
0.000016 
0.000021 
0.000440 
0.001659 
0.008331 
0.005783 
0.082187 
0.218833 
0.210689 
0.182895 
0.174621 
0.130973 
0.100969 
0.085183 
0.075151 
0.073210 
0.067229 
0.064115 
0.067710 
0.080720 
0.093331 
0.103225 
0.133301 
0.143628 
0.154589 
0.174388 
0.204748 
0.220022 
0.224624 
0.245590 
0.240739 
0.245902 
0.248475 
0.287101 
0.281939 
0.278529 
0.275741 
0.255458 
0.274702 
0.262363 
0.275076 
0.265454 
0.265349 
0.258016 
0.244056 
0.259815 
0.245990 
0.237365 
0.237658 
0.237667 
0.240409 
0.230976 
0.238790 
0.222974 
0.216561 
0.215785 
0.209581 
0.214571 
0.203119 
0.206720 
0.202202 
0.203911 
0.200108 
0.189123 
0.191966 
0.179920 
0.179947 
0.173988 
0.174204 
0.172281 
0.162621 
0.167397 
0.153602 
0.153536 
0.142415 
0.143358 
0.136426 
0.128008 
0.136688 
0.127812 
0.121800 
0.109136 
0.124060 
0.110948 
0.116751 
0.102071 
0.101864 
0.088091 
0.083190 
0.073101 
0.071447 
0.059684 
0.055549 
0.043707 
0.042124 
0.033921 
0.029985 
0.028099 
0.022739 
0.018534 
0.019739 
0.019373 
0.020385 
0.020599 
0.015561 
0.016207 
0.013662 
0.009692 
0.007397 
0.009450 
0.007650 
0.005842 
0.005035 
0.004389 
0.003384 
0.003104 
0.002242 
0.001626 
0.001181 
0.000855 
0.000620 
0.000450 
0.000326 
0.000236 
0.000171 
0.000124 
0.000091 
0.000063 
0.000056 
0.000011 
0.000147 
0.000556 
0.001359 
0.003059 
0.004196 
0.004462 
0.008135 
0.043099 
0.047730 
0.056286 
0.051234 
0.037189 
0.071326 
0.091262 
0.061484 
0.053532 
0.070757 
0.054225 
0.039329 
0.028120 
0.034160 
0.037656 
0.028969 
0.033052 
0.031612 
0.024726 
0.030324 
0.074388 
0.110057 
0.125171 
0.140624 
0.150157 
0.153259 
0.156801 
0.169273 
0.177246 
0.182150 
0.186575 
0.185184 
0.171764 
0.160318 
0.151042 
0.137513 
0.119472 
0.101973 
0.075395 
0.054203 
0.039613 
0.028763 
0.026430 
0.026455 
0.023334 
0.021754 
0.022136 
0.020571 
0.017822 
0.015809 
0.014220 
0.012843 
0.010839 
0.008714 
0.007058 
0.005563 
0.004458 
0.003735 
0.003070 
0.002424 
0.002210 
0.002311 
0.002258 
0.001931 
0.001422 
0.001109 
0.000964 
0.001034 
0.001273 
0.001409 
0.001655 
0.001818 
0.001878 
0.001831 
0.001486 
0.001108 
0.000798 
0.000580 
0.000420 
0.000305 
0.000221 
0.000160 
0.000116 
0.000084 
0.000062 
0.000046 
0.000044 
0.000049 
0.000049 
0.000064 
0.000061 
0.000133 
0.000022 
0.000704 
0.004848 
0.005201 
0.027663 
0.063818 
0.056906 
0.051955 
0.044184 
0.037397 
0.109173 
0.196500 
0.247520 
0.271223 
0.308695 
0.303020 
0.307610 
0.314404 
0.318178 
0.290615 
0.292895 
0.296385 
0.284133 
0.283297 
0.284117 
0.284940 
0.266931 
0.263579 
0.244750 
0.236237 
0.246658 
0.250014 
0.249089 
0.242374 
0.226584 
0.228179 
0.238365 
0.238789 
0.251498 
0.237315 
0.211887 
0.215181 
0.201091 
0.191221 
0.209121 
0.208946 
0.213455 
0.213078 
0.211788 
0.208756 
0.203776 
0.214217 
0.218859 
0.219613 
0.219192 
0.216289 
0.211281 
0.207056 
0.208127 
0.215228 
0.211789 
0.209745 
0.209978 
0.203832 
0.206045 
0.212153 
0.223019 
0.221680 
0.214596 
0.208948 
0.204548 
0.204994 
0.205866 
0.202162 
0.197336 
0.198653 
0.201909 
0.213310 
0.219618 
0.219547 
0.216635 
0.231367 
0.238339 
0.217485 
0.224020 
0.231073 
0.237696 
0.242838 
0.247231 
0.257117 
0.253770 
0.244557 
0.251422 
0.254336 
0.257058 
0.245101 
0.240531 
0.261726 
0.264401 
0.266160 
0.277355 
0.276006 
0.268643 
0.267474 
0.266095 
0.272843 
0.262829 
0.251680 
0.252952 
0.246880 
0.252467 
0.245941 
0.242578 
0.245352 
0.240721 
0.240583 
0.234760 
0.235749 
0.234474 
0.232542 
0.243819 
0.236229 
0.231790 
0.229496 
0.225509 
0.242791 
0.237665 
0.237664 
0.247440 
0.251790 
0.254730 
0.247283 
0.249020 
0.243346 
0.240047 
0.249724 
0.247521 
0.254001 
0.248210 
0.241753 
0.240952 
0.237069 
0.235344 
0.222125 
0.212749 
0.230933 
0.220485 
0.214347 
0.209734 
0.203331 
0.207633 
0.197572 
0.195410 
0.197696 
0.195166 
0.191835 
0.181378 
0.175581 
0.174598 
0.180428 
0.172876 
0.167089 
0.173370 
0.163724 
0.177921 
0.172057 
0.181828 
0.179526 
0.174346 
0.186838 
0.174464 
0.183295 
0.173640 
0.168458 
0.177532 
0.180192 
0.173780 
0.161276 
0.173598 
0.166257 
0.178049 
0.175355 
0.174154 
0.179505 
0.170203 
0.189759 
0.180543 
0.176954 
0.176371 
0.185352 
0.180382 
0.173621 
0.176601 
0.166945 
0.170086 
0.167362 
0.178506 
0.172686 
0.167581 
0.176944 
0.171652 
0.190451 
0.186483 
0.191470 
0.182012 
0.183109 
0.192203 
0.193707 
0.205914 
0.199332 
0.203747 
0.192133 
0.209191 
0.188111 
0.182373 
0.155508 
0.141336 
0.109045 
0.088517 
0.063112 
0.048230 
0.032860 
0.032046 
0.032394 
0.031241 
0.032990 
0.028176 
0.025771 
0.024453 
0.024065 
0.018417 
0.014284 
0.017920 
0.018728 
0.019726 
0.018255 
0.016398 
0.016714 
0.018288 
0.022599 
0.027464 
0.024690 
0.028451 
0.030932 
0.044166 
0.050200 
0.058224 
0.065695 
0.065030 
0.083728 
0.094053 
0.111189 
0.105290 
0.115166 
0.114353 
0.130177 
0.111062 
0.115975 
0.106101 
0.124438 
0.110724 
0.124213 
0.118815 
0.136596 
0.110726 
0.126178 
0.121152 
0.142291 
0.132997 
0.140046 
0.137250 
0.151369 
0.139199 
0.142618 
0.142636 
0.162599 
0.155546 
0.151387 
0.152898 
0.160643 
0.160458 
0.177456 
0.177969 
0.183482 
0.182323 
0.175128 
0.168769 
0.159500 
0.155833 
0.160223 
0.151498 
0.159854 
0.166618 
0.161799 
0.154276 
0.160807 
0.157699 
0.152163 
0.148123 
0.141767 
0.146205 
0.154571 
0.138356 
0.142428 
0.143380 
0.144833 
0.133823 
0.127887 
0.118773 
0.110313 
0.108781 
0.102626 
0.100274 
0.100608 
0.095118 
0.089404 
0.082448 
0.079100 
0.078988 
0.069158 
0.068156 
0.065759 
0.067399 
0.063566 
0.065426 
0.063351 
0.067033 
0.066292 
0.067182 
0.062820 
0.069159 
0.064364 
0.075096 
0.069941 
0.075438 
0.067357 
0.074933 
0.065996 
0.072700 
0.064392 
0.074521 
0.065206 
0.073147 
0.062992 
0.072273 
0.062981 
0.070452 
0.062992 
0.070373 
0.063123 
0.071970 
0.064801 
0.073113 
0.064314 
0.073539 
0.068106 
0.073064 
0.065251 
0.068755 
0.063604 
0.063080 
0.062548 
0.066682 
0.065431 
0.069344 
0.067428 
0.065129 
0.064277 
0.064590 
0.064664 
0.059986 
0.065069 
0.063870 
0.066727 
0.065784 
0.068981 
0.066241 
0.068346 
0.063004 
0.069529 
0.064768 
0.070990 
0.064322 
0.070914 
0.066947 
0.072694 
0.066551 
0.071884 
0.066729 
0.070347 
0.065321 
0.071615 
0.068515 
0.070873 
0.065045 
0.066865 
0.065069 
0.068499 
0.069042 
0.069567 
0.069022 
0.065090 
0.065945 
0.063094 
0.067142 
0.066131 
0.075923 
0.068789 
0.075285 
0.066437 
0.074292 
0.063508 
0.071514 
0.062342 
0.077827 
0.064038 
0.074332 
0.063432 
0.078009 
0.065381 
0.077666 
0.066675 
0.078225 
0.066357 
0.081290 
0.070334 
0.088221 
0.080794 
0.093453 
0.086005 
0.093830 
0.084004 
0.094725 
0.088637 
0.083235 
0.070350 
0.077064 
0.075755 
0.074704 
0.084228 
0.081802 
0.103725 
0.084252 
0.093306 
0.086227 
0.112391 
0.137495 
0.191570 
0.249451 
0.286841 
0.254780 
0.247148 
0.279176 
0.328309 
0.328405 
0.320678 
0.287590 
0.308084 
0.289852 
0.303829 
0.308872 
0.311814 
0.308493 
0.304294 
0.300041 
0.314869 
0.311208 
0.308279 
0.318197 
0.331488 
0.331910 
0.322835 
0.323783 
0.309216 
0.312129 
0.312933 
0.307533 
0.296323 
0.289645 
0.287894 
0.289855 
0.294341 
0.298094 
0.287007 
0.293401 
0.285988 
0.273421 
0.272888 
0.272842 
0.268452 
0.261586 
0.247915 
0.249581 
0.256460 
0.239262 
0.230325 
0.226298 
0.230416 
0.237762 
0.244298 
0.233968 
0.222504 
0.253234 
0.255899 
0.241288 
0.220045 
0.226650 
0.228539 
0.231127 
0.225167 
0.222919 
0.216787 
0.199940 
0.204289 
0.203686 
0.196804 
0.189138 
0.205084 
0.199997 
0.190947 
0.183375 
0.170812 
0.171780 
0.151808 
0.147188 
0.149255 
0.150117 
0.136180 
0.123875 
0.127955 
0.114141 
0.096563 
0.080667 
0.068906 
0.062336 
0.054485 
0.047160 
0.049502 
0.049375 
0.046072 
0.047301 
0.053615 
0.052615 
0.059142 
0.067418 
0.073389 
0.096401 
0.096032 
0.114131 
0.136997 
0.175759 
0.181504 
0.192645 
0.202400 
0.205788 
0.205474 
0.208184 
0.232440 
0.228152 
0.225158 
0.234888 
0.238259 
0.231539 
0.224905 
0.230927 
0.225537 
0.213096 
0.210169 
0.212897 
0.224840 
0.227576 
0.230587 
0.225631 
0.219977 
0.220431 
0.224886 
0.213767 
0.206083 
0.212805 
0.216637 
0.219743 
0.211053 
0.205051 
0.203904 
0.205408 
0.208748 
0.205734 
0.191840 
0.182252 
0.215807 
0.210258 
0.204095 
0.206490 
0.210568 
0.204256 
0.193250 
0.194753 
0.181348 
0.188959 
0.180402 
0.169417 
0.176548 
0.173419 
0.173586 
0.175521 
0.178944 
0.173833 
0.174403 
0.168879 
0.160994 
0.170342 
0.161486 
0.155035 
0.163857 
0.162919 
0.163163 
0.164512 
0.168079 
0.162689 
0.162677 
0.149658 
0.137233 
0.145136 
0.131018 
0.123240 
0.108520 
0.095499 
0.088977 
0.077663 
0.066200 
0.052389 
0.039083 
0.029051 
0.029477 
0.024514 
0.029827 
0.029317 
0.033134 
0.032087 
0.037111 
0.035504 
0.040501 
0.038499 
0.044702 
0.043996 
0.046037 
0.047168 
0.049293 
0.050405 
0.047650 
0.057366 
0.054721 
0.059922 
0.055636 
0.064031 
0.057444 
0.065140 
0.059435 
0.066513 
0.060979 
0.067701 
0.064558 
0.069386 
0.068305 
0.072177 
0.071447 
0.070719 
0.071812 
0.067725 
0.073800 
0.068521 
0.075410 
0.068329 
0.079958 
0.072481 
0.077527 
0.067289 
0.078540 
0.068673 
0.077339 
0.067148 
0.073022 
0.063996 
0.072276 
0.063518 
0.070229 
0.062311 
0.067355 
0.059472 
0.063449 
0.055851 
0.057279 
0.051044 
0.052142 
0.045412 
0.044781 
0.038965 
0.038210 
0.031871 
0.030101 
0.024533 
0.022597 
0.019415 
0.019485 
0.017388 
0.019572 
0.017651 
0.020649 
0.017934 
0.021177 
0.017405 
0.018429 
0.015788 
0.017504 
0.015276 
0.016766 
0.015852 
0.017460 
0.017019 
0.020587 
0.021098 
0.021086 
0.022800 
0.024153 
0.042228 
0.073593 
0.069411 
0.165640 
0.213288 
0.254654 
0.285436 
0.250962 
0.262700 
0.267531 
0.291828 
0.317112 
0.324430 
0.314311 
0.321806 
0.321647 
0.325001 
0.337477 
0.333634 
0.310504 
0.315076 
0.323794 
0.321555 
0.324199 
0.299346 
0.297381 
0.295978 
0.301236 
0.277304 
0.306182 
0.244581 
0.274494 
0.223860 
0.260679 
0.250019 
0.262677 
0.268230 
0.245806 
0.232403 
0.222738 
0.250939 
0.237721 
0.226329 
0.202844 
0.207566 
0.233837 
0.209890 
0.219978 
0.194840 
0.203088 
0.195929 
0.219375 
0.217169 
0.222203 
0.234962 
0.207076 
0.230049 
0.214038 
0.221242 
0.215811 
0.234052 
0.220785 
0.215092 
0.216242 
0.216507 
0.221270 
0.212813 
0.208883 
0.208084 
0.221795 
0.216241 
0.234349 
0.235517 
0.223558 
0.214786 
0.223970 
0.220021 
0.219823 
0.218136 
0.211323 
0.220153 
0.210132 
0.228241 
0.226077 
0.239468 
0.234801 
0.241686 
0.232903 
0.231969 
0.237269 
0.234473 
0.245915 
0.236591 
0.251334 
0.230346 
0.252572 
0.240292 
0.243032 
0.231010 
0.241247 
0.236808 
0.229966 
0.238935 
0.212336 
0.240031 
0.216039 
0.243858 
0.221861 
0.235377 
0.213052 
0.239935 
0.242256 
0.227262 
0.219475 
0.202495 
0.230665 
0.203813 
0.231634 
0.192759 
0.235694 
0.205607 
0.228668 
0.215534 
0.216158 
0.216843 
0.202480 
0.211227 
0.184865 
0.214232 
0.176956 
0.223370 
0.188121 
0.217891 
0.184250 
0.211867 
0.191517 
0.205921 
0.204894 
0.208540 
0.211822 
0.205245 
0.231096 
0.207671 
0.222897 
0.196058 
0.231299 
0.194671 
0.237371 
0.198968 
0.236053 
0.187846 
0.236340 
0.209873 
0.234600 
0.206714 
0.233571 
0.218299 
0.225997 
0.211128 
0.221670 
0.232843 
0.226350 
0.244893 
0.219314 
0.240806 
0.211153 
0.237581 
0.206939 
0.248108 
0.207293 
0.237270 
0.199679 
0.252375 
0.210688 
0.260842 
0.213895 
0.248822 
0.207089 
0.255831 
0.211215 
0.245214 
0.204591 
0.254421 
0.214871 
0.252714 
0.214754 
0.267003 
0.227251 
0.252137 
0.214947 
0.252603 
0.219108 
0.266746 
0.229255 
0.262339 
0.225987 
0.278754 
0.238947 
0.277264 
0.238071 
0.278791 
0.244975 
0.289239 
0.254291 
0.290074 
0.261049 
0.303675 
0.265808 
0.277809 
0.261333 
0.290663 
0.273890 
0.287380 
0.272536 
0.283517 
0.275515 
0.260107 
0.271839 
0.261346 
0.281770 
0.267827 
0.292191 
0.270602 
0.281943 
0.251960 
0.297313 
0.266275 
0.308414 
0.270410 
0.287371 
0.260081 
0.302117 
0.269696 
0.282589 
0.265798 
0.276829 
0.280354 
0.291423 
0.287993 
0.280540 
0.290527 
0.273517 
0.288826 
0.261908 
0.290443 
0.263417 
0.300107 
0.267513 
0.289852 
0.262152 
0.290117 
0.272310 
0.293521 
0.282889 
0.297728 
0.282392 
0.271636 
0.289493 
0.276597 
0.297308 
0.275449 
0.294457 
0.265672 
0.297731 
0.268019 
0.292169 
0.267451 
0.289993 
0.277309 
0.288414 
0.290445 
0.293103 
0.297853 
0.283350 
0.298008 
0.274406 
0.295835 
0.273603 
0.309392 
0.289163 
0.305259 
0.296455 
0.305255 
0.301019 
0.291676 
0.296676 
0.277397 
0.301706 
0.281601 
0.307351 
0.290052 
0.297348 
0.294953 
0.296097 
0.299735 
0.286613 
0.307409 
0.289676 
0.296066 
0.289689 
0.308035 
0.296213 
0.285200 
0.289614 
0.273572 
0.274230 
0.262959 
0.275867 
0.260750 
0.247447 
0.252520 
0.239267 
0.252539 
0.246575 
0.249610 
0.249848 
0.242204 
0.239059 
0.237847 
0.231641 
0.228511 
0.221968 
0.214876 
0.202832 
0.194341 
0.188929 
0.187465 
0.184838 
0.190619 
0.178531 
0.166796 
0.172087 
0.176178 
0.179995 
0.188898 
0.190196 
0.188366 
0.185138 
0.181746 
0.179849 
0.175156 
0.174312 
0.175083 
0.174977 
0.172361 
0.168330 
0.164312 
0.168654 
0.160495 
0.149931 
0.148904 
0.149851 
0.152479 
0.153213 
0.157034 
0.134696 
0.130465 
0.142801 
0.146869 
0.145297 
0.144502 
0.139685 
0.136149 
0.139433 
0.161233 
0.184027 
0.195843 
0.190919 
0.198279 
0.202494 
0.199851 
0.204715 
0.231019 
0.193994 
0.182078 
0.178080 
0.173728 
0.161918 
0.135427 
0.117805 
0.107857 
0.095469 
0.085984 
0.079171 
0.075411 
0.073104 
0.060473 
0.050718 
0.037734 
0.031341 
0.036774 
0.029564 
0.027720 
0.022797 
0.017173 
0.018020 
0.016181 
0.019520 
0.022470 
0.018139 
0.020201 
0.018458 
0.015675 
0.014126 
0.013852 
0.013969 
0.010370 
0.010863 
0.012868 
0.013310 
0.012455 
0.011240 
0.011301 
0.013424 
0.011502 
0.010164 
0.010637 
0.008918 
0.009081 
0.008366 
0.006996 
0.006469 
0.005674 
0.006485 
0.006463 
0.006874 
0.007302 
0.006049 
0.005975 
0.005242 
0.004522 
0.005056 
0.005639 
0.005657 
0.004646 
0.005047 
0.004571 
0.003652 
0.003592 
0.002698 
0.002482 
0.003308 
0.003522 
0.002736 
0.002457 
0.002502 
0.002072 
0.001752 
0.001626 
0.001699 
0.001361 
0.000993 
0.000822 
0.000881 
0.000706 
0.000573 
0.000476 
0.000350 
0.000431 
0.000388 
0.000333 
0.000318 
0.000544 
0.000475 
0.000428 
0.000441 
0.000292 
0.000258 
0.000260 
0.000193 
0.000141 
0.000105 
0.000076 
0.000055 
0.000101 
0.000124 
0.000103 
0.000088 
0.000071 
0.000069 
0.000061 
0.000078 
0.000359 
0.000364 
0.000250 
0.000188 
0.000135 
0.000096 
0.000089 
0.000084 
0.000071 
0.000066 
0.000065 
0.000060 
0.000052 
0.000048 
0.000044 
0.000096 
0.000131 
0.000107 
0.000084 
0.000061 
0.000045 
0.000072 
0.000084 
0.000167 
0.000225 
0.000157 
0.000114 
0.000092 
0.000078 
0.000060 
0.000083 
0.000071 
0.000050 
0.000035 
0.000040 
0.000057 
0.000041 
0.000032 
0.000025 
0.000018 
0.000013 
0.000010 
0.000007 
0.000005 
0.000004 
0.000003 
0.000002 
0.000001 
0.000001 
0.000001 
0.000001 
0.000000 
0.000000 
0.000000 
0.000000 
0.000000 
0.000000 
0.000000 
0.000000 
0.000000 
0.000000 
0.000000 
0.000000 
0.000000 
