[ASCII 1000Hz, Channels: 1, Samples: 4416, Flags: 0]                          
0.000000 
0.000000 
0.000000 
0.000000 
0.000000 
0.000000 
0.000000 
0.000000 
0.000000 
0.000000 
0.000000 
0.000000 
0.000000 
0.000000 
0.000000 
0.000000 
0.000000 
0.000000 
0.000000 
0.000000 
-0.000000 
0.000000 
-0.000000 
0.000000 
-0.000000 
0.000000 
0.000004 
0.000004 
0.000003 
0.000002 
0.000001 
0.000001 
0.000001 
0.000001 
0.000000 
0.000000 
0.000000 
0.000000 
0.000000 
0.000000 
0.000000 
0.000000 
0.000000 
0.000000 
0.000000 
0.000000 
0.000000 
0.000000 
0.000000 
0.000000 
0.000000 
0.000000 
0.000000 
-0.000000 
0.000000 
-0.000000 
0.000000 
-0.000000 
0.000002 
0.000028 
0.000060 
0.000115 
0.000127 
0.000288 
0.000498 
0.000602 
0.000789 
0.001238 
0.001764 
0.001740 
0.003019 
0.003607 
0.002601 
0.001843 
0.001652 
0.004012 
0.004554 
0.005743 
0.006756 
0.005729 
0.008320 
0.011914 
0.012422 
0.011045 
0.012368 
0.012865 
0.008648 
0.007253 
0.006912 
0.008803 
0.013211 
0.017921 
0.024684 
0.020338 
0.019261 
0.021714 
0.027510 
0.030902 
0.025811 
0.026251 
0.041787 
0.064868 
0.065587 
0.056850 
0.068461 
0.077927 
0.060073 
0.046706 
0.040428 
0.052290 
0.080172 
0.068138 
0.082980 
0.169305 
0.168661 
0.145898 
0.150359 
0.128078 
0.108673 
0.106928 
0.219615 
0.264694 
0.193068 
0.215047 
0.247482 
0.185709 
0.160193 
0.200611 
0.216632 
0.178965 
0.164222 
0.203153 
0.208905 
0.165226 
0.179168 
0.224340 
0.186553 
0.177372 
0.202637 
0.179398 
0.156536 
0.193425 
0.140462 
0.124265 
0.177140 
0.173975 
0.151855 
0.229534 
0.213930 
0.200148 
0.278645 
0.272833 
0.211966 
0.244248 
0.242433 
0.217773 
0.278269 
0.239528 
0.220790 
0.302756 
0.246926 
0.198675 
0.175670 
0.147689 
0.250074 
0.283775 
0.235866 
0.287047 
0.258124 
0.204798 
0.189105 
0.165192 
0.186165 
0.169463 
0.151189 
0.196789 
0.183379 
0.167472 
0.198495 
0.166283 
0.165791 
0.140087 
0.140359 
0.156224 
0.106143 
0.137629 
0.122815 
0.084430 
0.066210 
0.063641 
0.053079 
0.038624 
0.070399 
0.086540 
0.061284 
0.054572 
0.069065 
0.049167 
0.037471 
0.029084 
0.020847 
0.021872 
0.019424 
0.015329 
0.012601 
0.016131 
0.013879 
0.009407 
0.008449 
0.007081 
0.004813 
0.004215 
0.006119 
0.004795 
0.003446 
0.003031 
0.003776 
0.003436 
0.002675 
0.002446 
0.003486 
0.002924 
0.002202 
0.001822 
0.001258 
0.001498 
0.001374 
0.000956 
0.000657 
0.001192 
0.004733 
0.008750 
0.016766 
0.023675 
0.063216 
0.094220 
0.124973 
0.109354 
0.081412 
0.107434 
0.126572 
0.105177 
0.109794 
0.100105 
0.082576 
0.069698 
0.081586 
0.058425 
0.110762 
0.216840 
0.170743 
0.190543 
0.219877 
0.142658 
0.188695 
0.235544 
0.189604 
0.210187 
0.277994 
0.219242 
0.198740 
0.190355 
0.134915 
0.146554 
0.205962 
0.149937 
0.182990 
0.202180 
0.202395 
0.213956 
0.166796 
0.184536 
0.182607 
0.156368 
0.173567 
0.140657 
0.159614 
0.192768 
0.149078 
0.169759 
0.157469 
0.135601 
0.210336 
0.191724 
0.212265 
0.199741 
0.165242 
0.159788 
0.123039 
0.128020 
0.143178 
0.129616 
0.193059 
0.168216 
0.176041 
0.186315 
0.128351 
0.163188 
0.141624 
0.119542 
0.145877 
0.104216 
0.144264 
0.184539 
0.129261 
0.166840 
0.189832 
0.147352 
0.149158 
0.137688 
0.133660 
0.147017 
0.144800 
0.120966 
0.130212 
0.160881 
0.161875 
0.155793 
0.204349 
0.219578 
0.181120 
0.153139 
0.167996 
0.155653 
0.143690 
0.205032 
0.175410 
0.177165 
0.193645 
0.171095 
0.177503 
0.157727 
0.154096 
0.142067 
0.144202 
0.132226 
0.144984 
0.182521 
0.195839 
0.204942 
0.209850 
0.175930 
0.150335 
0.138612 
0.173688 
0.155927 
0.139903 
0.129907 
0.113994 
0.123963 
0.116568 
0.119403 
0.155822 
0.147727 
0.148907 
0.150798 
0.149938 
0.207173 
0.202185 
0.158998 
0.200548 
0.170858 
0.194089 
0.186732 
0.149996 
0.176570 
0.170835 
0.153563 
0.166005 
0.183422 
0.177402 
0.129198 
0.125955 
0.134284 
0.179166 
0.166324 
0.148154 
0.139191 
0.139743 
0.136192 
0.128734 
0.138054 
0.116735 
0.122281 
0.170662 
0.140507 
0.122746 
0.100139 
0.090168 
0.107678 
0.093693 
0.095426 
0.097765 
0.086981 
0.097539 
0.082386 
0.107372 
0.102590 
0.094719 
0.099326 
0.083757 
0.100575 
0.078228 
0.078573 
0.094001 
0.070861 
0.081233 
0.063884 
0.062197 
0.077732 
0.051039 
0.064948 
0.074380 
0.048789 
0.059604 
0.059584 
0.043084 
0.055118 
0.054880 
0.037388 
0.050309 
0.064236 
0.041751 
0.051336 
0.072465 
0.047542 
0.062287 
0.078726 
0.051509 
0.092637 
0.095003 
0.075798 
0.116283 
0.086679 
0.093579 
0.120811 
0.080573 
0.096089 
0.107024 
0.082981 
0.113367 
0.085547 
0.113176 
0.131035 
0.095703 
0.145047 
0.108064 
0.136360 
0.143185 
0.113106 
0.159495 
0.113061 
0.151209 
0.132117 
0.136640 
0.144506 
0.117352 
0.143026 
0.107298 
0.143912 
0.110907 
0.141523 
0.125932 
0.129067 
0.131209 
0.119685 
0.144133 
0.112318 
0.154848 
0.126035 
0.170954 
0.158054 
0.174418 
0.180904 
0.165440 
0.188738 
0.161482 
0.201634 
0.182362 
0.222903 
0.204956 
0.227157 
0.219977 
0.246031 
0.238760 
0.235754 
0.225411 
0.231738 
0.228181 
0.237114 
0.227244 
0.214031 
0.205933 
0.198689 
0.199979 
0.190726 
0.198310 
0.192736 
0.205172 
0.173970 
0.199369 
0.195000 
0.197198 
0.172574 
0.199395 
0.169202 
0.172592 
0.178184 
0.204074 
0.220998 
0.215941 
0.241068 
0.211236 
0.241341 
0.227933 
0.230507 
0.236845 
0.234124 
0.234240 
0.231204 
0.225176 
0.210222 
0.201771 
0.214648 
0.186954 
0.187782 
0.163570 
0.135991 
0.140701 
0.133027 
0.125829 
0.119166 
0.117618 
0.110357 
0.112227 
0.095939 
0.108929 
0.101140 
0.111501 
0.114891 
0.114764 
0.128440 
0.102617 
0.116847 
0.091185 
0.106870 
0.102255 
0.111094 
0.124524 
0.115988 
0.145744 
0.144668 
0.153015 
0.150460 
0.156804 
0.154922 
0.171254 
0.177104 
0.178697 
0.184948 
0.169102 
0.186980 
0.174889 
0.188667 
0.200055 
0.192789 
0.212155 
0.187547 
0.219594 
0.227651 
0.211597 
0.233261 
0.244922 
0.190139 
0.241496 
0.208301 
0.208188 
0.255757 
0.214030 
0.254198 
0.231339 
0.232487 
0.277665 
0.207402 
0.245888 
0.269675 
0.200466 
0.230333 
0.246304 
0.201971 
0.232379 
0.234518 
0.193588 
0.244820 
0.223652 
0.174644 
0.235820 
0.230691 
0.187828 
0.248531 
0.236599 
0.187015 
0.243239 
0.232004 
0.182424 
0.249409 
0.247753 
0.192201 
0.245420 
0.237384 
0.198532 
0.265285 
0.242902 
0.191317 
0.260691 
0.225329 
0.209314 
0.272848 
0.206966 
0.254382 
0.277846 
0.218007 
0.233685 
0.247533 
0.257146 
0.243706 
0.237154 
0.244536 
0.242181 
0.234143 
0.223914 
0.205669 
0.219386 
0.224676 
0.197159 
0.203237 
0.216532 
0.204281 
0.201591 
0.176400 
0.205304 
0.206214 
0.182470 
0.203088 
0.169412 
0.207328 
0.209417 
0.173876 
0.197233 
0.145629 
0.176418 
0.206419 
0.142006 
0.140822 
0.159291 
0.133433 
0.151953 
0.121205 
0.095786 
0.139702 
0.136675 
0.102385 
0.166243 
0.146616 
0.107645 
0.141492 
0.126003 
0.097927 
0.183655 
0.199116 
0.161804 
0.161310 
0.121172 
0.121173 
0.159453 
0.115615 
0.119366 
0.174247 
0.138986 
0.125270 
0.159256 
0.152703 
0.106858 
0.108602 
0.132245 
0.087303 
0.112250 
0.149866 
0.105702 
0.080715 
0.138332 
0.152696 
0.126607 
0.135082 
0.179858 
0.170387 
0.132201 
0.136221 
0.111362 
0.074928 
0.076876 
0.100993 
0.108797 
0.090998 
0.107216 
0.099364 
0.065936 
0.058211 
0.110483 
0.107982 
0.090279 
0.081176 
0.092501 
0.084463 
0.056151 
0.082438 
0.118136 
0.101595 
0.076364 
0.081385 
0.087925 
0.063694 
0.045268 
0.051169 
0.077817 
0.059839 
0.045098 
0.039907 
0.048819 
0.043954 
0.032618 
0.034329 
0.040603 
0.048172 
0.035681 
0.025568 
0.027512 
0.028010 
0.023952 
0.023663 
0.022913 
0.023566 
0.021419 
0.019502 
0.014917 
0.011905 
0.012112 
0.012578 
0.013349 
0.010705 
0.008702 
0.008783 
0.006870 
0.004907 
0.003839 
0.004174 
0.004164 
0.003014 
0.002227 
0.001709 
0.001256 
0.001093 
0.001258 
0.001180 
0.001159 
0.000816 
0.000599 
0.000432 
0.000314 
0.000231 
0.000165 
0.000687 
0.000867 
0.000600 
0.000415 
0.000599 
0.001782 
0.001916 
0.002064 
0.002579 
0.002873 
0.003019 
0.004951 
0.007492 
0.007020 
0.011583 
0.009731 
0.009718 
0.013002 
0.015228 
0.016887 
0.014219 
0.016616 
0.016374 
0.014024 
0.020349 
0.019659 
0.014309 
0.016978 
0.019145 
0.014373 
0.012436 
0.014358 
0.016573 
0.011720 
0.021499 
0.026229 
0.020765 
0.028390 
0.032355 
0.035985 
0.043525 
0.041489 
0.030679 
0.027115 
0.025701 
0.021241 
0.021194 
0.018596 
0.015558 
0.022896 
0.027549 
0.030822 
0.033387 
0.025856 
0.022808 
0.030590 
0.031555 
0.022639 
0.022575 
0.027636 
0.033099 
0.033910 
0.028921 
0.024978 
0.024403 
0.024885 
0.024709 
0.023345 
0.029515 
0.028813 
0.026418 
0.023673 
0.023212 
0.019829 
0.020906 
0.018444 
0.018864 
0.017516 
0.019231 
0.028327 
0.025582 
0.025450 
0.025224 
0.021376 
0.021956 
0.026016 
0.025379 
0.023754 
0.020402 
0.018603 
0.017722 
0.019122 
0.023748 
0.021971 
0.023156 
0.024072 
0.021976 
0.019193 
0.019000 
0.021397 
0.024477 
0.024997 
0.029407 
0.024825 
0.019079 
0.019714 
0.023237 
0.022843 
0.026177 
0.019860 
0.019096 
0.026697 
0.026557 
0.022723 
0.020340 
0.019273 
0.022742 
0.023770 
0.017773 
0.013242 
0.019863 
0.028163 
0.026197 
0.023841 
0.021268 
0.020596 
0.016932 
0.015933 
0.018611 
0.019445 
0.019261 
0.021032 
0.019149 
0.016530 
0.013311 
0.014331 
0.019382 
0.018365 
0.016504 
0.016712 
0.015535 
0.019061 
0.028706 
0.026170 
0.021637 
0.016351 
0.013350 
0.013807 
0.015078 
0.013096 
0.017292 
0.023843 
0.020875 
0.016202 
0.012029 
0.008998 
0.006833 
0.005125 
0.004150 
0.004095 
0.003889 
0.003452 
0.002484 
0.001782 
0.001448 
0.001248 
0.000891 
0.001109 
0.001273 
0.000951 
0.000698 
0.000577 
0.000528 
0.000379 
0.000337 
0.000466 
0.000461 
0.000446 
0.000331 
0.000230 
0.000259 
0.000393 
0.000390 
0.000419 
0.000312 
0.000224 
0.000163 
0.000118 
0.000086 
0.000061 
0.000063 
0.000160 
0.000210 
0.000213 
0.000187 
0.000247 
0.000352 
0.000276 
0.000201 
0.000132 
0.000173 
0.000228 
0.000245 
0.000289 
0.000222 
0.000161 
0.000116 
0.000095 
0.000096 
0.000089 
0.000083 
0.000067 
0.000094 
0.000188 
0.000334 
0.000384 
0.000272 
0.000200 
0.000145 
0.000103 
0.000115 
0.000160 
0.000160 
0.000111 
0.000125 
0.000337 
0.000336 
0.000232 
0.000173 
0.000124 
0.000090 
0.000065 
0.000047 
0.000034 
0.000025 
0.000022 
0.000016 
0.000012 
0.000009 
0.000006 
0.000005 
0.000002 
0.000007 
0.000033 
0.000072 
0.000101 
0.000108 
0.000098 
0.000098 
0.000032 
0.000623 
0.000868 
0.001879 
0.006668 
0.005934 
0.051500 
0.193078 
0.186441 
0.154356 
0.232312 
0.240866 
0.161803 
0.146533 
0.244212 
0.227922 
0.151624 
0.160861 
0.263165 
0.228978 
0.153672 
0.228256 
0.284971 
0.208518 
0.171987 
0.284091 
0.277479 
0.185632 
0.233703 
0.268459 
0.183670 
0.180434 
0.275216 
0.223668 
0.164917 
0.249051 
0.253904 
0.167313 
0.211747 
0.256266 
0.178866 
0.147335 
0.166380 
0.122138 
0.094569 
0.155916 
0.144015 
0.090409 
0.133401 
0.172630 
0.110226 
0.126550 
0.158430 
0.102009 
0.113919 
0.133969 
0.083025 
0.110489 
0.145634 
0.093160 
0.100035 
0.126829 
0.082121 
0.095488 
0.132001 
0.087283 
0.087344 
0.118485 
0.077792 
0.085485 
0.129180 
0.091063 
0.076981 
0.123671 
0.094760 
0.088967 
0.138413 
0.109168 
0.079886 
0.110812 
0.107692 
0.072555 
0.107661 
0.137097 
0.098132 
0.103211 
0.144004 
0.119967 
0.087628 
0.108852 
0.104051 
0.073479 
0.095772 
0.120196 
0.111851 
0.142633 
0.139440 
0.135217 
0.117055 
0.131165 
0.146908 
0.114535 
0.123220 
0.176665 
0.162536 
0.113547 
0.093088 
0.108131 
0.137780 
0.167899 
0.150847 
0.114113 
0.093112 
0.098602 
0.134897 
0.129584 
0.094913 
0.089339 
0.099189 
0.103147 
0.086704 
0.065261 
0.084965 
0.109296 
0.100055 
0.097329 
0.085701 
0.072151 
0.071125 
0.078365 
0.081393 
0.070809 
0.060896 
0.102730 
0.137538 
0.127815 
0.107517 
0.090474 
0.093886 
0.099857 
0.098036 
0.076060 
0.066599 
0.057388 
0.051574 
0.057013 
0.050180 
0.054217 
0.062833 
0.055928 
0.051172 
0.049526 
0.048761 
0.057921 
0.058315 
0.068854 
0.075232 
0.061641 
0.054239 
0.061056 
0.054256 
0.061388 
0.072480 
0.059262 
0.048389 
0.047643 
0.052974 
0.063205 
0.069253 
0.090083 
0.087957 
0.096836 
0.094434 
0.084523 
0.077866 
0.053536 
0.056009 
0.090468 
0.096821 
0.081711 
0.076151 
0.065727 
0.053930 
0.051798 
0.063479 
0.078230 
0.059355 
0.052005 
0.048605 
0.053493 
0.053357 
0.052716 
0.055171 
0.044002 
0.052630 
0.070029 
0.082439 
0.072049 
0.075194 
0.092911 
0.095090 
0.104092 
0.108194 
0.104354 
0.100325 
0.100847 
0.086747 
0.100223 
0.090858 
0.087521 
0.068963 
0.096049 
0.135876 
0.108744 
0.103199 
0.097662 
0.080670 
0.080630 
0.078201 
0.074806 
0.063517 
0.074744 
0.080576 
0.091158 
0.159476 
0.116851 
0.143641 
0.166111 
0.133643 
0.205606 
0.155270 
0.196022 
0.174370 
0.158372 
0.160023 
0.137699 
0.195977 
0.141870 
0.176056 
0.141451 
0.155723 
0.160609 
0.163796 
0.186319 
0.161362 
0.220512 
0.166882 
0.168901 
0.168238 
0.182333 
0.190295 
0.187280 
0.191145 
0.169662 
0.209882 
0.202128 
0.204766 
0.199088 
0.202767 
0.197873 
0.201903 
0.198860 
0.187734 
0.202540 
0.199591 
0.190004 
0.172510 
0.171491 
0.176568 
0.176870 
0.180754 
0.171750 
0.207039 
0.181017 
0.198020 
0.212251 
0.179671 
0.213988 
0.172281 
0.178932 
0.184042 
0.152873 
0.174130 
0.145769 
0.126415 
0.154957 
0.119633 
0.098012 
0.095988 
0.066743 
0.054385 
0.061391 
0.041847 
0.044832 
0.068508 
0.043450 
0.052686 
0.083509 
0.054332 
0.056248 
0.089680 
0.063496 
0.054351 
0.089131 
0.069442 
0.052123 
0.089250 
0.077007 
0.051851 
0.082195 
0.078278 
0.049159 
0.078135 
0.081988 
0.049830 
0.073145 
0.082998 
0.050493 
0.070215 
0.081626 
0.049855 
0.064675 
0.078625 
0.048434 
0.065142 
0.078279 
0.048887 
0.063517 
0.071931 
0.046031 
0.069435 
0.072273 
0.048366 
0.072032 
0.063318 
0.051250 
0.092392 
0.073541 
0.071395 
0.100167 
0.070086 
0.090415 
0.105092 
0.071514 
0.092093 
0.096702 
0.076122 
0.106066 
0.090664 
0.083627 
0.099221 
0.072088 
0.092850 
0.103922 
0.078045 
0.105516 
0.093982 
0.087200 
0.116086 
0.089076 
0.099899 
0.108946 
0.082212 
0.114080 
0.106781 
0.097980 
0.138494 
0.105382 
0.123293 
0.137866 
0.103348 
0.125612 
0.107366 
0.102728 
0.154233 
0.112921 
0.136035 
0.154287 
0.111584 
0.150960 
0.157977 
0.129109 
0.179646 
0.175515 
0.148286 
0.208576 
0.188847 
0.162946 
0.213249 
0.212166 
0.167907 
0.197078 
0.221044 
0.159564 
0.187568 
0.200800 
0.163451 
0.190524 
0.177268 
0.159464 
0.195924 
0.177258 
0.152752 
0.218273 
0.204287 
0.185102 
0.241966 
0.198959 
0.169217 
0.285827 
0.249843 
0.182947 
0.272303 
0.238408 
0.176489 
0.259973 
0.223744 
0.170791 
0.242747 
0.220961 
0.176636 
0.237575 
0.207936 
0.177284 
0.252439 
0.209874 
0.183728 
0.252944 
0.213358 
0.192976 
0.255719 
0.218958 
0.202425 
0.249897 
0.206999 
0.203403 
0.256114 
0.215435 
0.213493 
0.250105 
0.214325 
0.217358 
0.262365 
0.208515 
0.201463 
0.252108 
0.210957 
0.212714 
0.259576 
0.211330 
0.209046 
0.256303 
0.203264 
0.196137 
0.237859 
0.191336 
0.189913 
0.247686 
0.180141 
0.172798 
0.244118 
0.168689 
0.153810 
0.184561 
0.155414 
0.160068 
0.112541 
0.083162 
0.074375 
0.061536 
0.041998 
0.037830 
0.033747 
0.021900 
0.028290 
0.032743 
0.023071 
0.020736 
0.024509 
0.023976 
0.016873 
0.014134 
0.019355 
0.013869 
0.011889 
0.019237 
0.014640 
0.010431 
0.010407 
0.008768 
0.006282 
0.005219 
0.004023 
0.002373 
0.004523 
0.006664 
0.004306 
0.003484 
0.003594 
0.002710 
0.001927 
0.001500 
0.001130 
0.000810 
0.000588 
0.000529 
0.000420 
0.000295 
0.000217 
0.000157 
0.000114 
0.000082 
0.000060 
0.000043 
0.000031 
0.000023 
0.000017 
0.000012 
0.000009 
0.000006 
0.000005 
0.000003 
0.000002 
0.000002 
0.000001 
0.000001 
0.000001 
0.000000 
0.000000 
0.000000 
0.000000 
0.000000 
0.000000 
0.000000 
0.000000 
0.000000 
0.000000 
0.000000 
0.000000 
0.000000 
0.000000 
0.000000 
-0.000000 
0.000001 
-0.000003 
0.000057 
0.000216 
0.000470 
0.001205 
0.001332 
0.010697 
0.046083 
0.060363 
0.066322 
0.066481 
0.058036 
0.088389 
0.070902 
0.111975 
0.175065 
0.168734 
0.255954 
0.224703 
0.221642 
0.199820 
0.231481 
0.212246 
0.207161 
0.187681 
0.216807 
0.211630 
0.245788 
0.221236 
0.229043 
0.207750 
0.219079 
0.202370 
0.223044 
0.221770 
0.233732 
0.249371 
0.222352 
0.210469 
0.218914 
0.234823 
0.219512 
0.232832 
0.195249 
0.227341 
0.192971 
0.242908 
0.223220 
0.243768 
0.234411 
0.232072 
0.246956 
0.217998 
0.252381 
0.222939 
0.283492 
0.245258 
0.274465 
0.265175 
0.250824 
0.274600 
0.244808 
0.294189 
0.241886 
0.275133 
0.263397 
0.254097 
0.273970 
0.241008 
0.291686 
0.236215 
0.277314 
0.257200 
0.254835 
0.268460 
0.222670 
0.287450 
0.242661 
0.276034 
0.269043 
0.249228 
0.285053 
0.233028 
0.290405 
0.257668 
0.260533 
0.278106 
0.235121 
0.291795 
0.258074 
0.270115 
0.262833 
0.236901 
0.293062 
0.257901 
0.292233 
0.263847 
0.250372 
0.274466 
0.228793 
0.288409 
0.262413 
0.262671 
0.289849 
0.240674 
0.298993 
0.274191 
0.271014 
0.289650 
0.241237 
0.283954 
0.241278 
0.245465 
0.264486 
0.214451 
0.261510 
0.234636 
0.213625 
0.248916 
0.200387 
0.210860 
0.220181 
0.178253 
0.201706 
0.189305 
0.171302 
0.203230 
0.161313 
0.180968 
0.213408 
0.166418 
0.192181 
0.208313 
0.177756 
0.201550 
0.201316 
0.180905 
0.183153 
0.197227 
0.184078 
0.171041 
0.191781 
0.164653 
0.151050 
0.200621 
0.168030 
0.143449 
0.189138 
0.152941 
0.120086 
0.173109 
0.154909 
0.101263 
0.123685 
0.129331 
0.080949 
0.087190 
0.110457 
0.075280 
0.057752 
0.076267 
0.064130 
0.040950 
0.053483 
0.058997 
0.039250 
0.030036 
0.041065 
0.037050 
0.025098 
0.019159 
0.021319 
0.018701 
0.013391 
0.009408 
0.017019 
0.017394 
0.011491 
0.009225 
0.007414 
0.005978 
0.004514 
0.003126 
0.004861 
0.004525 
0.003076 
0.002200 
0.002046 
0.002823 
0.001971 
0.001582 
0.002423 
0.001954 
0.001317 
0.001134 
0.001694 
0.001349 
0.001002 
0.000731 
0.000528 
0.000383 
0.000278 
0.000201 
0.000146 
0.000106 
0.000077 
0.000056 
0.000040 
0.000029 
0.000022 
0.000014 
0.000011 
0.000018 
0.000131 
0.001651 
0.001839 
0.003348 
0.000898 
0.019429 
0.058646 
0.047506 
0.047391 
0.052849 
0.062633 
0.061786 
0.052669 
0.041909 
0.034069 
0.025912 
0.023474 
0.018805 
0.016958 
0.020371 
0.022787 
0.022152 
0.022984 
0.028991 
0.025123 
0.029560 
0.027284 
0.029665 
0.028299 
0.025359 
0.038447 
0.046514 
0.037693 
0.030018 
0.029395 
0.029817 
0.038131 
0.033049 
0.046206 
0.068198 
0.044134 
0.056182 
0.097250 
0.077544 
0.054981 
0.095392 
0.130637 
0.090363 
0.088420 
0.117398 
0.099048 
0.080703 
0.123730 
0.125796 
0.085403 
0.111512 
0.151962 
0.105499 
0.093769 
0.106808 
0.075527 
0.063289 
0.102529 
0.086159 
0.057575 
0.085910 
0.117569 
0.082382 
0.080418 
0.125871 
0.097089 
0.071609 
0.092952 
0.101479 
0.075513 
0.085120 
0.102677 
0.073996 
0.057584 
0.098724 
0.104283 
0.066860 
0.074646 
0.093015 
0.065103 
0.051068 
0.093820 
0.089511 
0.056399 
0.069233 
0.088224 
0.060191 
0.048508 
0.077358 
0.069990 
0.046536 
0.040446 
0.051663 
0.040494 
0.027994 
0.025414 
0.049479 
0.047038 
0.030306 
0.029103 
0.040573 
0.030790 
0.020706 
0.026315 
0.032091 
0.019829 
0.023945 
0.040149 
0.030417 
0.019455 
0.035047 
0.044734 
0.027341 
0.029594 
0.052183 
0.040329 
0.026361 
0.051290 
0.057121 
0.034475 
0.042164 
0.066796 
0.048714 
0.038851 
0.075643 
0.067601 
0.043250 
0.066456 
0.087241 
0.062746 
0.054485 
0.104619 
0.093260 
0.058340 
0.088443 
0.115756 
0.081666 
0.062216 
0.116927 
0.131441 
0.096341 
0.094240 
0.129528 
0.128103 
0.103676 
0.127594 
0.148103 
0.131509 
0.119587 
0.142200 
0.151151 
0.134044 
0.122792 
0.143010 
0.125820 
0.111977 
0.128632 
0.145986 
0.133079 
0.113218 
0.161861 
0.174016 
0.133326 
0.120467 
0.171840 
0.163932 
0.124529 
0.168771 
0.201870 
0.150607 
0.154689 
0.203746 
0.174227 
0.144793 
0.197785 
0.197918 
0.149378 
0.178525 
0.187987 
0.137373 
0.180264 
0.205807 
0.154229 
0.152854 
0.189712 
0.154525 
0.147155 
0.171815 
0.133568 
0.125539 
0.157351 
0.126931 
0.107064 
0.112337 
0.085082 
0.075216 
0.096535 
0.073833 
0.054292 
0.074965 
0.067086 
0.043020 
0.052426 
0.065017 
0.045133 
0.036190 
0.048471 
0.042082 
0.027422 
0.034850 
0.036407 
0.023590 
0.022295 
0.035379 
0.030314 
0.021337 
0.039934 
0.038128 
0.027020 
0.048857 
0.044272 
0.037450 
0.060340 
0.048389 
0.058391 
0.078013 
0.061052 
0.083065 
0.102147 
0.078760 
0.117472 
0.111938 
0.090005 
0.150329 
0.126306 
0.124135 
0.197079 
0.146385 
0.165300 
0.204305 
0.145649 
0.187254 
0.185662 
0.139320 
0.196948 
0.163583 
0.148776 
0.192287 
0.130636 
0.169268 
0.194057 
0.127941 
0.183892 
0.161996 
0.122880 
0.189191 
0.139611 
0.133606 
0.192148 
0.122453 
0.144859 
0.188837 
0.115452 
0.148369 
0.172741 
0.109961 
0.107047 
0.106928 
0.073645 
0.059354 
0.074895 
0.060830 
0.039625 
0.046515 
0.054851 
0.037822 
0.026280 
0.032379 
0.040088 
0.028007 
0.020318 
0.016255 
0.029602 
0.025545 
0.017512 
0.013040 
0.010169 
0.008126 
0.005304 
0.006370 
0.010112 
0.007525 
0.005416 
0.004013 
0.003185 
0.002488 
0.001481 
0.003063 
0.004685 
0.003212 
0.002315 
0.002058 
0.002428 
0.001752 
0.001274 
0.000926 
0.000669 
0.000486 
0.000352 
0.000255 
0.000185 
0.000134 
0.000097 
0.000071 
0.000051 
0.000037 
0.000027 
0.000019 
0.000014 
0.000011 
0.000005 
0.000007 
0.000010 
0.000290 
0.002303 
0.003937 
0.004856 
0.004466 
0.015790 
0.028842 
0.027620 
0.050978 
0.067349 
0.064495 
0.052160 
0.039574 
0.045712 
0.044260 
0.036507 
0.025996 
0.042453 
0.088828 
0.073116 
0.107324 
0.177407 
0.129699 
0.094525 
0.170124 
0.175573 
0.109423 
0.113438 
0.180168 
0.146482 
0.116894 
0.138625 
0.169550 
0.118821 
0.083740 
0.110421 
0.137967 
0.095054 
0.064269 
0.079886 
0.118017 
0.083065 
0.059297 
0.051291 
0.113962 
0.102927 
0.070713 
0.050857 
0.047983 
0.052763 
0.037018 
0.027183 
0.020034 
0.015674 
0.011427 
0.008274 
0.005998 
0.004366 
0.003125 
0.003110 
0.005333 
0.005172 
0.003547 
0.002596 
0.004405 
0.004370 
0.002754 
0.002761 
0.003939 
0.002921 
0.002075 
0.001622 
0.001912 
0.001498 
0.001048 
0.000807 
0.000650 
0.000479 
0.000314 
0.000562 
0.000680 
0.000457 
0.000327 
0.000716 
0.000750 
0.000501 
0.000360 
0.000721 
0.000750 
0.000501 
0.000360 
0.000423 
0.000430 
0.000545 
0.000493 
0.000656 
0.001161 
0.000950 
0.000667 
0.000594 
0.000104 
0.001760 
0.001015 
0.011991 
0.078574 
0.105942 
0.080001 
0.081953 
0.085047 
0.067238 
0.048700 
0.038996 
0.047021 
0.047991 
0.043409 
0.034405 
0.024503 
0.033007 
0.044509 
0.045093 
0.044404 
0.034571 
0.034289 
0.035174 
0.030836 
0.031649 
0.032272 
0.039847 
0.040610 
0.024231 
0.046348 
0.116049 
0.094378 
0.055415 
0.125210 
0.172164 
0.114703 
0.085024 
0.154984 
0.152306 
0.096563 
0.091432 
0.157406 
0.129140 
0.081308 
0.106366 
0.160924 
0.115195 
0.079467 
0.115990 
0.135179 
0.095628 
0.067849 
0.116011 
0.117299 
0.079474 
0.056418 
0.070017 
0.089482 
0.063071 
0.045289 
0.037991 
0.062675 
0.056645 
0.039176 
0.030024 
0.041726 
0.041443 
0.027243 
0.027234 
0.055608 
0.051189 
0.034001 
0.035980 
0.080662 
0.079787 
0.050091 
0.070704 
0.100956 
0.080104 
0.052898 
0.088948 
0.128053 
0.101930 
0.068741 
0.112549 
0.146847 
0.103152 
0.072206 
0.112181 
0.136629 
0.112784 
0.075561 
0.109023 
0.145828 
0.111419 
0.079586 
0.121948 
0.156608 
0.134612 
0.095257 
0.130327 
0.158404 
0.122217 
0.085054 
0.143603 
0.169281 
0.136168 
0.099703 
0.146557 
0.169271 
0.139438 
0.106229 
0.140842 
0.162360 
0.121947 
0.085792 
0.126320 
0.152569 
0.110678 
0.088885 
0.127629 
0.160213 
0.142437 
0.122198 
0.176277 
0.176964 
0.128619 
0.115885 
0.140981 
0.150017 
0.114771 
0.129894 
0.142926 
0.132120 
0.101837 
0.141215 
0.155713 
0.100892 
0.104210 
0.152491 
0.126882 
0.085690 
0.120092 
0.149313 
0.100949 
0.099195 
0.185083 
0.172864 
0.113813 
0.128233 
0.170456 
0.118223 
0.095122 
0.176957 
0.193684 
0.128965 
0.135939 
0.188018 
0.140911 
0.098602 
0.156566 
0.169283 
0.106144 
0.107559 
0.174121 
0.134780 
0.088828 
0.127892 
0.143068 
0.095989 
0.071873 
0.069604 
0.059291 
0.041707 
0.030082 
0.044550 
0.073581 
0.061246 
0.051069 
0.083598 
0.074296 
0.049770 
0.094632 
0.114401 
0.067648 
0.091251 
0.161312 
0.121904 
0.081995 
0.145247 
0.164223 
0.102836 
0.105448 
0.171465 
0.132721 
0.090827 
0.188734 
0.211380 
0.128149 
0.161504 
0.224410 
0.148378 
0.149664 
0.239369 
0.179530 
0.136516 
0.213927 
0.183266 
0.119515 
0.216116 
0.227575 
0.140881 
0.176151 
0.199873 
0.125257 
0.156905 
0.198604 
0.122875 
0.153575 
0.244225 
0.159463 
0.171478 
0.238816 
0.166940 
0.146404 
0.199737 
0.147233 
0.126075 
0.221018 
0.178577 
0.136127 
0.208731 
0.182808 
0.122628 
0.187090 
0.197665 
0.130309 
0.162980 
0.178000 
0.112544 
0.137596 
0.180328 
0.126742 
0.118786 
0.192816 
0.163671 
0.127354 
0.158199 
0.159467 
0.112427 
0.126443 
0.182305 
0.145118 
0.105795 
0.158283 
0.154175 
0.098249 
0.112211 
0.163556 
0.116599 
0.097796 
0.145679 
0.138790 
0.096053 
0.107050 
0.158457 
0.132638 
0.095601 
0.101431 
0.096981 
0.070264 
0.079418 
0.113288 
0.088473 
0.059774 
0.082054 
0.101268 
0.067385 
0.060173 
0.090505 
0.094577 
0.071658 
0.082382 
0.106913 
0.080080 
0.058324 
0.070179 
0.082072 
0.056385 
0.051121 
0.090843 
0.096288 
0.066924 
0.068615 
0.075701 
0.056918 
0.042013 
0.067773 
0.069657 
0.048090 
0.046573 
0.066448 
0.055021 
0.035131 
0.051131 
0.069703 
0.046193 
0.045568 
0.063089 
0.051024 
0.034026 
0.046808 
0.051640 
0.032551 
0.052270 
0.084630 
0.060607 
0.044618 
0.057882 
0.049437 
0.031163 
0.048377 
0.051849 
0.032308 
0.047323 
0.060207 
0.046075 
0.058659 
0.067679 
0.046893 
0.040282 
0.045351 
0.030170 
0.030069 
0.041322 
0.028941 
0.033603 
0.044202 
0.029798 
0.027140 
0.027700 
0.019000 
0.026374 
0.036351 
0.024531 
0.022437 
0.020939 
0.014052 
0.021738 
0.020946 
0.016321 
0.024650 
0.019223 
0.015733 
0.017745 
0.013159 
0.014583 
0.014065 
0.009967 
0.011941 
0.009979 
0.008423 
0.007508 
0.006748 
0.006676 
0.004625 
0.004514 
0.004069 
0.003210 
0.004103 
0.003360 
0.003242 
0.002383 
0.001718 
0.001240 
0.000989 
0.001005 
0.000843 
0.000591 
0.000436 
0.000314 
0.000228 
0.000165 
0.000120 
0.000087 
0.000063 
0.000046 
0.000033 
0.000024 
0.000017 
0.000013 
0.000009 
0.000007 
0.000005 
0.000004 
0.000003 
0.000002 
0.000001 
0.000006 
0.000070 
0.000471 
0.001122 
0.001320 
0.001212 
0.001490 
0.002353 
0.003067 
0.002939 
0.002785 
0.002817 
0.002788 
0.005839 
0.008069 
0.010059 
0.009954 
0.009645 
0.011873 
0.010500 
0.009788 
0.009896 
0.008965 
0.007985 
0.007868 
0.009834 
0.010048 
0.009761 
0.010618 
0.013290 
0.013810 
0.013688 
0.016460 
0.015627 
0.018455 
0.019384 
0.021326 
0.031543 
0.031093 
0.034820 
0.029082 
0.034094 
0.039513 
0.033636 
0.033001 
0.024651 
0.026764 
0.027873 
0.034742 
0.034953 
0.023848 
0.020726 
0.038424 
0.061504 
0.072351 
0.058151 
0.044119 
0.033484 
0.038378 
0.061785 
0.064882 
0.058602 
0.047816 
0.043092 
0.038910 
0.037541 
0.030561 
0.022406 
0.025943 
0.024389 
0.027351 
0.026551 
0.021249 
0.020481 
0.022687 
0.023489 
0.018924 
0.020887 
0.022324 
0.018915 
0.019696 
0.025945 
0.022853 
0.018891 
0.017626 
0.019233 
0.020649 
0.018135 
0.014742 
0.018207 
0.019957 
0.017627 
0.017586 
0.016080 
0.012498 
0.014364 
0.015561 
0.011797 
0.014366 
0.016403 
0.021432 
0.021354 
0.018790 
0.021967 
0.019934 
0.021296 
0.023445 
0.027500 
0.031447 
0.023152 
0.021471 
0.022261 
0.021672 
0.027582 
0.028814 
0.028590 
0.022706 
0.020833 
0.017966 
0.018520 
0.016614 
0.012587 
0.013302 
0.019975 
0.022821 
0.017906 
0.017423 
0.019192 
0.015212 
0.015049 
0.021142 
0.025148 
0.027236 
0.042513 
0.042136 
0.050230 
0.043048 
0.031984 
0.029990 
0.054795 
0.057573 
0.102965 
0.106380 
0.241555 
0.288166 
0.270443 
0.267154 
0.285126 
0.261227 
0.269471 
0.271317 
0.254932 
0.242599 
0.273311 
0.294079 
0.305323 
0.296520 
0.288049 
0.303634 
0.291419 
0.302808 
0.279030 
0.310220 
0.300808 
0.292637 
0.263724 
0.274868 
0.255516 
0.248258 
0.222613 
0.232402 
0.228153 
0.213265 
0.235255 
0.220319 
0.257717 
0.253658 
0.237539 
0.209009 
0.196273 
0.212730 
0.194575 
0.212860 
0.222860 
0.226856 
0.216771 
0.213144 
0.212011 
0.201516 
0.225403 
0.208512 
0.227973 
0.202509 
0.204479 
0.220064 
0.203781 
0.222437 
0.208870 
0.238267 
0.207485 
0.215633 
0.207555 
0.203499 
0.243371 
0.213572 
0.235174 
0.199306 
0.226661 
0.197423 
0.194963 
0.214959 
0.181517 
0.214745 
0.169047 
0.193601 
0.171384 
0.180980 
0.201085 
0.180987 
0.199165 
0.188930 
0.201094 
0.203638 
0.209278 
0.210099 
0.192330 
0.199263 
0.188028 
0.185232 
0.178607 
0.181053 
0.217223 
0.211970 
0.200222 
0.236815 
0.187840 
0.216710 
0.212357 
0.203725 
0.238864 
0.210391 
0.242219 
0.233327 
0.227252 
0.256895 
0.227107 
0.250035 
0.246954 
0.221005 
0.262966 
0.249523 
0.240918 
0.235520 
0.205472 
0.191677 
0.155152 
0.192801 
0.202734 
0.210021 
0.199403 
0.170761 
0.182051 
0.168154 
0.171099 
0.149789 
0.180165 
0.168509 
0.148578 
0.147083 
0.150241 
0.154456 
0.177462 
0.177596 
0.174854 
0.162930 
0.160274 
0.151798 
0.131654 
0.128845 
0.114266 
0.122424 
0.100120 
0.095074 
0.070593 
0.050745 
0.036849 
0.027234 
0.032792 
0.026493 
0.023356 
0.023241 
0.016152 
0.014370 
0.011104 
0.011691 
0.014987 
0.010065 
0.008889 
0.008091 
0.006998 
0.006068 
0.003992 
0.005273 
0.006140 
0.004268 
0.003258 
0.002314 
0.001689 
0.001226 
0.000874 
0.000951 
0.000819 
0.001149 
0.001021 
0.001378 
0.001634 
0.001164 
0.000992 
0.000755 
0.000604 
0.000537 
0.000561 
0.000519 
0.000456 
0.000377 
0.000585 
0.000564 
0.000604 
0.000605 
0.000554 
0.000501 
0.000404 
0.000338 
0.000303 
0.000278 
0.000231 
0.000205 
0.000187 
0.000129 
0.000177 
0.001028 
0.001020 
0.000679 
0.000515 
0.000366 
0.000267 
0.000193 
0.000140 
0.000102 
0.000074 
0.000053 
0.000039 
0.000030 
0.000050 
0.000391 
0.000682 
0.001014 
0.003558 
0.004599 
0.011160 
0.097323 
0.145944 
0.120580 
0.094065 
0.070833 
0.058047 
0.050727 
0.035310 
0.032646 
0.039387 
0.059360 
0.074573 
0.090269 
0.109131 
0.130522 
0.119171 
0.148984 
0.133086 
0.166686 
0.158189 
0.189246 
0.202083 
0.211855 
0.211096 
0.215368 
0.218952 
0.205433 
0.234112 
0.220790 
0.237995 
0.230298 
0.244002 
0.243366 
0.258652 
0.268494 
0.261859 
0.260583 
0.242578 
0.258160 
0.241391 
0.256606 
0.251493 
0.242677 
0.249847 
0.254073 
0.265778 
0.249369 
0.251817 
0.243687 
0.260196 
0.244157 
0.247465 
0.252899 
0.255348 
0.263895 
0.262924 
0.278776 
0.258612 
0.261779 
0.250144 
0.264865 
0.246645 
0.245646 
0.241243 
0.243924 
0.243396 
0.235408 
0.244801 
0.245560 
0.261317 
0.245853 
0.255284 
0.248091 
0.265562 
0.264000 
0.270453 
0.257894 
0.247781 
0.265606 
0.258824 
0.271460 
0.262408 
0.257017 
0.254187 
0.265726 
0.252271 
0.252957 
0.257442 
0.268865 
0.245132 
0.228425 
0.242889 
0.240018 
0.248076 
0.240893 
0.263164 
0.247261 
0.263756 
0.266033 
0.262668 
0.262043 
0.274341 
0.265545 
0.268757 
0.266584 
0.269723 
0.272768 
0.253124 
0.272603 
0.266889 
0.264252 
0.240434 
0.249633 
0.252011 
0.246933 
0.239204 
0.236088 
0.239638 
0.233457 
0.242287 
0.248420 
0.256154 
0.229393 
0.217759 
0.209753 
0.211993 
0.201977 
0.203325 
0.197798 
0.202610 
0.188240 
0.183566 
0.185874 
0.174741 
0.172204 
0.169568 
0.176624 
0.167553 
0.148421 
0.123811 
0.114895 
0.092226 
0.079164 
0.063640 
0.065259 
0.061938 
0.064110 
0.060323 
0.065601 
0.060331 
0.061566 
0.055098 
0.058402 
0.053354 
0.057482 
0.053394 
0.053187 
0.054250 
0.052293 
0.054647 
0.051072 
0.056227 
0.052218 
0.056478 
0.052934 
0.056324 
0.053476 
0.054166 
0.052997 
0.051165 
0.051593 
0.060136 
0.085863 
0.074719 
0.088853 
0.089085 
0.089322 
0.099945 
0.126222 
0.154402 
0.187105 
0.205529 
0.248074 
0.258957 
0.262731 
0.262279 
0.270659 
0.257897 
0.269665 
0.257092 
0.261111 
0.256721 
0.253860 
0.238504 
0.228453 
0.230134 
0.218357 
0.212569 
0.199769 
0.200151 
0.205935 
0.207015 
0.206845 
0.208281 
0.207865 
0.205805 
0.217108 
0.211038 
0.214414 
0.208978 
0.210859 
0.217841 
0.216664 
0.215621 
0.207001 
0.206495 
0.197517 
0.207047 
0.199997 
0.199901 
0.200304 
0.202803 
0.197943 
0.184970 
0.184620 
0.186599 
0.190276 
0.175310 
0.175814 
0.172612 
0.172209 
0.163938 
0.156601 
0.152351 
0.150421 
0.144536 
0.140148 
0.122597 
0.111066 
0.094080 
0.082324 
0.092582 
0.082256 
0.084355 
0.079912 
0.083249 
0.080098 
0.079412 
0.078223 
0.079634 
0.077749 
0.074267 
0.075761 
0.070750 
0.075140 
0.070285 
0.075028 
0.070481 
0.066694 
0.062686 
0.081390 
0.080253 
0.091320 
0.089719 
0.097677 
0.114909 
0.127423 
0.183008 
0.233965 
0.239703 
0.252667 
0.243595 
0.220485 
0.237768 
0.255021 
0.260945 
0.261240 
0.266292 
0.265923 
0.260742 
0.279761 
0.272420 
0.274260 
0.272080 
0.303094 
0.293996 
0.292972 
0.281964 
0.293950 
0.303429 
0.289709 
0.300354 
0.294463 
0.302421 
0.289837 
0.297271 
0.290698 
0.282476 
0.267319 
0.275183 
0.276809 
0.265070 
0.253933 
0.249659 
0.239816 
0.213023 
0.212774 
0.205456 
0.191180 
0.182310 
0.177542 
0.161597 
0.167026 
0.154867 
0.151832 
0.141637 
0.142652 
0.149531 
0.150214 
0.133811 
0.136496 
0.137490 
0.129249 
0.121526 
0.138248 
0.130281 
0.120116 
0.109227 
0.106876 
0.094515 
0.081639 
0.068687 
0.055990 
0.053669 
0.042964 
0.033169 
0.025624 
0.025310 
0.020534 
0.018578 
0.015752 
0.013532 
0.012898 
0.012551 
0.013488 
0.012515 
0.010668 
0.008188 
0.006156 
0.004646 
0.003517 
0.003051 
0.002930 
0.002616 
0.002741 
0.002471 
0.002401 
0.002194 
0.002034 
0.001532 
0.001342 
0.001264 
0.001161 
0.001084 
0.000938 
0.000881 
0.000805 
0.000574 
0.000419 
0.000304 
0.000218 
0.000161 
0.000124 
0.000554 
0.003078 
0.006222 
0.008617 
0.008412 
0.046772 
0.056090 
0.057795 
0.079807 
0.064323 
0.052354 
0.050540 
0.050608 
0.067798 
0.084240 
0.100509 
0.135196 
0.170091 
0.222351 
0.253963 
0.296052 
0.294386 
0.290411 
0.303974 
0.286756 
0.275033 
0.261942 
0.250589 
0.229492 
0.213327 
0.199419 
0.202661 
0.192261 
0.194891 
0.192181 
0.184569 
0.178496 
0.190277 
0.199999 
0.205777 
0.196839 
0.196217 
0.204264 
0.211731 
0.217239 
0.220465 
0.226877 
0.247987 
0.252617 
0.241325 
0.234033 
0.234795 
0.230498 
0.216355 
0.204810 
0.201087 
0.211090 
0.203297 
0.191798 
0.198219 
0.188420 
0.179519 
0.169225 
0.156507 
0.149862 
0.133701 
0.123784 
0.090348 
0.067166 
0.048726 
0.037599 
0.028522 
0.022226 
0.018790 
0.016451 
0.018527 
0.022874 
0.023454 
0.022346 
0.021996 
0.022513 
0.023828 
0.022794 
0.023748 
0.023240 
0.023284 
0.025895 
0.022500 
0.019548 
0.024756 
0.028486 
0.028852 
0.026522 
0.026953 
0.028997 
0.031020 
0.030391 
0.028453 
0.028093 
0.030834 
0.032402 
0.030693 
0.030354 
0.030756 
0.033330 
0.035084 
0.036915 
0.037303 
0.037355 
0.037511 
0.037020 
0.034973 
0.035641 
0.036605 
0.041272 
0.043936 
0.048100 
0.049727 
0.071565 
0.094433 
0.123395 
0.159874 
0.211224 
0.256294 
0.265351 
0.260882 
0.228685 
0.251394 
0.287312 
0.246534 
0.240806 
0.256513 
0.252297 
0.248869 
0.271482 
0.269148 
0.259494 
0.270404 
0.270026 
0.264692 
0.256760 
0.256058 
0.252076 
0.251142 
0.261954 
0.263689 
0.247148 
0.243618 
0.238943 
0.237851 
0.240725 
0.233347 
0.231644 
0.239079 
0.227849 
0.234267 
0.233467 
0.230979 
0.239503 
0.232730 
0.223391 
0.228830 
0.227831 
0.220339 
0.222758 
0.218635 
0.207946 
0.201370 
0.185383 
0.178007 
0.171678 
0.161561 
0.154686 
0.142778 
0.126061 
0.119653 
0.117187 
0.111633 
0.101236 
0.096596 
0.087820 
0.078371 
0.064366 
0.059059 
0.048930 
0.041457 
0.041529 
0.035848 
0.033339 
0.030783 
0.031133 
0.030366 
0.029545 
0.027644 
0.024018 
0.022301 
0.020117 
0.018976 
0.015401 
0.014681 
0.014070 
0.019608 
0.018494 
0.019486 
0.018172 
0.018769 
0.021334 
0.021733 
0.026619 
0.027682 
0.034304 
0.037976 
0.045145 
0.051230 
0.059053 
0.067206 
0.074603 
0.080837 
0.096065 
0.114788 
0.114150 
0.127515 
0.165410 
0.180707 
0.185347 
0.207238 
0.206660 
0.196309 
0.186162 
0.175419 
0.173167 
0.166817 
0.156847 
0.148495 
0.149682 
0.146279 
0.146451 
0.157147 
0.148638 
0.153629 
0.150637 
0.156668 
0.143898 
0.148448 
0.147300 
0.139240 
0.150021 
0.150139 
0.174198 
0.160672 
0.148731 
0.159209 
0.169073 
0.168808 
0.176313 
0.172338 
0.162953 
0.165195 
0.167209 
0.160341 
0.163348 
0.170233 
0.177234 
0.170697 
0.177041 
0.162091 
0.168844 
0.168659 
0.163436 
0.151406 
0.163797 
0.173323 
0.176048 
0.166189 
0.168598 
0.184292 
0.181806 
0.175011 
0.167631 
0.180188 
0.179042 
0.213340 
0.199297 
0.197153 
0.195075 
0.202365 
0.196545 
0.179812 
0.182570 
0.183960 
0.179731 
0.167448 
0.176970 
0.174762 
0.193115 
0.171178 
0.172238 
0.154116 
0.166382 
0.162497 
0.152598 
0.163086 
0.133403 
0.156017 
0.120833 
0.135101 
0.105716 
0.143608 
0.120139 
0.135510 
0.118880 
0.125909 
0.122454 
0.118574 
0.143109 
0.115306 
0.138566 
0.103805 
0.143869 
0.116041 
0.128057 
0.122866 
0.112597 
0.137315 
0.100012 
0.132934 
0.101261 
0.114142 
0.111294 
0.094822 
0.132358 
0.094281 
0.125988 
0.107270 
0.099523 
0.121291 
0.085203 
0.120941 
0.096042 
0.101764 
0.116780 
0.082533 
0.119778 
0.091627 
0.103281 
0.116801 
0.083285 
0.127730 
0.098002 
0.107742 
0.124415 
0.091340 
0.135245 
0.099731 
0.119559 
0.133898 
0.096912 
0.141300 
0.105097 
0.123847 
0.130777 
0.101682 
0.148524 
0.105723 
0.130590 
0.129952 
0.109842 
0.146347 
0.101399 
0.136262 
0.115510 
0.111468 
0.140429 
0.099396 
0.136665 
0.107919 
0.104251 
0.113156 
0.078351 
0.072965 
0.051099 
0.048118 
0.067337 
0.046318 
0.045083 
0.045812 
0.034063 
0.061875 
0.054109 
0.063874 
0.093857 
0.068330 
0.096993 
0.094644 
0.087626 
0.147005 
0.141780 
0.211364 
0.213885 
0.211694 
0.227964 
0.208120 
0.226191 
0.209476 
0.244199 
0.229421 
0.251710 
0.226959 
0.250866 
0.257930 
0.261712 
0.270466 
0.270354 
0.270620 
0.277789 
0.288698 
0.270315 
0.267908 
0.248623 
0.236287 
0.213227 
0.224793 
0.205809 
0.209712 
0.194404 
0.209278 
0.182808 
0.221210 
0.202570 
0.211357 
0.209711 
0.200853 
0.195338 
0.198941 
0.194641 
0.199433 
0.184920 
0.201006 
0.201443 
0.193595 
0.190965 
0.181132 
0.188937 
0.184896 
0.206105 
0.188356 
0.178706 
0.172520 
0.170701 
0.175675 
0.186773 
0.189117 
0.186449 
0.177411 
0.175300 
0.172959 
0.164391 
0.157328 
0.148837 
0.145506 
0.136393 
0.152105 
0.172633 
0.163033 
0.153302 
0.149391 
0.140383 
0.141784 
0.142417 
0.131650 
0.119762 
0.120485 
0.118076 
0.118106 
0.113099 
0.112221 
0.109288 
0.100198 
0.089067 
0.073235 
0.057734 
0.048247 
0.043069 
0.049546 
0.044226 
0.056760 
0.049021 
0.061452 
0.050096 
0.058681 
0.048394 
0.055563 
0.046854 
0.057099 
0.049587 
0.063526 
0.055183 
0.061242 
0.053735 
0.066373 
0.059402 
0.064943 
0.057309 
0.066920 
0.059342 
0.066432 
0.059084 
0.065228 
0.059608 
0.063428 
0.057922 
0.060795 
0.055997 
0.058670 
0.055254 
0.055303 
0.052290 
0.052701 
0.053565 
0.049207 
0.049474 
0.045379 
0.049222 
0.041440 
0.047987 
0.038328 
0.044502 
0.034289 
0.039863 
0.030911 
0.035967 
0.029360 
0.031068 
0.028487 
0.025710 
0.026960 
0.022057 
0.025490 
0.019607 
0.021514 
0.016285 
0.014537 
0.009344 
0.022930 
0.023630 
0.026844 
0.041521 
0.038752 
0.052806 
0.063957 
0.113751 
0.135780 
0.143096 
0.184796 
0.185325 
0.192143 
0.173294 
0.141362 
0.180858 
0.181208 
0.172949 
0.157009 
0.193286 
0.187441 
0.180626 
0.175839 
0.181186 
0.196392 
0.197267 
0.213550 
0.203693 
0.203995 
0.197379 
0.213579 
0.210883 
0.230611 
0.202181 
0.245978 
0.222884 
0.245581 
0.229985 
0.235983 
0.206455 
0.206640 
0.204113 
0.212233 
0.218814 
0.195451 
0.189982 
0.168342 
0.176405 
0.173129 
0.186390 
0.159367 
0.167762 
0.211469 
0.193376 
0.222230 
0.212783 
0.193016 
0.175450 
0.186840 
0.216390 
0.195565 
0.229757 
0.213611 
0.215531 
0.207929 
0.201470 
0.214506 
0.179192 
0.194021 
0.176809 
0.146339 
0.143285 
0.128396 
0.147749 
0.134610 
0.135273 
0.125295 
0.110911 
0.133804 
0.114620 
0.108326 
0.114754 
0.091025 
0.100855 
0.089207 
0.107660 
0.113818 
0.094719 
0.117689 
0.102254 
0.099656 
0.116009 
0.086152 
0.093551 
0.090852 
0.074599 
0.099060 
0.079374 
0.080002 
0.087683 
0.064951 
0.086896 
0.077591 
0.076153 
0.097817 
0.074588 
0.082209 
0.077240 
0.066745 
0.091824 
0.071755 
0.070001 
0.087444 
0.062749 
0.085974 
0.098173 
0.068171 
0.091200 
0.096014 
0.073969 
0.101704 
0.102216 
0.080220 
0.107952 
0.110860 
0.085525 
0.101438 
0.110727 
0.089072 
0.091120 
0.098926 
0.084414 
0.085095 
0.114103 
0.104280 
0.081721 
0.095363 
0.088832 
0.072374 
0.085419 
0.094099 
0.073515 
0.089344 
0.100673 
0.078931 
0.079639 
0.095564 
0.075821 
0.059867 
0.089092 
0.080174 
0.060830 
0.088392 
0.085598 
0.059184 
0.075598 
0.079428 
0.054587 
0.071204 
0.085200 
0.059050 
0.068618 
0.089339 
0.066795 
0.057734 
0.078208 
0.064806 
0.048321 
0.069128 
0.066193 
0.046912 
0.065487 
0.080496 
0.056559 
0.059598 
0.086519 
0.084454 
0.062955 
0.077878 
0.102202 
0.085094 
0.075978 
0.108332 
0.117755 
0.087025 
0.086445 
0.123446 
0.115057 
0.087857 
0.112913 
0.145152 
0.123026 
0.098585 
0.147455 
0.161986 
0.123471 
0.117606 
0.175195 
0.176886 
0.141448 
0.147683 
0.216535 
0.197436 
0.151774 
0.178832 
0.224320 
0.191843 
0.151184 
0.195779 
0.214234 
0.172385 
0.145207 
0.199589 
0.196623 
0.147888 
0.156315 
0.197175 
0.146677 
0.131340 
0.212215 
0.194158 
0.134435 
0.183315 
0.222761 
0.160293 
0.176989 
0.242360 
0.199327 
0.177022 
0.230212 
0.197518 
0.157921 
0.230183 
0.214333 
0.149218 
0.230949 
0.224618 
0.151868 
0.230211 
0.210821 
0.165502 
0.244081 
0.192955 
0.192935 
0.255193 
0.192236 
0.251765 
0.253781 
0.214637 
0.272650 
0.222090 
0.268554 
0.289476 
0.211920 
0.242752 
0.185977 
0.228342 
0.195316 
0.240411 
0.204340 
0.231611 
0.220440 
0.228630 
0.232489 
0.241521 
0.241165 
0.246959 
0.247160 
0.249632 
0.238173 
0.251837 
0.256234 
0.259217 
0.241923 
0.253494 
0.273365 
0.294348 
0.300610 
0.284614 
0.285023 
0.270174 
0.287307 
0.280823 
0.301890 
0.275522 
0.274411 
0.259510 
0.266513 
0.269813 
0.262649 
0.260200 
0.264498 
0.267759 
0.260161 
0.259494 
0.241475 
0.234137 
0.228087 
0.229357 
0.224172 
0.213918 
0.227205 
0.224046 
0.224342 
0.204019 
0.214972 
0.200638 
0.199546 
0.215846 
0.208319 
0.191050 
0.194056 
0.200894 
0.186892 
0.179162 
0.181847 
0.175378 
0.170974 
0.167667 
0.161904 
0.166249 
0.154337 
0.146670 
0.132390 
0.123270 
0.121480 
0.102529 
0.095395 
0.099418 
0.088856 
0.084698 
0.083991 
0.089410 
0.095302 
0.085330 
0.087267 
0.084833 
0.090592 
0.096884 
0.111173 
0.116384 
0.122425 
0.115209 
0.112424 
0.087334 
0.096437 
0.090220 
0.079326 
0.065464 
0.050199 
0.039679 
0.035849 
0.042776 
0.033887 
0.024236 
0.019936 
0.016383 
0.026000 
0.035525 
0.030997 
0.036846 
0.031522 
0.027417 
0.024637 
0.020448 
0.020260 
0.021009 
0.019458 
0.020085 
0.015667 
0.015038 
0.015278 
0.011129 
0.010243 
0.013389 
0.012641 
0.014576 
0.020750 
0.022114 
0.020420 
0.016790 
0.016041 
0.016496 
0.012591 
0.009518 
0.007512 
0.006024 
0.006643 
0.009032 
0.007253 
0.011513 
0.014850 
0.012031 
0.012332 
0.013787 
0.012760 
0.010201 
0.007780 
0.007449 
0.010108 
0.008332 
0.008096 
0.007038 
0.004825 
0.004457 
0.005157 
0.005997 
0.004639 
0.003578 
0.003723 
0.003349 
0.002787 
0.003477 
0.002913 
0.002193 
0.001890 
0.001501 
0.001918 
0.001743 
0.001346 
0.000900 
0.001076 
0.001333 
0.000893 
0.000673 
0.000526 
0.000451 
0.000418 
0.000355 
0.000378 
0.000497 
0.000389 
0.000299 
0.000250 
0.000202 
0.000145 
0.000138 
0.000136 
0.000115 
0.000094 
0.000066 
0.000049 
0.000035 
0.000027 
0.000028 
0.000027 
0.000026 
0.000029 
0.000032 
0.000030 
0.000027 
0.000020 
0.000015 
0.000011 
0.000008 
0.000006 
0.000004 
0.000003 
0.000002 
0.000002 
0.000001 
0.000001 
0.000001 
0.000000 
0.000000 
0.000000 
0.000000 
0.000000 
0.000000 
0.000000 
0.000000 
0.000000 
0.000000 
0.000000 
-0.000000 
0.000000 
0.000004 
0.000004 
0.000003 
0.000002 
0.000001 
0.000001 
0.000001 
0.000001 
0.000000 
0.000000 
0.000000 
0.000000 
0.000000 
0.000000 
0.000000 
0.000000 
0.000000 
0.000000 
0.000000 
0.000000 
0.000000 
0.000000 
0.000000 
0.000000 
0.000000 
-0.000000 
0.000000 
-0.000000 
0.000002 
0.000002 
0.000001 
0.000001 
0.000001 
0.000001 
0.000000 
0.000000 
0.000000 
0.000000 
0.000000 
0.000000 
0.000000 
0.000000 
0.000000 
0.000000 
0.000000 
0.000000 
0.000000 
0.000000 
0.000000 
0.000000 
0.000000 
0.000000 
0.000000 
0.000000 
0.000000 
0.000000 
0.000000 
0.000000 
0.000000 
0.000000 
